CH# Vset[DAC]   V[V]    dVRMS[mV] dVpp[mV]    I[A]  dIRMS[mA] dIpp[mA]   R[ohm]   T[C]   State                Timestamp
 0     250     2.8625      0.3       0.7     0.5577      3.4   12.5       5.132   30.8   0b1111111111111111    20190611T124951871382
 1     250     2.6507      1.2       3.7     2.4903      0.8    2.5       1.064   30.8   0b1111111111111111    20190611T124951871803
 2     250     2.8610      0.4       0.7     0.5537      3.4   10.8       5.167   30.8   0b1111111111111111    20190611T124951872108
 3     250     2.6546      1.1       3.8     2.4773      0.9    3.3       1.072   30.8   0b1111111111111111    20190611T124951872424
 4     250     2.8601      0.4       0.7     0.5611      2.2    7.5       5.098   30.8   0b1111111111111111    20190611T124951872716
 5     250     2.6561      1.1       3.7     2.4723      1.1    3.3       1.074   30.8   0b1111111111111111    20190611T124951873003
 6     250     2.8577      0.3       0.7     0.5599      4.1   15.8       5.104   30.8   0b1111111111111111    20190611T124951873309
 7     250     2.6385      1.1       3.0     2.4688      1.1    3.3       1.069   30.8   0b1111111111111111    20190611T124951873597
 8     250     2.8428      0.4       0.8     0.5573      3.3   12.5       5.101   30.8   0b1111111111111111    20190611T124951873878
 9     250     2.6609      1.1       3.0     2.4855      1.0    3.3       1.071   30.8   0b1111111111111111    20190611T124951874209
10     250     2.8377      0.4       0.8     0.5593      2.4    7.5       5.073   30.8   0b1111111111111111    20190611T124951874516
11     250     2.6597      1.2       3.8     2.4822      1.3    3.3       1.071   30.8   0b1111111111111111    20190611T124951874798
12     250     2.8298      0.0       0.0     0.5544      2.3    7.5       5.104   30.8   0b1111111111111111    20190611T124951875079
13     250     2.6569      1.1       3.8     2.4752      1.0    3.3       1.073   30.8   0b1111111111111111    20190611T124951875381
14     250     2.8313      0.0       0.0     0.5540      2.0    6.7       5.111   30.8   0b1111111111111111    20190611T124951875664
15     250     2.6529      1.2       3.7     2.4747      0.8    2.5       1.072   30.8   0b1111111111111111    20190611T124951875946
 0     240     2.8320      0.0       0.0     0.5533      2.1    7.5       5.118   31.0   0b1111111111111111    20190611T124955321580
 1     240     2.6459      0.8       2.3     2.4863      0.9    2.5       1.064   31.0   0b1111111111111111    20190611T124955321966
 2     240     2.8320      0.0       0.0     0.5515      2.8    8.3       5.135   31.0   0b1111111111111111    20190611T124955322306
 3     240     2.6498      0.6       1.5     2.4732      0.7    1.7       1.071   31.0   0b1111111111111111    20190611T124955322608
 4     240     2.8283      0.0       0.0     0.5553      2.5    8.3       5.094   31.0   0b1111111111111111    20190611T124955322896
 5     240     2.6513      0.6       1.5     2.4683      0.6    1.7       1.074   31.0   0b1111111111111111    20190611T124955323182
 6     240     2.8259      0.2       0.7     0.5547      3.6   10.8       5.095   31.0   0b1111111111111111    20190611T124955323490
 7     240     2.6342      0.7       2.3     2.4651      0.8    2.5       1.069   31.0   0b1111111111111111    20190611T124955323773
 8     240     2.8035      0.0       0.0     0.5493      2.0    5.8       5.104   31.0   0b1111111111111111    20190611T124955324094
 9     240     2.6556      0.7       2.3     2.4806      0.8    2.5       1.071   31.0   0b1111111111111111    20190611T124955324401
10     240     2.7975      0.0       0.0     0.5530      1.5    4.2       5.059   31.0   0b1111111111111111    20190611T124955324685
11     240     2.6542      0.6       1.5     2.4778      0.7    1.7       1.071   31.0   0b1111111111111111    20190611T124955324966
12     240     2.7877      0.0       0.0     0.5463      2.0    6.7       5.103   31.0   0b1111111111111111    20190611T124955325270
13     240     2.6509      0.8       2.3     2.4703      0.6    1.7       1.073   31.0   0b1111111111111111    20190611T124955325554
14     240     2.7900      0.0       0.0     0.5467      1.7    5.8       5.104   31.0   0b1111111111111111    20190611T124955325844
15     240     2.6471      0.8       2.3     2.4697      0.7    2.5       1.072   31.0   0b1111111111111111    20190611T124955326127
 0     230     2.7912      0.4       0.8     0.5444      1.3    4.2       5.127   31.2   0b1111111111111111    20190611T124958772914
 1     230     2.6411      0.4       0.8     2.4822      0.7    2.5       1.064   31.2   0b1111111111111111    20190611T124958773354
 2     230     2.7922      0.0       0.0     0.5434      1.9    6.7       5.138   31.2   0b1111111111111111    20190611T124958773676
 3     230     2.6448      0.4       0.8     2.4689      0.5    1.7       1.071   31.2   0b1111111111111111    20190611T124958773976
 4     230     2.7862      0.0       0.0     0.5473      1.5    5.0       5.091   31.2   0b1111111111111111    20190611T124958774291
 5     230     2.6465      0.5       1.5     2.4642      0.5    1.7       1.074   31.2   0b1111111111111111    20190611T124958774585
 6     230     2.7844      0.4       0.8     0.5458      2.1    7.5       5.102   31.2   0b1111111111111111    20190611T124958774871
 7     230     2.6301      0.4       1.5     2.4613      0.4    0.8       1.069   31.2   0b1111111111111111    20190611T124958775155
 8     230     2.7593      0.0       0.0     0.5405      1.1    3.3       5.105   31.2   0b1111111111111111    20190611T124958775457
 9     230     2.6501      0.4       0.8     2.4757      0.3    0.8       1.070   31.2   0b1111111111111111    20190611T124958775778
10     230     2.7524      0.2       0.8     0.5422      0.8    2.5       5.077   31.2   0b1111111111111111    20190611T124958776073
11     230     2.6483      0.3       1.5     2.4721      0.4    0.8       1.071   31.2   0b1111111111111111    20190611T124958776380
12     230     2.7428      0.2       0.8     0.5371      1.4    5.0       5.107   31.2   0b1111111111111111    20190611T124958776664
13     230     2.6444      0.4       1.5     2.4646      0.4    0.8       1.073   31.2   0b1111111111111111    20190611T124958776945
14     230     2.7450      0.0       0.0     0.5377      0.8    2.5       5.105   31.2   0b1111111111111111    20190611T124958777244
15     230     2.6408      0.3       1.5     2.4643      0.6    1.7       1.072   31.2   0b1111111111111111    20190611T124958777527
 0     220     2.7450      0.0       0.0     0.5356      0.8    3.3       5.125   31.3   0b1111111111111111    20190611T125002222534
 1     220     2.6350      0.5       1.5     2.4763      0.6    1.7       1.064   31.3   0b1111111111111111    20190611T125002222925
 2     220     2.7450      0.0       0.0     0.5344      0.7    2.5       5.136   31.3   0b1111111111111111    20190611T125002223222
 3     220     2.6381      0.4       0.7     2.4623      1.0    3.3       1.071   31.3   0b1111111111111111    20190611T125002223539
 4     220     2.7392      0.3       0.8     0.5390      0.6    1.7       5.082   31.3   0b1111111111111111    20190611T125002223830
 5     220     2.6405      0.3       0.7     2.4579      0.4    0.8       1.074   31.3   0b1111111111111111    20190611T125002224150
 6     220     2.7353      0.2       0.8     0.5378      0.8    2.5       5.087   31.3   0b1111111111111111    20190611T125002224433
 7     220     2.6250      0.5       1.5     2.4564      0.4    0.8       1.069   31.3   0b1111111111111111    20190611T125002224739
 8     220     2.7110      0.3       0.7     0.5311      0.5    1.7       5.105   31.3   0b1111111111111111    20190611T125002225020
 9     220     2.6425      0.3       0.7     2.4683      0.5    1.7       1.071   31.3   0b1111111111111111    20190611T125002225301
10     220     2.7052      0.0       0.0     0.5331      0.7    2.5       5.075   31.3   0b1111111111111111    20190611T125002225664
11     220     2.6396      0.4       0.8     2.4647      0.4    0.8       1.071   31.3   0b1111111111111111    20190611T125002225956
12     220     2.6947      0.0       0.0     0.5277      0.5    1.7       5.106   31.3   0b1111111111111111    20190611T125002226238
13     220     2.6355      0.5       1.5     2.4567      0.5    1.7       1.073   31.3   0b1111111111111111    20190611T125002226562
14     220     2.6970      0.0       0.0     0.5277      0.5    1.7       5.111   31.3   0b1111111111111111    20190611T125002226848
15     220     2.6315      0.4       0.8     2.4559      0.4    1.7       1.071   31.3   0b1111111111111111    20190611T125002227127
 0     210     2.6955      0.0       0.0     0.5261      0.7    1.7       5.124   31.5   0b1111111111111111    20190611T125005669292
 1     210     2.6243      0.2       0.8     2.4661      0.4    0.8       1.064   31.5   0b1111111111111111    20190611T125005669719
 2     210     2.6962      0.0       0.0     0.5248      0.5    1.7       5.137   31.5   0b1111111111111111    20190611T125005670022
 3     210     2.6265      0.0       0.0     2.4513      0.4    0.8       1.071   31.5   0b1111111111111111    20190611T125005670371
 4     210     2.6895      0.0       0.0     0.5288      0.6    1.7       5.086   31.5   0b1111111111111111    20190611T125005670667
 5     210     2.6297      0.3       0.8     2.4483      0.4    1.7       1.074   31.5   0b1111111111111111    20190611T125005670955
 6     210     2.6858      0.2       0.8     0.5272      0.4    0.8       5.095   31.5   0b1111111111111111    20190611T125005671290
 7     210     2.6158      0.3       0.8     2.4483      0.3    0.8       1.068   31.5   0b1111111111111111    20190611T125005671639
 8     210     2.6625      0.0       0.0     0.5216      0.2    0.8       5.105   31.5   0b1111111111111111    20190611T125005671953
 9     210     2.6290      0.3       0.8     2.4561      0.4    0.8       1.070   31.5   0b1111111111111111    20190611T125005672330
10     210     2.6567      0.3       0.7     0.5234      0.4    1.7       5.076   31.5   0b1111111111111111    20190611T125005672795
11     210     2.6244      0.3       0.8     2.4505      0.4    0.8       1.071   31.5   0b1111111111111111    20190611T125005673326
12     210     2.6470      0.3       0.8     0.5184      0.6    1.7       5.106   31.5   0b1111111111111111    20190611T125005673787
13     210     2.6197      0.0       0.0     2.4422      0.6    1.7       1.073   31.5   0b1111111111111111    20190611T125005674290
14     210     2.6490      0.0       0.0     0.5185      0.3    0.8       5.109   31.5   0b1111111111111111    20190611T125005674844
15     210     2.6152      0.0       0.0     2.4410      0.3    0.8       1.071   31.5   0b1111111111111111    20190611T125005675190
 0     200     2.6457      0.4       0.8     0.5163      0.4    0.8       5.124   31.5   0b1111111111111111    20190611T125009130765
 1     200     2.6055      0.0       0.0     2.4490      0.3    0.8       1.064   31.5   0b1111111111111111    20190611T125009131174
 2     200     2.6468      0.0       0.0     0.5147      0.4    0.8       5.142   31.5   0b1111111111111111    20190611T125009131526
 3     200     2.6062      0.0       0.0     2.4322      0.4    0.8       1.072   31.5   0b1111111111111111    20190611T125009131827
 4     200     2.6394      0.3       0.8     0.5193      0.3    0.8       5.082   31.5   0b1111111111111111    20190611T125009132147
 5     200     2.6104      0.4       0.8     2.4299      0.3    0.8       1.074   31.5   0b1111111111111111    20190611T125009132462
 6     200     2.6362      0.0       0.0     0.5176      0.3    0.8       5.093   31.5   0b1111111111111111    20190611T125009132752
 7     200     2.5994      0.2       0.8     2.4327      0.3    0.8       1.069   31.5   0b1111111111111111    20190611T125009133038
 8     200     2.6130      0.0       0.0     0.5121      0.4    0.8       5.103   31.5   0b1111111111111111    20190611T125009133390
 9     200     2.6049      0.3       0.8     2.4335      0.3    0.8       1.070   31.5   0b1111111111111111    20190611T125009133696
10     200     2.6077      0.0       0.0     0.5136      0.4    0.8       5.078   31.5   0b1111111111111111    20190611T125009133981
11     200     2.5972      0.0       0.0     2.4248      0.4    0.8       1.071   31.5   0b1111111111111111    20190611T125009134291
12     200     2.5987      0.0       0.0     0.5086      0.4    0.8       5.110   31.5   0b1111111111111111    20190611T125009134589
13     200     2.5918      0.3       0.8     2.4158      0.0    0.0       1.073   31.5   0b1111111111111111    20190611T125009134872
14     200     2.6008      0.3       0.8     0.5092      0.0    0.0       5.108   31.5   0b1111111111111111    20190611T125009135154
15     200     2.5867      0.0       0.0     2.4146      0.4    0.8       1.071   31.5   0b1111111111111111    20190611T125009135457
 0     190     2.5972      0.0       0.0     0.5068      0.3    0.8       5.124   31.6   0b1111111111111111    20190611T125012591622
 1     190     2.5740      0.0       0.0     2.4191      0.4    1.7       1.064   31.6   0b1111111111111111    20190611T125012592054
 2     190     2.5980      0.0       0.0     0.5053      0.4    0.8       5.141   31.6   0b1111111111111111    20190611T125012592410
 3     190     2.5710      0.0       0.0     2.3994      0.4    0.8       1.072   31.6   0b1111111111111111    20190611T125012592711
 4     190     2.5912      0.0       0.0     0.5099      0.3    0.8       5.082   31.6   0b1111111111111111    20190611T125012593001
 5     190     2.5766      0.4       0.7     2.3988      0.4    0.8       1.074   31.6   0b1111111111111111    20190611T125012593311
 6     190     2.5876      0.3       0.8     0.5082      0.3    0.8       5.091   31.6   0b1111111111111111    20190611T125012593599
 7     190     2.5695      0.0       0.0     2.4052      0.3    0.8       1.068   31.6   0b1111111111111111    20190611T125012593882
 8     190     2.5664      0.3       0.8     0.5028      0.4    0.8       5.104   31.6   0b1111111111111111    20190611T125012594232
 9     190     2.5665      0.0       0.0     2.3976      0.2    0.8       1.070   31.6   0b1111111111111111    20190611T125012594537
10     190     2.5612      0.2       0.7     0.5047      0.4    0.8       5.074   31.6   0b1111111111111111    20190611T125012594821
11     190     2.5573      0.3       0.8     2.3874      0.4    1.7       1.071   31.6   0b1111111111111111    20190611T125012595102
12     190     2.5530      0.0       0.0     0.4999      0.2    0.8       5.107   31.6   0b1111111111111111    20190611T125012595405
13     190     2.5508      0.0       0.0     2.3777      0.3    0.8       1.073   31.6   0b1111111111111111    20190611T125012595690
14     190     2.5538      0.0       0.0     0.5000      0.0    0.0       5.108   31.6   0b1111111111111111    20190611T125012595971
15     190     2.5463      0.0       0.0     2.3769      0.4    0.8       1.071   31.6   0b1111111111111111    20190611T125012596271
 0     180     2.5470      0.0       0.0     0.4973      0.3    0.8       5.121   31.7   0b1111111111111111    20190611T125016047091
 1     180     2.5280      0.3       0.7     2.3759      0.3    0.8       1.064   31.7   0b1111111111111111    20190611T125016047529
 2     180     2.5485      0.0       0.0     0.4958      0.3    0.8       5.141   31.7   0b1111111111111111    20190611T125016047849
 3     180     2.5245      0.0       0.0     2.3562      0.4    0.8       1.071   31.7   0b1111111111111111    20190611T125016048179
 4     180     2.5410      0.0       0.0     0.5003      0.4    0.8       5.079   31.7   0b1111111111111111    20190611T125016048527
 5     180     2.5298      0.0       0.0     2.3557      0.3    0.8       1.074   31.7   0b1111111111111111    20190611T125016048821
 6     180     2.5376      0.4       0.8     0.4983      0.0    0.0       5.092   31.7   0b1111111111111111    20190611T125016049109
 7     180     2.5245      0.0       0.0     2.3629      0.4    0.8       1.068   31.7   0b1111111111111111    20190611T125016049384
 8     180     2.5174      0.4       0.8     0.4933      0.3    0.8       5.104   31.7   0b1111111111111111    20190611T125016049531
 9     180     2.5189      0.4       0.8     2.3533      0.0    0.0       1.070   31.7   0b1111111111111111    20190611T125016049670
10     180     2.5117      0.0       0.0     0.4950      0.0    0.0       5.074   31.7   0b1111111111111111    20190611T125016049810
11     180     2.5093      0.3       0.8     2.3427      0.3    0.8       1.071   31.7   0b1111111111111111    20190611T125016050092
12     180     2.5045      0.4       0.8     0.4901      0.3    0.8       5.110   31.7   0b1111111111111111    20190611T125016050249
13     180     2.5027      0.0       0.0     2.3334      0.2    0.8       1.073   31.7   0b1111111111111111    20190611T125016050389
14     180     2.5051      0.3       0.8     0.4903      0.4    0.8       5.110   31.7   0b1111111111111111    20190611T125016050532
15     180     2.4990      0.0       0.0     2.3325      0.0    0.0       1.071   31.7   0b1111111111111111    20190611T125016050669
 0     170     2.4974      0.2       0.7     0.4874      0.3    0.8       5.124   31.8   0b1111111111111111    20190611T125019505637
 1     170     2.4787      0.0       0.0     2.3299      0.3    0.8       1.064   31.8   0b1111111111111111    20190611T125019506053
 2     170     2.4985      0.3       0.8     0.4859      0.2    0.8       5.142   31.8   0b1111111111111111    20190611T125019506470
 3     170     2.4756      0.3       0.8     2.3106      0.4    0.8       1.071   31.8   0b1111111111111111    20190611T125019506779
 4     170     2.4908      0.2       0.8     0.4904      0.4    0.8       5.079   31.8   0b1111111111111111    20190611T125019507072
 5     170     2.4803      0.0       0.0     2.3092      0.0    0.0       1.074   31.8   0b1111111111111111    20190611T125019507415
 6     170     2.4877      0.0       0.0     0.4883      0.0    0.0       5.094   31.8   0b1111111111111111    20190611T125019507704
 7     170     2.4750      0.0       0.0     2.3167      0.0    0.0       1.068   31.8   0b1111111111111111    20190611T125019507990
 8     170     2.4683      0.0       0.0     0.4834      0.2    0.8       5.106   31.8   0b1111111111111111    20190611T125019508282
 9     170     2.4698      0.0       0.0     2.3074      0.3    0.8       1.070   31.8   0b1111111111111111    20190611T125019508423
10     170     2.4630      0.0       0.0     0.4852      0.3    0.8       5.077   31.8   0b1111111111111111    20190611T125019508560
11     170     2.4600      0.0       0.0     2.2970      0.4    0.8       1.071   31.8   0b1111111111111111    20190611T125019508697
12     170     2.4563      0.0       0.0     0.4808      0.0    0.0       5.108   31.8   0b1111111111111111    20190611T125019508834
13     170     2.4548      0.0       0.0     2.2883      0.0    0.0       1.073   31.8   0b1111111111111111    20190611T125019508971
14     170     2.4570      0.0       0.0     0.4808      0.0    0.0       5.110   31.8   0b1111111111111111    20190611T125019509137
15     170     2.4503      0.0       0.0     2.2873      0.4    0.8       1.071   31.8   0b1111111111111111    20190611T125019509276
 0     160     2.4473      0.0       0.0     0.4775      0.0    0.0       5.125   31.9   0b1111111111111111    20190611T125022975371
 1     160     2.4293      0.0       0.0     2.2832      0.3    0.8       1.064   31.9   0b1111111111111111    20190611T125022975772
 2     160     2.4487      0.0       0.0     0.4761      0.4    0.8       5.144   31.9   0b1111111111111111    20190611T125022976086
 3     160     2.4255      0.0       0.0     2.2643      0.3    0.8       1.071   31.9   0b1111111111111111    20190611T125022976406
 4     160     2.4405      0.0       0.0     0.4803      0.4    0.8       5.081   31.9   0b1111111111111111    20190611T125022976702
 5     160     2.4301      0.2       0.8     2.2627      0.4    0.8       1.074   31.9   0b1111111111111111    20190611T125022976992
 6     160     2.4375      0.0       0.0     0.4784      0.3    0.8       5.095   31.9   0b1111111111111111    20190611T125022977301
 7     160     2.4247      0.0       0.0     2.2699      0.3    0.8       1.068   31.9   0b1111111111111111    20190611T125022977591
 8     160     2.4188      0.2       0.8     0.4741      0.2    0.8       5.102   31.9   0b1111111111111111    20190611T125022977930
 9     160     2.4202      0.0       0.0     2.2615      0.3    0.8       1.070   31.9   0b1111111111111111    20190611T125022978255
10     160     2.4135      0.0       0.0     0.4757      0.3    0.8       5.074   31.9   0b1111111111111111    20190611T125022978472
11     160     2.4112      0.0       0.0     2.2512      0.4    0.8       1.071   31.9   0b1111111111111111    20190611T125022978612
12     160     2.4082      0.2       0.7     0.4712      0.4    0.8       5.110   31.9   0b1111111111111111    20190611T125022978749
13     160     2.4060      0.0       0.0     2.2432      0.3    0.8       1.073   31.9   0b1111111111111111    20190611T125022978886
14     160     2.4083      0.2       0.8     0.4715      0.3    0.8       5.108   31.9   0b1111111111111111    20190611T125022979024
15     160     2.4021      0.3       0.8     2.2423      0.3    0.8       1.071   31.9   0b1111111111111111    20190611T125022979161
 0     150     2.3992      0.0       0.0     0.4681      0.4    0.8       5.126   32.0   0b1111111111111111    20190611T125026428147
 1     150     2.3820      0.0       0.0     2.2392      0.0    0.0       1.064   32.0   0b1111111111111111    20190611T125026428570
 2     150     2.4022      0.0       0.0     0.4672      0.4    0.8       5.142   32.0   0b1111111111111111    20190611T125026428872
 3     150     2.3772      0.4       0.7     2.2190      0.3    0.8       1.071   32.0   0b1111111111111111    20190611T125026429163
 4     150     2.3923      0.3       0.8     0.4708      0.0    0.0       5.081   32.0   0b1111111111111111    20190611T125026429470
 5     150     2.3825      0.4       0.8     2.2183      0.0    0.0       1.074   32.0   0b1111111111111111    20190611T125026429757
 6     150     2.3895      0.0       0.0     0.4692      0.0    0.0       5.093   32.0   0b1111111111111111    20190611T125026430040
 7     150     2.3765      0.3       0.8     2.2246      0.4    0.8       1.068   32.0   0b1111111111111111    20190611T125026430342
 8     150     2.3723      0.0       0.0     0.4648      0.3    0.8       5.103   32.0   0b1111111111111111    20190611T125026430685
 9     150     2.3729      0.3       0.8     2.2172      0.4    0.8       1.070   32.0   0b1111111111111111    20190611T125026430978
10     150     2.3671      0.2       0.8     0.4666      0.2    0.8       5.073   32.0   0b1111111111111111    20190611T125026431283
11     150     2.3632      0.2       0.8     2.2067      0.0    0.0       1.071   32.0   0b1111111111111111    20190611T125026431569
12     150     2.3610      0.0       0.0     0.4621      0.4    0.8       5.109   32.0   0b1111111111111111    20190611T125026431850
13     150     2.3603      0.0       0.0     2.2005      0.4    0.8       1.073   32.0   0b1111111111111111    20190611T125026432129
14     150     2.3620      0.3       0.8     0.4624      0.3    0.8       5.108   32.0   0b1111111111111111    20190611T125026432434
15     150     2.3580      0.0       0.0     2.2017      0.0    0.0       1.071   32.0   0b1111111111111111    20190611T125026432715
 0     140     2.3498      0.0       0.0     0.4583      0.0    0.0       5.127   32.0   0b1111111111111111    20190611T125029879786
 1     140     2.3333      0.0       0.0     2.1932      0.3    0.8       1.064   32.0   0b1111111111111111    20190611T125029880140
 2     140     2.3527      0.0       0.0     0.4575      0.0    0.0       5.143   32.0   0b1111111111111111    20190611T125029880391
 3     140     2.3280      0.0       0.0     2.1731      0.4    0.8       1.071   32.0   0b1111111111111111    20190611T125029880737
 4     140     2.3422      0.0       0.0     0.4610      0.3    0.8       5.081   32.0   0b1111111111111111    20190611T125029880988
 5     140     2.3325      0.0       0.0     2.1720      0.4    0.8       1.074   32.0   0b1111111111111111    20190611T125029881234
 6     140     2.3394      0.3       0.7     0.4592      0.0    0.0       5.095   32.0   0b1111111111111111    20190611T125029881487
 7     140     2.3270      0.3       0.8     2.1783      0.0    0.0       1.068   32.0   0b1111111111111111    20190611T125029881733
 8     140     2.3235      0.0       0.0     0.4550      0.0    0.0       5.107   32.0   0b1111111111111111    20190611T125029882036
 9     140     2.3238      0.4       0.8     2.1714      0.4    0.8       1.070   32.0   0b1111111111111111    20190611T125029882280
10     140     2.3182      0.0       0.0     0.4568      0.2    0.8       5.076   32.0   0b1111111111111111    20190611T125029882762
11     140     2.3145      0.0       0.0     2.1613      0.4    0.8       1.071   32.0   0b1111111111111111    20190611T125029883004
12     140     2.3130      0.0       0.0     0.4526      0.3    0.8       5.111   32.0   0b1111111111111111    20190611T125029883234
13     140     2.3122      0.2       0.8     2.1559      0.3    0.8       1.072   32.0   0b1111111111111111    20190611T125029883480
14     140     2.3137      0.0       0.0     0.4530      0.4    0.8       5.108   32.0   0b1111111111111111    20190611T125029883711
15     140     2.3100      0.0       0.0     2.1570      0.4    0.8       1.071   32.0   0b1111111111111111    20190611T125029883940
 0     130     2.3002      0.0       0.0     0.4483      0.0    0.0       5.131   32.1   0b1111111111111111    20190611T125033327037
 1     130     2.2838      0.0       0.0     2.1469      0.4    0.8       1.064   32.1   0b1111111111111111    20190611T125033327476
 2     130     2.3032      0.0       0.0     0.4477      0.3    0.8       5.145   32.1   0b1111111111111111    20190611T125033327795
 3     130     2.2793      0.0       0.0     2.1272      0.4    0.8       1.071   32.1   0b1111111111111111    20190611T125033328094
 4     130     2.2925      0.3       0.8     0.4512      0.4    0.8       5.081   32.1   0b1111111111111111    20190611T125033328398
 5     130     2.2830      0.0       0.0     2.1267      0.0    0.0       1.074   32.1   0b1111111111111111    20190611T125033328543
 6     130     2.2898      0.2       0.8     0.4493      0.3    0.8       5.096   32.1   0b1111111111111111    20190611T125033328683
 7     130     2.2772      0.3       0.8     2.1324      0.2    0.8       1.068   32.1   0b1111111111111111    20190611T125033328821
 8     130     2.2748      0.0       0.0     0.4455      0.4    0.8       5.106   32.1   0b1111111111111111    20190611T125033328959
 9     130     2.2751      0.4       0.8     2.1258      0.0    0.0       1.070   32.1   0b1111111111111111    20190611T125033329096
10     130     2.2698      0.4       0.8     0.4475      0.0    0.0       5.072   32.1   0b1111111111111111    20190611T125033329263
11     130     2.2658      0.0       0.0     2.1158      0.0    0.0       1.071   32.1   0b1111111111111111    20190611T125033329407
12     130     2.2655      0.3       0.8     0.4433      0.0    0.0       5.110   32.1   0b1111111111111111    20190611T125033329545
13     130     2.2643      0.0       0.0     2.1110      0.3    0.8       1.073   32.1   0b1111111111111111    20190611T125033329681
14     130     2.2664      0.2       0.8     0.4435      0.3    0.8       5.110   32.1   0b1111111111111111    20190611T125033329817
15     130     2.2620      0.0       0.0     2.1126      0.2    0.8       1.071   32.1   0b1111111111111111    20190611T125033329953
 0     120     2.2515      0.0       0.0     0.4391      0.3    0.8       5.128   32.1   0b1111111111111111    20190611T125036771742
 1     120     2.2350      0.0       0.0     2.1009      0.2    0.8       1.064   32.1   0b1111111111111111    20190611T125036772162
 2     120     2.2538      0.0       0.0     0.4379      0.4    0.8       5.147   32.1   0b1111111111111111    20190611T125036772603
 3     120     2.2302      0.4       0.8     2.0811      0.4    0.8       1.072   32.1   0b1111111111111111    20190611T125036772910
 4     120     2.2425      0.0       0.0     0.4415      0.3    0.8       5.079   32.1   0b1111111111111111    20190611T125036773203
 5     120     2.2339      0.4       0.8     2.0807      0.3    0.8       1.074   32.1   0b1111111111111111    20190611T125036773512
 6     120     2.2403      0.0       0.0     0.4397      0.4    0.8       5.094   32.1   0b1111111111111111    20190611T125036773801
 7     120     2.2282      0.2       0.8     2.0859      0.2    0.8       1.068   32.1   0b1111111111111111    20190611T125036774096
 8     120     2.2261      0.2       0.8     0.4359      0.3    0.8       5.107   32.1   0b1111111111111111    20190611T125036774421
 9     120     2.2273      0.3       0.8     2.0814      0.4    0.8       1.070   32.1   0b1111111111111111    20190611T125036774729
10     120     2.2222      0.2       0.8     0.4380      0.4    0.8       5.073   32.1   0b1111111111111111    20190611T125036775011
11     120     2.2177      0.0       0.0     2.0709      0.3    0.8       1.071   32.1   0b1111111111111111    20190611T125036775291
12     120     2.2176      0.3       0.8     0.4338      0.4    0.8       5.113   32.1   0b1111111111111111    20190611T125036775596
13     120     2.2169      0.2       0.8     2.0667      0.0    0.0       1.073   32.1   0b1111111111111111    20190611T125036775879
14     120     2.2190      0.3       0.7     0.4343      0.2    0.8       5.110   32.1   0b1111111111111111    20190611T125036776158
15     120     2.2143      0.4       0.8     2.0683      0.0    0.0       1.071   32.1   0b1111111111111111    20190611T125036776436
 0     110     2.2045      0.3       0.8     0.4297      0.4    0.8       5.131   32.2   0b1111111111111111    20190611T125040223373
 1     110     2.1887      0.3       0.8     2.0577      0.3    0.8       1.064   32.2   0b1111111111111111    20190611T125040223815
 2     110     2.2072      0.0       0.0     0.4292      0.0    0.0       5.143   32.2   0b1111111111111111    20190611T125040224131
 3     110     2.1840      0.0       0.0     2.0379      0.4    0.8       1.072   32.2   0b1111111111111111    20190611T125040224430
 4     110     2.1953      0.0       0.0     0.4319      0.4    0.8       5.083   32.2   0b1111111111111111    20190611T125040224746
 5     110     2.1870      0.0       0.0     2.0369      0.4    0.8       1.074   32.2   0b1111111111111111    20190611T125040225036
 6     110     2.1930      0.0       0.0     0.4302      0.3    0.8       5.098   32.2   0b1111111111111111    20190611T125040225321
 7     110     2.1813      0.4       0.8     2.0425      0.0    0.0       1.068   32.2   0b1111111111111111    20190611T125040225627
 8     110     2.1803      0.0       0.0     0.4267      0.0    0.0       5.110   32.2   0b1111111111111111    20190611T125040225913
 9     110     2.1810      0.0       0.0     2.0382      0.3    0.8       1.070   32.2   0b1111111111111111    20190611T125040226233
10     110     2.1758      0.0       0.0     0.4287      0.4    0.8       5.076   32.2   0b1111111111111111    20190611T125040226544
11     110     2.1716      0.4       0.8     2.0281      0.4    0.8       1.071   32.2   0b1111111111111111    20190611T125040226830
12     110     2.1725      0.3       0.8     0.4250      0.0    0.0       5.112   32.2   0b1111111111111111    20190611T125040227113
13     110     2.1713      0.0       0.0     2.0242      0.0    0.0       1.073   32.2   0b1111111111111111    20190611T125040227396
14     110     2.1735      0.0       0.0     0.4253      0.4    0.8       5.110   32.2   0b1111111111111111    20190611T125040227702
15     110     2.1690      0.0       0.0     2.0258      0.0    0.0       1.071   32.2   0b1111111111111111    20190611T125040227984
 0     100     2.1558      0.4       0.8     0.4200      0.0    0.0       5.133   32.3   0b1111111111111111    20190611T125043675898
 1     100     2.1405      0.0       0.0     2.0118      0.3    0.8       1.064   32.3   0b1111111111111111    20190611T125043676349
 2     100     2.1585      0.0       0.0     0.4192      0.3    0.8       5.148   32.3   0b1111111111111111    20190611T125043676673
 3     100     2.1353      0.2       0.8     1.9930      0.4    0.8       1.071   32.3   0b1111111111111111    20190611T125043676971
 4     100     2.1458      0.0       0.0     0.4225      0.0    0.0       5.079   32.3   0b1111111111111111    20190611T125043677287
 5     100     2.1382      0.0       0.0     1.9917      0.0    0.0       1.074   32.3   0b1111111111111111    20190611T125043677581
 6     100     2.1442      0.0       0.0     0.4208      0.2    0.8       5.096   32.3   0b1111111111111111    20190611T125043677880
 7     100     2.1322      0.0       0.0     1.9963      0.4    0.8       1.068   32.3   0b1111111111111111    20190611T125043678167
 8     100     2.1322      0.0       0.0     0.4175      0.0    0.0       5.107   32.3   0b1111111111111111    20190611T125043678430
 9     100     2.1323      0.2       0.8     1.9930      0.4    0.8       1.070   32.3   0b1111111111111111    20190611T125043678569
10     100     2.1274      0.4       0.8     0.4192      0.0    0.0       5.075   32.3   0b1111111111111111    20190611T125043678707
11     100     2.1233      0.2       0.8     1.9833      0.0    0.0       1.071   32.3   0b1111111111111111    20190611T125043678868
12     100     2.1248      0.2       0.7     0.4157      0.3    0.8       5.112   32.3   0b1111111111111111    20190611T125043679012
13     100     2.1239      0.2       0.8     1.9792      0.3    0.8       1.073   32.3   0b1111111111111111    20190611T125043679150
14     100     2.1262      0.0       0.0     0.4158      0.0    0.0       5.113   32.3   0b1111111111111111    20190611T125043679301
15     100     2.1217      0.0       0.0     1.9816      0.3    0.8       1.071   32.3   0b1111111111111111    20190611T125043679439
 0      90     2.1067      0.0       0.0     0.4104      0.4    0.8       5.133   32.3   0b1111111111111111    20190611T125047124538
 1      90     2.0933      0.0       0.0     1.9674      0.2    0.8       1.064   32.3   0b1111111111111111    20190611T125047124936
 2      90     2.1097      0.0       0.0     0.4099      0.2    0.8       5.147   32.3   0b1111111111111111    20190611T125047125282
 3      90     2.0873      0.0       0.0     1.9475      0.0    0.0       1.072   32.3   0b1111111111111111    20190611T125047125583
 4      90     2.0978      0.0       0.0     0.4125      0.0    0.0       5.085   32.3   0b1111111111111111    20190611T125047125876
 5      90     2.0888      0.0       0.0     1.9458      0.0    0.0       1.073   32.3   0b1111111111111111    20190611T125047126165
 6      90     2.0958      0.4       0.7     0.4108      0.0    0.0       5.101   32.3   0b1111111111111111    20190611T125047126473
 7      90     2.0843      0.0       0.0     1.9508      0.0    0.0       1.068   32.3   0b1111111111111111    20190611T125047126808
 8      90     2.0828      0.0       0.0     0.4076      0.3    0.8       5.110   32.3   0b1111111111111111    20190611T125047127097
 9      90     2.0844      0.3       0.8     1.9483      0.0    0.0       1.070   32.3   0b1111111111111111    20190611T125047127401
10      90     2.0798      0.0       0.0     0.4100      0.0    0.0       5.073   32.3   0b1111111111111111    20190611T125047127685
11      90     2.0745      0.0       0.0     1.9372      0.4    0.8       1.071   32.3   0b1111111111111111    20190611T125047127968
12      90     2.0775      0.0       0.0     0.4058      0.0    0.0       5.119   32.3   0b1111111111111111    20190611T125047128286
13      90     2.0775      0.0       0.0     1.9360      0.3    0.8       1.073   32.3   0b1111111111111111    20190611T125047128474
14      90     2.0798      0.0       0.0     0.4068      0.3    0.8       5.112   32.3   0b1111111111111111    20190611T125047128610
15      90     2.0738      0.2       0.8     1.9369      0.4    0.8       1.071   32.3   0b1111111111111111    20190611T125047128747
 0      80     2.0580      0.0       0.0     0.4008      0.2    0.8       5.135   32.4   0b1111111111111111    20190611T125050574513
 1      80     2.0449      0.4       0.8     1.9218      0.2    0.8       1.064   32.4   0b1111111111111111    20190611T125050574915
 2      80     2.0617      0.0       0.0     0.4000      0.0    0.0       5.154   32.4   0b1111111111111111    20190611T125050575250
 3      80     2.0392      0.0       0.0     1.9025      0.0    0.0       1.072   32.4   0b1111111111111111    20190611T125050575552
 4      80     2.0482      0.0       0.0     0.4031      0.4    0.8       5.081   32.4   0b1111111111111111    20190611T125050575845
 5      80     2.0400      0.0       0.0     1.9000      0.0    0.0       1.074   32.4   0b1111111111111111    20190611T125050576144
 6      80     2.0461      0.2       0.8     0.4010      0.3    0.8       5.102   32.4   0b1111111111111111    20190611T125050576453
 7      80     2.0347      0.0       0.0     1.9047      0.4    0.8       1.068   32.4   0b1111111111111111    20190611T125050576737
 8      80     2.0347      0.0       0.0     0.3983      0.0    0.0       5.108   32.4   0b1111111111111111    20190611T125050577019
 9      80     2.0362      0.0       0.0     1.9033      0.0    0.0       1.070   32.4   0b1111111111111111    20190611T125050577323
10      80     2.0317      0.0       0.0     0.4001      0.2    0.8       5.078   32.4   0b1111111111111111    20190611T125050577653
11      80     2.0265      0.0       0.0     1.8924      0.3    0.8       1.071   32.4   0b1111111111111111    20190611T125050577958
12      80     2.0295      0.0       0.0     0.3967      0.0    0.0       5.116   32.4   0b1111111111111111    20190611T125050578277
13      80     2.0295      0.0       0.0     1.8909      0.2    0.8       1.073   32.4   0b1111111111111111    20190611T125050578472
14      80     2.0317      0.0       0.0     0.3975      0.0    0.0       5.111   32.4   0b1111111111111111    20190611T125050578608
15      80     2.0260      0.3       0.8     1.8925      0.0    0.0       1.071   32.4   0b1111111111111111    20190611T125050578744
 0      70     2.0111      0.4       0.8     0.3915      0.3    0.8       5.137   32.4   0b1111111111111111    20190611T125054027596
 1      70     1.9988      0.0       0.0     1.8783      0.0    0.0       1.064   32.4   0b1111111111111111    20190611T125054027985
 2      70     2.0153      0.0       0.0     0.3908      0.0    0.0       5.156   32.4   0b1111111111111111    20190611T125054028287
 3      70     1.9928      0.0       0.0     1.8592      0.0    0.0       1.072   32.4   0b1111111111111111    20190611T125054028657
 4      70     2.0000      0.3       0.8     0.3934      0.3    0.8       5.084   32.4   0b1111111111111111    20190611T125054028954
 5      70     1.9913      0.0       0.0     1.8550      0.0    0.0       1.073   32.4   0b1111111111111111    20190611T125054029243
 6      70     1.9973      0.2       0.8     0.3917      0.0    0.0       5.100   32.4   0b1111111111111111    20190611T125054029633
 7      70     1.9868      0.0       0.0     1.8593      0.2    0.8       1.069   32.4   0b1111111111111111    20190611T125054029930
 8      70     1.9875      0.0       0.0     0.3890      0.3    0.8       5.109   32.4   0b1111111111111111    20190611T125054030214
 9      70     1.9894      0.4       0.8     1.8593      0.2    0.8       1.070   32.4   0b1111111111111111    20190611T125054030560
10      70     1.9844      0.2       0.8     0.3908      0.0    0.0       5.077   32.4   0b1111111111111111    20190611T125054030853
11      70     1.9792      0.0       0.0     1.8487      0.4    0.8       1.071   32.4   0b1111111111111111    20190611T125054031136
12      70     1.9822      0.2       0.7     0.3873      0.3    0.8       5.117   32.4   0b1111111111111111    20190611T125054031480
13      70     1.9822      0.2       0.7     1.8467      0.0    0.0       1.073   32.4   0b1111111111111111    20190611T125054031770
14      70     1.9838      0.0       0.0     0.3881      0.4    0.8       5.112   32.4   0b1111111111111111    20190611T125054032052
15      70     1.9785      0.0       0.0     1.8475      0.0    0.0       1.071   32.4   0b1111111111111111    20190611T125054032334
 0      60     1.9617      0.4       0.8     0.3817      0.0    0.0       5.140   32.5   0b1111111111111111    20190611T125057524726
 1      60     1.9485      0.0       0.0     1.8312      0.4    0.8       1.064   32.5   0b1111111111111111    20190611T125057525147
 2      60     1.9656      0.3       0.8     0.3813      0.4    0.8       5.155   32.5   0b1111111111111111    20190611T125057525510
 3      60     1.9425      0.0       0.0     1.8127      0.4    0.8       1.072   32.5   0b1111111111111111    20190611T125057525813
 4      60     1.9491      0.3       0.8     0.3833      0.0    0.0       5.085   32.5   0b1111111111111111    20190611T125057526119
 5      60     1.9403      0.0       0.0     1.8075      0.0    0.0       1.073   32.5   0b1111111111111111    20190611T125057526430
 6      60     1.9455      0.0       0.0     0.3811      0.4    0.8       5.105   32.5   0b1111111111111111    20190611T125057526719
 7      60     1.9351      0.2       0.8     1.8111      0.4    0.8       1.068   32.5   0b1111111111111111    20190611T125057527005
 8      60     1.9380      0.0       0.0     0.3792      0.0    0.0       5.111   32.5   0b1111111111111111    20190611T125057527347
 9      60     1.9395      0.0       0.0     1.8129      0.4    0.8       1.070   32.5   0b1111111111111111    20190611T125057527643
10      60     1.9350      0.0       0.0     0.3812      0.4    0.8       5.077   32.5   0b1111111111111111    20190611T125057527926
11      60     1.9297      0.0       0.0     1.8024      0.2    0.8       1.071   32.5   0b1111111111111111    20190611T125057528208
12      60     1.9320      0.0       0.0     0.3774      0.2    0.8       5.119   32.5   0b1111111111111111    20190611T125057528457
13      60     1.9312      0.0       0.0     1.7993      0.3    0.8       1.073   32.5   0b1111111111111111    20190611T125057528595
14      60     1.9330      0.3       0.8     0.3779      0.4    0.8       5.115   32.5   0b1111111111111111    20190611T125057528732
15      60     1.9282      0.0       0.0     1.8008      0.0    0.0       1.071   32.5   0b1111111111111111    20190611T125057528868
 0      50     1.9103      0.0       0.0     0.3717      0.0    0.0       5.140   32.6   0b1111111111111111    20190611T125100980821
 1      50     1.8975      0.0       0.0     1.7836      0.4    0.8       1.064   32.6   0b1111111111111111    20190611T125100981305
 2      50     1.9148      0.0       0.0     0.3709      0.3    0.8       5.162   32.6   0b1111111111111111    20190611T125100981645
 3      50     1.8918      0.4       0.8     1.7655      0.4    0.8       1.072   32.6   0b1111111111111111    20190611T125100981980
 4      50     1.8960      0.0       0.0     0.3732      0.3    0.8       5.081   32.6   0b1111111111111111    20190611T125100982341
 5      50     1.8885      0.0       0.0     1.7592      0.0    0.0       1.074   32.6   0b1111111111111111    20190611T125100982640
 6      50     1.8930      0.0       0.0     0.3708      0.0    0.0       5.105   32.6   0b1111111111111111    20190611T125100982927
 7      50     1.8830      0.3       0.7     1.7621      0.4    0.8       1.069   32.6   0b1111111111111111    20190611T125100983271
 8      50     1.8870      0.0       0.0     0.3692      0.0    0.0       5.112   32.6   0b1111111111111111    20190611T125100983561
 9      50     1.8885      0.0       0.0     1.7655      0.4    0.8       1.070   32.6   0b1111111111111111    20190611T125100983843
10      50     1.8840      0.0       0.0     0.3712      0.4    0.8       5.076   32.6   0b1111111111111111    20190611T125100984179
11      50     1.8795      0.0       0.0     1.7550      0.0    0.0       1.071   32.6   0b1111111111111111    20190611T125100984487
12      50     1.8803      0.0       0.0     0.3669      0.4    0.8       5.124   32.6   0b1111111111111111    20190611T125100984782
13      50     1.8795      0.0       0.0     1.7511      0.4    0.8       1.073   32.6   0b1111111111111111    20190611T125100985064
14      50     1.8817      0.0       0.0     0.3678      0.4    0.8       5.117   32.6   0b1111111111111111    20190611T125100985409
15      50     1.8765      0.0       0.0     1.7525      0.0    0.0       1.071   32.6   0b1111111111111111    20190611T125100985693
 0      40     1.8570      0.0       0.0     0.3609      0.2    0.8       5.145   32.6   0b1111111111111111    20190611T125104440877
 1      40     1.8450      0.0       0.0     1.7342      0.0    0.0       1.064   32.6   0b1111111111111111    20190611T125104441307
 2      40     1.8615      0.0       0.0     0.3608      0.0    0.0       5.159   32.6   0b1111111111111111    20190611T125104441636
 3      40     1.8396      0.3       0.8     1.7166      0.3    0.8       1.072   32.6   0b1111111111111111    20190611T125104441935
 4      40     1.8429      0.3       0.8     0.3625      0.0    0.0       5.084   32.6   0b1111111111111111    20190611T125104442248
 5      40     1.8346      0.2       0.8     1.7092      0.0    0.0       1.073   32.6   0b1111111111111111    20190611T125104442541
 6      40     1.8391      0.2       0.8     0.3601      0.2    0.8       5.107   32.6   0b1111111111111111    20190611T125104442826
 7      40     1.8300      0.0       0.0     1.7125      0.0    0.0       1.069   32.6   0b1111111111111111    20190611T125104443110
 8      40     1.8345      0.0       0.0     0.3587      0.4    0.8       5.115   32.6   0b1111111111111111    20190611T125104443412
 9      40     1.8363      0.4       0.8     1.7167      0.0    0.0       1.070   32.6   0b1111111111111111    20190611T125104443698
10      40     1.8315      0.0       0.0     0.3608      0.0    0.0       5.076   32.6   0b1111111111111111    20190611T125104443980
11      40     1.8270      0.0       0.0     1.7059      0.3    0.8       1.071   32.6   0b1111111111111111    20190611T125104444328
12      40     1.8278      0.0       0.0     0.3567      0.0    0.0       5.125   32.6   0b1111111111111111    20190611T125104444614
13      40     1.8270      0.0       0.0     1.7019      0.4    0.8       1.073   32.6   0b1111111111111111    20190611T125104444898
14      40     1.8286      0.3       0.8     0.3575      0.0    0.0       5.115   32.6   0b1111111111111111    20190611T125104445179
15      40     1.8242      0.3       0.8     1.7034      0.2    0.8       1.071   32.6   0b1111111111111111    20190611T125104445482
 0      30     1.8038      0.0       0.0     0.3508      0.3    0.8       5.143   32.7   0b1111111111111111    20190611T125107889808
 1      30     1.7933      0.0       0.0     1.6855      0.4    0.8       1.064   32.7   0b1111111111111111    20190611T125107890261
 2      30     1.8082      0.0       0.0     0.3503      0.4    0.8       5.163   32.7   0b1111111111111111    20190611T125107890584
 3      30     1.7859      0.3       0.8     1.6667      0.0    0.0       1.072   32.7   0b1111111111111111    20190611T125107890884
 4      30     1.7902      0.0       0.0     0.3520      0.4    0.8       5.086   32.7   0b1111111111111111    20190611T125107891176
 5      30     1.7818      0.3       0.8     1.6596      0.4    0.8       1.074   32.7   0b1111111111111111    20190611T125107891489
 6      30     1.7873      0.0       0.0     0.3499      0.2    0.8       5.108   32.7   0b1111111111111111    20190611T125107891775
 7      30     1.7768      0.0       0.0     1.6628      0.4    0.8       1.069   32.7   0b1111111111111111    20190611T125107892059
 8      30     1.7828      0.0       0.0     0.3485      0.3    0.8       5.115   32.7   0b1111111111111111    20190611T125107892361
 9      30     1.7850      0.0       0.0     1.6684      0.3    0.8       1.070   32.7   0b1111111111111111    20190611T125107892646
10      30     1.7804      0.2       0.8     0.3508      0.0    0.0       5.075   32.7   0b1111111111111111    20190611T125107892978
11      30     1.7753      0.0       0.0     1.6579      0.4    0.8       1.071   32.7   0b1111111111111111    20190611T125107893292
12      30     1.7760      0.0       0.0     0.3466      0.2    0.8       5.124   32.7   0b1111111111111111    20190611T125107893577
13      30     1.7764      0.4       0.8     1.6549      0.2    0.8       1.073   32.7   0b1111111111111111    20190611T125107893888
14      30     1.7782      0.0       0.0     0.3475      0.0    0.0       5.117   32.7   0b1111111111111111    20190611T125107894175
15      30     1.7734      0.4       0.8     1.6558      0.0    0.0       1.071   32.7   0b1111111111111111    20190611T125107894480
 0      20     1.7505      0.0       0.0     0.3400      0.0    0.0       5.149   32.7   0b1111111111111111    20190611T125111336890
 1      20     1.7407      0.0       0.0     1.6358      0.0    0.0       1.064   32.7   0b1111111111111111    20190611T125111337335
 2      20     1.7558      0.0       0.0     0.3400      0.0    0.0       5.164   32.7   0b1111111111111111    20190611T125111337654
 3      20     1.7340      0.0       0.0     1.6182      0.3    0.8       1.072   32.7   0b1111111111111111    20190611T125111337951
 4      20     1.7370      0.0       0.0     0.3417      0.0    0.0       5.084   32.7   0b1111111111111111    20190611T125111338274
 5      20     1.7296      0.3       0.8     1.6113      0.4    0.8       1.073   32.7   0b1111111111111111    20190611T125111338474
 6      20     1.7348      0.0       0.0     0.3398      0.3    0.8       5.105   32.7   0b1111111111111111    20190611T125111338616
 7      20     1.7246      0.4       0.8     1.6138      0.4    0.8       1.069   32.7   0b1111111111111111    20190611T125111338755
 8      20     1.7317      0.0       0.0     0.3385      0.3    0.8       5.116   32.7   0b1111111111111111    20190611T125111338893
 9      20     1.7332      0.0       0.0     1.6201      0.2    0.8       1.070   32.7   0b1111111111111111    20190611T125111339030
10      20     1.7288      0.0       0.0     0.3408      0.0    0.0       5.072   32.7   0b1111111111111111    20190611T125111339167
11      20     1.7239      0.4       0.8     1.6099      0.3    0.8       1.071   32.7   0b1111111111111111    20190611T125111339314
12      20     1.7250      0.0       0.0     0.3366      0.3    0.8       5.125   32.7   0b1111111111111111    20190611T125111339451
13      20     1.7251      0.2       0.8     1.6074      0.2    0.8       1.073   32.7   0b1111111111111111    20190611T125111339588
14      20     1.7273      0.0       0.0     0.3375      0.0    0.0       5.118   32.7   0b1111111111111111    20190611T125111339745
15      20     1.7220      0.0       0.0     1.6084      0.2    0.8       1.071   32.7   0b1111111111111111    20190611T125111339887
 0      10     1.6980      0.0       0.0     0.3296      0.4    0.8       5.152   32.8   0b1111111111111111    20190611T125114788470
 1      10     1.6890      0.0       0.0     1.5870      0.4    0.8       1.064   32.8   0b1111111111111111    20190611T125114788861
 2      10     1.7025      0.0       0.0     0.3297      0.4    0.8       5.163   32.8   0b1111111111111111    20190611T125114789250
 3      10     1.6820      0.3       0.7     1.5693      0.2    0.8       1.072   32.8   0b1111111111111111    20190611T125114789554
 4      10     1.6849      0.4       0.8     0.3312      0.4    0.8       5.088   32.8   0b1111111111111111    20190611T125114789844
 5      10     1.6778      0.0       0.0     1.5627      0.3    0.8       1.074   32.8   0b1111111111111111    20190611T125114790194
 6      10     1.6832      0.3       0.7     0.3293      0.3    0.8       5.111   32.8   0b1111111111111111    20190611T125114790486
 7      10     1.6726      0.3       0.7     1.5653      0.4    0.8       1.069   32.8   0b1111111111111111    20190611T125114790770
 8      10     1.6801      0.2       0.8     0.3283      0.0    0.0       5.117   32.8   0b1111111111111111    20190611T125114791052
 9      10     1.6822      0.0       0.0     1.5723      0.3    0.8       1.070   32.8   0b1111111111111111    20190611T125114791421
10      10     1.6774      0.4       0.8     0.3308      0.0    0.0       5.070   32.8   0b1111111111111111    20190611T125114791716
11      10     1.6726      0.2       0.7     1.5624      0.2    0.8       1.071   32.8   0b1111111111111111    20190611T125114792030
12      10     1.6742      0.3       0.8     0.3266      0.2    0.8       5.126   32.8   0b1111111111111111    20190611T125114792377
13      10     1.6747      0.0       0.0     1.5600      0.0    0.0       1.074   32.8   0b1111111111111111    20190611T125114792664
14      10     1.6764      0.3       0.7     0.3275      0.0    0.0       5.119   32.8   0b1111111111111111    20190611T125114792946
15      10     1.6717      0.0       0.0     1.5607      0.3    0.8       1.071   32.8   0b1111111111111111    20190611T125114793280
 0       0     1.6455      0.0       0.0     0.3192      0.0    0.0       5.156   32.8   0b1111111111111111    20190611T125118272232
 1       0     1.6365      0.0       0.0     1.5378      0.4    0.8       1.064   32.8   0b1111111111111111    20190611T125118272703
 2       0     1.6500      0.0       0.0     0.3192      0.0    0.0       5.170   32.8   0b1111111111111111    20190611T125118273021
 3       0     1.6300      0.4       0.8     1.5212      0.4    0.8       1.072   32.8   0b1111111111111111    20190611T125118273318
 4       0     1.6326      0.3       0.8     0.3208      0.0    0.0       5.089   32.8   0b1111111111111111    20190611T125118273680
 5       0     1.6260      0.0       0.0     1.5145      0.4    0.8       1.074   32.8   0b1111111111111111    20190611T125118273969
 6       0     1.6313      0.0       0.0     0.3191      0.2    0.8       5.112   32.8   0b1111111111111111    20190611T125118274253
 7       0     1.6207      0.0       0.0     1.5167      0.0    0.0       1.069   32.8   0b1111111111111111    20190611T125118274581
 8       0     1.6290      0.0       0.0     0.3183      0.0    0.0       5.117   32.8   0b1111111111111111    20190611T125118274868
 9       0     1.6305      0.0       0.0     1.5242      0.0    0.0       1.070   32.8   0b1111111111111111    20190611T125118275149
10       0     1.6260      0.0       0.0     0.3202      0.3    0.8       5.079   32.8   0b1111111111111111    20190611T125118275488
11       0     1.6215      0.0       0.0     1.5143      0.2    0.8       1.071   32.8   0b1111111111111111    20190611T125118275776
12       0     1.6237      0.0       0.0     0.3165      0.3    0.8       5.130   32.8   0b1111111111111111    20190611T125118276057
13       0     1.6237      0.0       0.0     1.5125      0.0    0.0       1.074   32.8   0b1111111111111111    20190611T125118276361
14       0     1.6257      0.4       0.7     0.3176      0.2    0.8       5.119   32.8   0b1111111111111111    20190611T125118276673
15       0     1.6207      0.0       0.0     1.5134      0.3    0.8       1.071   32.8   0b1111111111111111    20190611T125118276955
