CH# Threshold[DAC] Vset[DAC]     V[V]     I[A]     R[ohm]     T[C]           LUstate          Timestamp
 0        800         0        1.6200    0.3183   5.0903    26.3475      0b100000100000000    20181005T182450109629
 1       2301         0        1.6281    1.5375   1.0589    26.3475     0b1111010111010101    20181005T182450247934
 2        803         0        1.6425    0.3233   5.0799    26.3475      0b101000101010001    20181005T182450386233
 3       2303         0        1.6245    1.5345   1.0587    26.3792     0b1111010111010111    20181005T182450524445
 4        801         0        1.6239    0.3219   5.0445    26.3792      0b100000100000001    20181005T182450662850
 5       2315         0        1.6298    1.5443   1.0554    26.3792     0b1111011111011111    20181005T182450800965
 6        802         0        1.6228    0.3192   5.0846    26.3792      0b101000100010001    20181005T182450939352
 7       2297         0        1.6194    1.5358   1.0544    26.3792      0b111010101010101    20181005T182451077572
 8        798         0        1.6313    0.3183   5.1243    26.3792       0b00000000000000    20181005T182451215969
 9       2303         0        1.6298    1.5365   1.0607    26.3792     0b1111010111010111    20181005T182451354226
10        804         0        1.6282    0.3215   5.0645    26.4109      0b101000101010101    20181005T182451492566
11       2316         0        1.6258    1.5501   1.0489    26.4109     0b1111011111111111    20181005T182451630836
12        801         0        1.6305    0.3218   5.0676    26.4109      0b100000100000001    20181005T182451769181
13       2273         0        1.6183    1.5183   1.0658    26.4109      0b101010101010101    20181005T182451907449
14        798         0        1.6320    0.3225   5.0605    26.4109       0b00000000000000    20181005T182452045800
15       2298         0        1.6229    1.5360   1.0566    26.3792      0b111010111010101    20181005T182452183804
 0        860        50        1.8810    0.3700   5.0838    26.6646      0b100000100000000    20181005T182504393475
 1       2604        50        1.8895    1.7842   1.0590    26.6328     0b1111010111010101    20181005T182504531768
 2        867        50        1.9075    0.3758   5.0753    26.6963      0b101010101010001    20181005T182504670118
 3       2606        50        1.8870    1.7824   1.0587    26.6646     0b1111010111010111    20181005T182504808372
 4        863        50        1.8854    0.3740   5.0410    26.6646      0b101000100000001    20181005T182504946712
 5       2621        50        1.8923    1.7932   1.0552    26.6646     0b1111011111011111    20181005T182505084860
 6        865        50        1.8842    0.3717   5.0697    26.6646      0b101000100010001    20181005T182505223237
 7       2595        50        1.8806    1.7834   1.0545    26.6646     0b1111010101010101    20181005T182505361626
 8        859        50        1.8923    0.3697   5.1188    26.6646       0b00000000000000    20181005T182505499820
 9       2606        50        1.8923    1.7841   1.0606    26.6646     0b1111010111010111    20181005T182505637980
10        865        50        1.8900    0.3733   5.0625    26.6646      0b101000100010001    20181005T182505776356
11       2622        50        1.8855    1.7981   1.0486    26.6646     0b1111011111111111    20181005T182505914734
12        861        50        1.8873    0.3727   5.0643    26.6646      0b100000100000001    20181005T182506053105
13       2546        50        1.8721    1.7568   1.0656    26.6646      0b101010101010101    20181005T182506191354
14        859        50        1.8888    0.3733   5.0593    26.6646       0b00000000000000    20181005T182506329733
15       2594        50        1.8773    1.7770   1.0564    26.6646      0b111010101010101    20181005T182506467975
 0        924       100        2.1262    0.4183   5.0827    26.7914      0b101000100000000    20181005T182518662532
 1       2894       100        2.1345    2.0158   1.0589    26.7914     0b1111011101010101    20181005T182518800930
 2        929       100        2.1532    0.4244   5.0734    26.7914      0b101010101010001    20181005T182518939268
 3       2894       100        2.1316    2.0140   1.0584    26.7914     0b1111011101010101    20181005T182519077511
 4        925       100        2.1307    0.4225   5.0432    26.7914      0b101000100000001    20181005T182519215777
 5       2907       100        2.1367    2.0250   1.0552    26.7914     0b1111011111011111    20181005T182519354024
 6        927       100        2.1304    0.4204   5.0675    26.7597      0b101000100010001    20181005T182519492384
 7       2894       100        2.1255    2.0157   1.0545    26.7597     0b1111011101010101    20181005T182519630637
 8        921       100        2.1364    0.4176   5.1162    26.7597      0b100000000000000    20181005T182519769015
 9       2892       100        2.1352    2.0142   1.0601    26.7597     0b1111010101010101    20181005T182519907264
10        927       100        2.1349    0.4225   5.0530    26.7914      0b101000100010001    20181005T182520045590
11       2908       100        2.1285    2.0297   1.0487    26.7597     0b1111011111111111    20181005T182520183787
12        922       100        2.1271    0.4203   5.0615    26.7597      0b100000100000000    20181005T182520322124
13       2851       100        2.1105    1.9808   1.0655    26.7597      0b101010101010101    20181005T182520460365
14        919       100        2.1285    0.4203   5.0648    26.7597       0b00000000000000    20181005T182520598628
15       2883       100        2.1180    2.0051   1.0563    26.7597      0b111010101010101    20181005T182520736876
 0        983       150        2.3706    0.4667   5.0790    26.7597      0b101000100000000    20181005T182532924691
 1       3178       150        2.3790    2.2465   1.0590    26.7597     0b1111011101010101    20181005T182533063009
 2        990       150        2.4007    0.4735   5.0702    26.7597      0b101010101010001    20181005T182533201185
 3       3178       150        2.3768    2.2454   1.0585    26.7597     0b1111011101010101    20181005T182533339435
 4        985       150        2.3754    0.4716   5.0371    26.7280      0b101000100000001    20181005T182533477649
 5       3191       150        2.3826    2.2582   1.0551    26.7597     0b1111111111011111    20181005T182533615797
 6        985       150        2.3744    0.4690   5.0626    26.7280      0b101000100000001    20181005T182533754036
 7       3178       150        2.3692    2.2465   1.0546    26.7280     0b1111011101010101    20181005T182533892163
 8        980       150        2.3792    0.4656   5.1100    26.7597      0b100000000000000    20181005T182534030427
 9       3171       150        2.3779    2.2437   1.0598    26.7597     0b1111010101010101    20181005T182534168648
10        986       150        2.3783    0.4708   5.0512    26.6963      0b101000101010001    20181005T182534306904
11       3187       150        2.3702    2.2601   1.0487    26.7597     0b1111011111011111    20181005T182534445043
12        980       150        2.3648    0.4675   5.0583    26.7280      0b100000000000000    20181005T182534583305
13       3122       150        2.3475    2.2033   1.0654    26.7280      0b101010101010101    20181005T182534721495
14        976       150        2.3663    0.4674   5.0624    26.7280       0b00000000000000    20181005T182534859790
15       3159       150        2.3550    2.2300   1.0561    26.7280      0b111010101010101    20181005T182534998036
 0       1041       200        2.6145    0.5148   5.0783    26.6328      0b101000100000000    20181005T182547205064
 1       3385       200        2.5957    2.4514   1.0589    26.6328      0b101010101010101    20181005T182547343289
 2       1047       200        2.6496    0.5228   5.0678    26.6328      0b101010101010001    20181005T182547481571
 3       3385       200        2.5925    2.4495   1.0584    26.6328      0b101010101010101    20181005T182547619821
 4       1045       200        2.6218    0.5203   5.0388    26.6011      0b101010100000001    20181005T182547758061
 5       3385       200        2.5966    2.4608   1.0552    26.6011      0b101010101010101    20181005T182547896287
 6       1046       200        2.6190    0.5172   5.0641    26.6328      0b101010100010001    20181005T182548034536
 7       3385       200        2.5891    2.4549   1.0547    26.6328      0b101010101010101    20181005T182548172558
 8       1036       200        2.6230    0.5131   5.1122    26.6328      0b100000000000000    20181005T182548310814
 9       3442       200        2.6074    2.4604   1.0597    26.6328     0b1111010111111111    20181005T182548448913
10       1044       200        2.6216    0.5189   5.0520    26.6328      0b101000100000001    20181005T182548587154
11       3449       200        2.5994    2.4784   1.0488    26.6328     0b1111011111111111    20181005T182548725310
12       1038       200        2.6049    0.5148   5.0597    26.6011      0b100000100000000    20181005T182548863689
13       3385       200        2.5774    2.4188   1.0656    26.6011      0b101010101010101    20181005T182549001913
14       1034       200        2.6044    0.5139   5.0677    26.6011       0b00000000000000    20181005T182549140162
15       3429       200        2.5876    2.4501   1.0561    26.6011      0b111010111111111    20181005T182549278285
 0       1101       250        2.8278    0.5571   5.0761    26.5060      0b101000100000000    20181005T182601480094
 1       3327       250        2.6202    2.4739   1.0591    26.5060      0b101010101010101    20181005T182601618236
 2       1109       250        2.8391    0.5633   5.0397    26.4743      0b101010100010001    20181005T182601756453
 3       3327       250        2.6175    2.4728   1.0585    26.4743      0b101010101010101    20181005T182601894727
 4       1101       250        2.8309    0.5622   5.0357    26.4743      0b101000100000000    20181005T182602032980
 5       3327       250        2.6197    2.4822   1.0554    26.5060      0b101010101010101    20181005T182602171227
 6       1109       250        2.8276    0.5572   5.0749    26.4426      0b101010100010001    20181005T182602309443
 7       3327       250        2.6164    2.4808   1.0547    26.4743      0b101010101010101    20181005T182602447701
 8       1097       250        2.8450    0.5557   5.1192    26.4743      0b100000000000000    20181005T182602585982
 9       3488       250        2.6411    2.4919   1.0598    26.4426      0b101010111111111    20181005T182602724067
10       1108       250        2.8415    0.5597   5.0763    26.4743      0b101000100010001    20181005T182602862295
11       3488       250        2.6347    2.5118   1.0489    26.4743      0b101010111111111    20181005T182603000442
12       1097       250        2.8309    0.5600   5.0551    26.4743      0b100000000000000    20181005T182603138647
13       3488       250        2.6387    2.4764   1.0655    26.4743      0b101010111111111    20181005T182603276708
14       1092       250        2.8296    0.5567   5.0831    26.4426       0b00000000000000    20181005T182603414958
15       3488       250        2.6391    2.4988   1.0561    26.4743      0b101010111111111    20181005T182603553077
