CH# Vset[DAC]   V[V]    dVRMS[mV] dVpp[mV]    I[A]  dIRMS[mA] dIpp[mA]   R[ohm]   T[C]   State                Timestamp
 0     250     2.8088      4.8      15.7     0.5527      6.4   23.3       5.082   31.4   0b1111111111111111    20190611T155427342868
 1     250     2.5856      5.3      17.2     2.4393      4.9   15.0       1.060   31.4   0b1111111111111111    20190611T155427343378
 2     250     2.8072      4.7      15.7     0.5527      3.4   10.8       5.079   31.4   0b1111111111111111    20190611T155427343778
 3     250     2.5792      5.0      15.7     2.4325      4.7   15.0       1.060   31.4   0b1111111111111111    20190611T155427344089
 4     250     2.8079      4.5      14.2     0.5522      3.2   12.5       5.085   31.4   0b1111111111111111    20190611T155427344405
 5     250     2.5806      5.1      16.5     2.4371      4.8   15.8       1.059   31.4   0b1111111111111111    20190611T155427344695
 6     250     2.8043      4.4      13.5     0.5533      3.2   11.7       5.069   31.4   0b1111111111111111    20190611T155427344979
 7     250     2.5850      4.7      15.0     2.4423      4.4   14.2       1.058   31.4   0b1111111111111111    20190611T155427345263
 8     250     2.8405      1.2       3.8     0.5564      3.9   13.3       5.105   31.4   0b1111111111111111    20190611T155427345568
 9     250     2.6170      1.1       3.8     2.4615      0.7    2.5       1.063   31.4   0b1111111111111111    20190611T155427345851
10     250     2.8385      1.0       3.0     0.5601      5.5   18.3       5.068   31.4   0b1111111111111111    20190611T155427346132
11     250     2.6188      1.2       4.5     2.4896      1.2    4.2       1.052   31.4   0b1111111111111111    20190611T155427346438
12     250     2.8411      0.9       3.0     0.5608      2.9   10.0       5.066   31.4   0b1111111111111111    20190611T155427346722
13     250     2.6223      0.8       2.3     2.4592      0.9    3.3       1.066   31.4   0b1111111111111111    20190611T155427347002
14     250     2.8449      1.0       3.0     0.5608      3.1    8.3       5.073   31.4   0b1111111111111111    20190611T155427347315
15     250     2.6007      1.0       3.0     2.4555      0.9    2.5       1.059   31.4   0b1111111111111111    20190611T155427347616
 0     240     2.8024      0.9       2.3     0.5552      4.6   15.8       5.048   31.5   0b1111111111111111    20190611T155430802828
 1     240     2.5943      1.2       3.0     2.4469      1.1    3.3       1.060   31.5   0b1111111111111111    20190611T155430803284
 2     240     2.8009      0.9       2.3     0.5544      4.2   13.3       5.052   31.5   0b1111111111111111    20190611T155430803633
 3     240     2.5875      1.2       3.0     2.4405      0.9    2.5       1.060   31.5   0b1111111111111111    20190611T155430803931
 4     240     2.7985      0.8       2.2     0.5509      4.1   11.7       5.080   31.5   0b1111111111111111    20190611T155430804255
 5     240     2.5885      1.0       3.0     2.4447      1.0    2.5       1.059   31.5   0b1111111111111111    20190611T155430804571
 6     240     2.7960      0.7       1.5     0.5518      4.0   14.2       5.068   31.5   0b1111111111111111    20190611T155430804857
 7     240     2.5923      1.1       3.0     2.4490      0.7    1.7       1.059   31.5   0b1111111111111111    20190611T155430805143
 8     240     2.8203      0.4       0.7     0.5505      2.8    8.3       5.123   31.5   0b1111111111111111    20190611T155430805528
 9     240     2.6168      0.0       0.0     2.4610      0.3    0.8       1.063   31.5   0b1111111111111111    20190611T155430805819
10     240     2.8163      0.0       0.0     0.5560      3.0    9.2       5.065   31.5   0b1111111111111111    20190611T155430806102
11     240     2.6188      0.3       0.7     2.4893      0.3    0.8       1.052   31.5   0b1111111111111111    20190611T155430806447
12     240     2.8219      0.4       0.8     0.5563      3.8   11.7       5.073   31.5   0b1111111111111111    20190611T155430806737
13     240     2.6220      0.0       0.0     2.4591      0.6    1.7       1.066   31.5   0b1111111111111111    20190611T155430807020
14     240     2.8289      0.3       0.8     0.5552      3.6   11.7       5.095   31.5   0b1111111111111111    20190611T155430807373
15     240     2.6008      0.3       0.8     2.4554      0.6    1.7       1.059   31.5   0b1111111111111111    20190611T155430807662
 0     230     2.7797      0.3       0.8     0.5512      2.8   10.0       5.043   31.6   0b1111111111111111    20190611T155434253783
 1     230     2.5969      0.6       2.3     2.4491      0.7    2.5       1.060   31.6   0b1111111111111111    20190611T155434254176
 2     230     2.7787      0.2       0.8     0.5476      2.3    9.2       5.074   31.6   0b1111111111111111    20190611T155434254519
 3     230     2.5897      0.6       1.5     2.4425      0.7    1.7       1.060   31.6   0b1111111111111111    20190611T155434254850
 4     230     2.7720      0.0       0.0     0.5447      2.6    8.3       5.089   31.6   0b1111111111111111    20190611T155434255139
 5     230     2.5903      0.7       2.3     2.4461      0.8    2.5       1.059   31.6   0b1111111111111111    20190611T155434255427
 6     230     2.7715      0.3       0.7     0.5463      2.5    8.3       5.073   31.6   0b1111111111111111    20190611T155434255778
 7     230     2.5936      0.7       1.5     2.4504      0.6    1.7       1.058   31.6   0b1111111111111111    20190611T155434256064
 8     230     2.7870      0.0       0.0     0.5452      1.6    4.2       5.112   31.6   0b1111111111111111    20190611T155434256408
 9     230     2.6158      0.3       0.8     2.4600      0.6    1.7       1.063   31.6   0b1111111111111111    20190611T155434256754
10     230     2.7810      0.0       0.0     0.5496      1.5    5.0       5.060   31.6   0b1111111111111111    20190611T155434257041
11     230     2.6179      0.4       0.8     2.4887      0.4    0.8       1.052   31.6   0b1111111111111111    20190611T155434257323
12     230     2.7900      0.0       0.0     0.5501      2.6    7.5       5.072   31.6   0b1111111111111111    20190611T155434257659
13     230     2.6214      0.3       0.7     2.4584      0.4    1.7       1.066   31.6   0b1111111111111111    20190611T155434257947
14     230     2.8013      0.0       0.0     0.5526      3.9   10.8       5.069   31.6   0b1111111111111111    20190611T155434258228
15     230     2.6005      0.4       0.8     2.4553      0.4    0.8       1.059   31.6   0b1111111111111111    20190611T155434258571
 0     220     2.7413      0.0       0.0     0.5420      1.5    4.2       5.058   31.8   0b1111111111111111    20190611T155437705345
 1     220     2.5981      0.5       1.5     2.4507      0.6    1.7       1.060   31.8   0b1111111111111111    20190611T155437705586
 2     220     2.7396      0.3       0.8     0.5397      1.6    5.0       5.076   31.8   0b1111111111111111    20190611T155437707251
 3     220     2.5906      0.5       1.5     2.4435      0.7    2.5       1.060   31.8   0b1111111111111111    20190611T155437707438
 4     220     2.7302      0.3       0.8     0.5383      1.4    4.2       5.072   31.8   0b1111111111111111    20190611T155437707600
 5     220     2.5900      0.5       1.5     2.4457      0.6    1.7       1.059   31.8   0b1111111111111111    20190611T155437707747
 6     220     2.7311      0.4       0.7     0.5388      1.9    6.7       5.069   31.8   0b1111111111111111    20190611T155437707891
 7     220     2.5927      0.6       1.5     2.4496      0.8    2.5       1.058   31.8   0b1111111111111111    20190611T155437708033
 8     220     2.7420      0.0       0.0     0.5359      1.2    4.2       5.116   31.8   0b1111111111111111    20190611T155437708205
 9     220     2.6134      0.4       0.8     2.4578      0.4    0.8       1.063   31.8   0b1111111111111111    20190611T155437708354
10     220     2.7356      0.4       0.8     0.5389      1.3    4.2       5.076   31.8   0b1111111111111111    20190611T155437708552
11     220     2.6159      0.3       0.8     2.4867      0.4    1.7       1.052   31.8   0b1111111111111111    20190611T155437708697
12     220     2.7443      0.0       0.0     0.5404      1.2    4.2       5.078   31.8   0b1111111111111111    20190611T155437708837
13     220     2.6197      0.2       0.7     2.4570      0.4    0.8       1.066   31.8   0b1111111111111111    20190611T155437708982
14     220     2.7598      0.3       0.8     0.5437      1.5    4.2       5.076   31.8   0b1111111111111111    20190611T155437709120
15     220     2.5997      0.3       0.7     2.4547      0.4    0.8       1.059   31.8   0b1111111111111111    20190611T155437709257
 0     210     2.6932      0.0       0.0     0.5311      1.0    3.3       5.071   31.9   0b1111111111111111    20190611T155441168504
 1     210     2.5971      0.6       1.5     2.4497      0.7    2.5       1.060   31.9   0b1111111111111111    20190611T155441168899
 2     210     2.6917      0.0       0.0     0.5296      1.1    4.2       5.083   31.9   0b1111111111111111    20190611T155441169209
 3     210     2.5889      0.5       1.5     2.4417      0.7    2.5       1.060   31.9   0b1111111111111111    20190611T155441169532
 4     210     2.6820      0.0       0.0     0.5295      0.8    2.5       5.065   31.9   0b1111111111111111    20190611T155441169825
 5     210     2.5864      0.5       1.5     2.4424      0.4    1.7       1.059   31.9   0b1111111111111111    20190611T155441170111
 6     210     2.6833      0.3       0.8     0.5286      0.8    2.5       5.076   31.9   0b1111111111111111    20190611T155441170417
 7     210     2.5879      0.5       1.5     2.4452      0.3    0.8       1.058   31.9   0b1111111111111111    20190611T155441170701
 8     210     2.6925      0.0       0.0     0.5262      0.6    1.7       5.117   31.9   0b1111111111111111    20190611T155441170982
 9     210     2.6073      0.4       0.8     2.4523      0.3    0.8       1.063   31.9   0b1111111111111111    20190611T155441171263
10     210     2.6865      0.0       0.0     0.5291      0.4    1.7       5.078   31.9   0b1111111111111111    20190611T155441171562
11     210     2.6103      0.4       0.8     2.4816      0.6    2.5       1.052   31.9   0b1111111111111111    20190611T155441171844
12     210     2.6947      0.0       0.0     0.5312      0.6    1.7       5.072   31.9   0b1111111111111111    20190611T155441172138
13     210     2.6147      0.3       0.7     2.4523      0.5    1.7       1.066   31.9   0b1111111111111111    20190611T155441172443
14     210     2.7105      0.0       0.0     0.5338      0.4    0.8       5.077   31.9   0b1111111111111111    20190611T155441172725
15     210     2.5966      0.2       0.8     2.4515      0.3    0.8       1.059   31.9   0b1111111111111111    20190611T155441173003
 0     200     2.6430      0.0       0.0     0.5214      0.4    0.8       5.069   32.1   0b1111111111111111    20190611T155444613631
 1     200     2.5922      0.3       0.8     2.4446      0.6    1.7       1.060   32.1   0b1111111111111111    20190611T155444614038
 2     200     2.6415      0.0       0.0     0.5199      0.8    2.5       5.081   32.1   0b1111111111111111    20190611T155444614448
 3     200     2.5830      0.3       1.5     2.4366      0.4    1.7       1.060   32.1   0b1111111111111111    20190611T155444614758
 4     200     2.6324      0.3       0.8     0.5203      0.7    2.5       5.059   32.1   0b1111111111111111    20190611T155444615118
 5     200     2.5770      0.0       0.0     2.4332      0.6    1.7       1.059   32.1   0b1111111111111111    20190611T155444615471
 6     200     2.6332      0.0       0.0     0.5193      0.6    1.7       5.071   32.1   0b1111111111111111    20190611T155444615766
 7     200     2.5763      0.2       0.7     2.4344      0.4    0.8       1.058   32.1   0b1111111111111111    20190611T155444616050
 8     200     2.6423      0.0       0.0     0.5165      0.5    1.7       5.116   32.1   0b1111111111111111    20190611T155444616386
 9     200     2.5950      0.0       0.0     2.4405      0.6    1.7       1.063   32.1   0b1111111111111111    20190611T155444616677
10     200     2.6362      0.0       0.0     0.5196      0.6    1.7       5.074   32.1   0b1111111111111111    20190611T155444617007
11     200     2.5987      0.0       0.0     2.4706      0.4    0.8       1.052   32.1   0b1111111111111111    20190611T155444617366
12     200     2.6444      0.3       0.8     0.5214      0.5    1.7       5.071   32.1   0b1111111111111111    20190611T155444617670
13     200     2.6040      0.0       0.0     2.4422      0.4    0.8       1.066   32.1   0b1111111111111111    20190611T155444617953
14     200     2.6603      0.0       0.0     0.5239      0.7    1.7       5.078   32.1   0b1111111111111111    20190611T155444618290
15     200     2.5890      0.0       0.0     2.4444      0.4    0.8       1.059   32.1   0b1111111111111111    20190611T155444618469
 0     190     2.5942      0.2       0.8     0.5118      0.3    0.8       5.069   32.2   0b1111111111111111    20190611T155448058926
 1     190     2.5793      0.0       0.0     2.4326      0.6    1.7       1.060   32.2   0b1111111111111111    20190611T155448059331
 2     190     2.5934      0.2       0.7     0.5101      0.2    0.8       5.084   32.2   0b1111111111111111    20190611T155448059724
 3     190     2.5680      0.0       0.0     2.4222      0.4    0.8       1.060   32.2   0b1111111111111111    20190611T155448060033
 4     190     2.5845      0.0       0.0     0.5108      0.4    1.7       5.059   32.2   0b1111111111111111    20190611T155448060326
 5     190     2.5568      0.0       0.0     2.4141      0.2    0.8       1.059   32.2   0b1111111111111111    20190611T155448060669
 6     190     2.5845      0.0       0.0     0.5096      0.4    0.8       5.072   32.2   0b1111111111111111    20190611T155448060960
 7     190     2.5523      0.0       0.0     2.4111      0.4    0.8       1.059   32.2   0b1111111111111111    20190611T155448061246
 8     190     2.5942      0.0       0.0     0.5068      0.5    1.7       5.119   32.2   0b1111111111111111    20190611T155448061612
 9     190     2.5703      0.0       0.0     2.4175      0.4    1.7       1.063   32.2   0b1111111111111111    20190611T155448061928
10     190     2.5883      0.2       0.8     0.5100      0.0    0.0       5.075   32.2   0b1111111111111111    20190611T155448062212
11     190     2.5757      0.3       0.8     2.4488      0.4    0.8       1.052   32.2   0b1111111111111111    20190611T155448062560
12     190     2.5973      0.2       0.7     0.5118      0.3    0.8       5.075   32.2   0b1111111111111111    20190611T155448062854
13     190     2.5822      0.0       0.0     2.4218      0.5    1.7       1.066   32.2   0b1111111111111111    20190611T155448063138
14     190     2.6122      0.0       0.0     0.5144      0.4    0.8       5.078   32.2   0b1111111111111111    20190611T155448063418
15     190     2.5727      0.3       0.8     2.4290      0.5    1.7       1.059   32.2   0b1111111111111111    20190611T155448063749
 0     180     2.5438      0.3       0.7     0.5018      0.3    0.8       5.070   32.3   0b1111111111111111    20190611T155451515637
 1     180     2.5508      0.0       0.0     2.4058      0.3    0.8       1.060   32.3   0b1111111111111111    20190611T155451516057
 2     180     2.5433      0.0       0.0     0.5004      0.4    0.8       5.082   32.3   0b1111111111111111    20190611T155451516463
 3     180     2.5365      0.0       0.0     2.3927      0.3    0.8       1.060   32.3   0b1111111111111111    20190611T155451516774
 4     180     2.5346      0.4       0.7     0.5008      0.3    0.8       5.062   32.3   0b1111111111111111    20190611T155451517067
 5     180     2.5182      0.4       0.7     2.3776      0.3    0.8       1.059   32.3   0b1111111111111111    20190611T155451517413
 6     180     2.5350      0.0       0.0     0.4998      0.3    0.8       5.072   32.3   0b1111111111111111    20190611T155451517705
 7     180     2.5110      0.0       0.0     2.3724      0.3    0.8       1.058   32.3   0b1111111111111111    20190611T155451518031
 8     180     2.5440      0.0       0.0     0.4968      0.2    0.8       5.121   32.3   0b1111111111111111    20190611T155451518379
 9     180     2.5290      0.0       0.0     2.3785      0.3    0.8       1.063   32.3   0b1111111111111111    20190611T155451518525
10     180     2.5388      0.0       0.0     0.5002      0.3    0.8       5.076   32.3   0b1111111111111111    20190611T155451518688
11     180     2.5357      0.2       0.8     2.4100      0.0    0.0       1.052   32.3   0b1111111111111111    20190611T155451518835
12     180     2.5470      0.0       0.0     0.5018      0.3    0.8       5.075   32.3   0b1111111111111111    20190611T155451518972
13     180     2.5433      0.0       0.0     2.3854      0.4    0.8       1.066   32.3   0b1111111111111111    20190611T155451519108
14     180     2.5620      0.0       0.0     0.5044      0.4    0.8       5.079   32.3   0b1111111111111111    20190611T155451519282
15     180     2.5402      0.0       0.0     2.3984      0.2    0.8       1.059   32.3   0b1111111111111111    20190611T155451519424
 0     170     2.4931      0.3       0.8     0.4917      0.0    0.0       5.071   32.4   0b1111111111111111    20190611T155454969454
 1     170     2.5057      0.0       0.0     2.3633      0.0    0.0       1.060   32.4   0b1111111111111111    20190611T155454969792
 2     170     2.4930      0.0       0.0     0.4903      0.4    0.8       5.085   32.4   0b1111111111111111    20190611T155454970063
 3     170     2.4907      0.0       0.0     2.3492      0.0    0.0       1.060   32.4   0b1111111111111111    20190611T155454970332
 4     170     2.4848      0.0       0.0     0.4908      0.0    0.0       5.062   32.4   0b1111111111111111    20190611T155454970589
 5     170     2.4704      0.2       0.8     2.3324      0.3    0.8       1.059   32.4   0b1111111111111111    20190611T155454970837
 6     170     2.4850      0.3       0.7     0.4899      0.2    0.8       5.072   32.4   0b1111111111111111    20190611T155454971088
 7     170     2.4626      0.4       0.8     2.3265      0.3    0.8       1.059   32.4   0b1111111111111111    20190611T155454971432
 8     170     2.4943      0.3       0.8     0.4873      0.3    0.8       5.118   32.4   0b1111111111111111    20190611T155454971687
 9     170     2.4803      0.0       0.0     2.3327      0.3    0.8       1.063   32.4   0b1111111111111111    20190611T155454971990
10     170     2.4886      0.2       0.8     0.4903      0.4    0.8       5.076   32.4   0b1111111111111111    20190611T155454972310
11     170     2.4870      0.0       0.0     2.3639      0.4    0.8       1.052   32.4   0b1111111111111111    20190611T155454972620
12     170     2.4967      0.0       0.0     0.4918      0.2    0.8       5.077   32.4   0b1111111111111111    20190611T155454972875
13     170     2.4945      0.0       0.0     2.3398      0.3    0.8       1.066   32.4   0b1111111111111111    20190611T155454973124
14     170     2.5110      0.0       0.0     0.4943      0.3    0.8       5.080   32.4   0b1111111111111111    20190611T155454973380
15     170     2.4937      0.0       0.0     2.3549      0.3    0.8       1.059   32.4   0b1111111111111111    20190611T155454973632
 0     160     2.4428      0.2       0.7     0.4817      0.0    0.0       5.072   32.5   0b1111111111111111    20190611T155458429610
 1     160     2.4555      0.0       0.0     2.3158      0.0    0.0       1.060   32.5   0b1111111111111111    20190611T155458430009
 2     160     2.4428      0.0       0.0     0.4806      0.4    0.8       5.083   32.5   0b1111111111111111    20190611T155458430416
 3     160     2.4405      0.0       0.0     2.3019      0.4    0.8       1.060   32.5   0b1111111111111111    20190611T155458430727
 4     160     2.4345      0.0       0.0     0.4810      0.3    0.8       5.061   32.5   0b1111111111111111    20190611T155458431020
 5     160     2.4202      0.0       0.0     2.2852      0.3    0.8       1.059   32.5   0b1111111111111111    20190611T155458431369
 6     160     2.4352      0.0       0.0     0.4800      0.0    0.0       5.073   32.5   0b1111111111111111    20190611T155458431664
 7     160     2.4127      0.0       0.0     2.2795      0.4    0.8       1.058   32.5   0b1111111111111111    20190611T155458431997
 8     160     2.4440      0.4       0.8     0.4773      0.4    0.8       5.121   32.5   0b1111111111111111    20190611T155458432385
 9     160     2.4300      0.0       0.0     2.2856      0.4    0.8       1.063   32.5   0b1111111111111111    20190611T155458432681
10     160     2.4390      0.0       0.0     0.4804      0.4    0.8       5.077   32.5   0b1111111111111111    20190611T155458432980
11     160     2.4367      0.2       0.7     2.3158      0.0    0.0       1.052   32.5   0b1111111111111111    20190611T155458433332
12     160     2.4465      0.0       0.0     0.4818      0.3    0.8       5.077   32.5   0b1111111111111111    20190611T155458433623
13     160     2.4443      0.0       0.0     2.2923      0.3    0.8       1.066   32.5   0b1111111111111111    20190611T155458433906
14     160     2.4607      0.2       0.8     0.4843      0.3    0.8       5.081   32.5   0b1111111111111111    20190611T155458434186
15     160     2.4440      0.4       0.8     2.3076      0.2    0.8       1.059   32.5   0b1111111111111111    20190611T155458434531
 0     150     2.3955      0.0       0.0     0.4723      0.3    0.8       5.072   32.6   0b1111111111111111    20190611T155501877888
 1     150     2.4065      0.3       0.8     2.2695      0.4    0.8       1.060   32.6   0b1111111111111111    20190611T155501878281
 2     150     2.3947      0.0       0.0     0.4712      0.4    0.8       5.083   32.6   0b1111111111111111    20190611T155501878624
 3     150     2.3925      0.0       0.0     2.2568      0.4    1.7       1.060   32.6   0b1111111111111111    20190611T155501878925
 4     150     2.3880      0.0       0.0     0.4718      0.3    0.8       5.061   32.6   0b1111111111111111    20190611T155501879215
 5     150     2.3733      0.4       0.8     2.2408      0.0    0.0       1.059   32.6   0b1111111111111111    20190611T155501879526
 6     150     2.3880      0.0       0.0     0.4707      0.3    0.8       5.073   32.6   0b1111111111111111    20190611T155501879814
 7     150     2.3660      0.4       0.8     2.2352      0.3    0.8       1.059   32.6   0b1111111111111111    20190611T155501880097
 8     150     2.3960      0.3       0.7     0.4678      0.4    0.8       5.122   32.6   0b1111111111111111    20190611T155501880380
 9     150     2.3835      0.0       0.0     2.2417      0.0    0.0       1.063   32.6   0b1111111111111111    20190611T155501880683
10     150     2.3909      0.2       0.8     0.4708      0.0    0.0       5.078   32.6   0b1111111111111111    20190611T155501880964
11     150     2.3880      0.0       0.0     2.2697      0.4    0.8       1.052   32.6   0b1111111111111111    20190611T155501881295
12     150     2.3980      0.3       0.7     0.4725      0.0    0.0       5.075   32.6   0b1111111111111111    20190611T155501881606
13     150     2.3955      0.0       0.0     2.2466      0.3    0.8       1.066   32.6   0b1111111111111111    20190611T155501881889
14     150     2.4123      0.4       0.7     0.4749      0.3    0.8       5.079   32.6   0b1111111111111111    20190611T155501882204
15     150     2.3962      0.0       0.0     2.2625      0.0    0.0       1.059   32.6   0b1111111111111111    20190611T155501882508
 0     140     2.3456      0.4       0.8     0.4625      0.0    0.0       5.072   32.7   0b1111111111111111    20190611T155505334397
 1     140     2.3559      0.3       0.8     2.2219      0.4    0.8       1.060   32.7   0b1111111111111111    20190611T155505334785
 2     140     2.3445      0.0       0.0     0.4611      0.4    0.8       5.085   32.7   0b1111111111111111    20190611T155505335083
 3     140     2.3422      0.0       0.0     2.2094      0.4    0.8       1.060   32.7   0b1111111111111111    20190611T155505335393
 4     140     2.3385      0.0       0.0     0.4618      0.3    0.8       5.064   32.7   0b1111111111111111    20190611T155505335681
 5     140     2.3242      0.2       0.8     2.1943      0.2    0.8       1.059   32.7   0b1111111111111111    20190611T155505335965
 6     140     2.3385      0.0       0.0     0.4608      0.0    0.0       5.075   32.7   0b1111111111111111    20190611T155505336268
 7     140     2.3167      0.0       0.0     2.1888      0.4    0.8       1.058   32.7   0b1111111111111111    20190611T155505336552
 8     140     2.3460      0.0       0.0     0.4582      0.2    0.8       5.119   32.7   0b1111111111111111    20190611T155505336881
 9     140     2.3339      0.2       0.8     2.1949      0.2    0.8       1.063   32.7   0b1111111111111111    20190611T155505337190
10     140     2.3411      0.4       0.8     0.4609      0.3    0.8       5.079   32.7   0b1111111111111111    20190611T155505337496
11     140     2.3378      0.0       0.0     2.2225      0.0    0.0       1.052   32.7   0b1111111111111111    20190611T155505337777
12     140     2.3479      0.4       0.8     0.4624      0.3    0.8       5.078   32.7   0b1111111111111111    20190611T155505338058
13     140     2.3453      0.0       0.0     2.1995      0.4    0.8       1.066   32.7   0b1111111111111111    20190611T155505338365
14     140     2.3618      0.0       0.0     0.4650      0.0    0.0       5.079   32.7   0b1111111111111111    20190611T155505338648
15     140     2.3462      0.3       0.8     2.2154      0.4    0.8       1.059   32.7   0b1111111111111111    20190611T155505338927
 0     130     2.2957      0.0       0.0     0.4525      0.0    0.0       5.073   32.8   0b1111111111111111    20190611T155508789329
 1     130     2.3056      0.2       0.8     2.1749      0.3    0.8       1.060   32.8   0b1111111111111111    20190611T155508789729
 2     130     2.2950      0.0       0.0     0.4513      0.4    0.8       5.086   32.8   0b1111111111111111    20190611T155508790040
 3     130     2.2928      0.0       0.0     2.1627      0.3    0.8       1.060   32.8   0b1111111111111111    20190611T155508790358
 4     130     2.2890      0.0       0.0     0.4523      0.4    0.8       5.061   32.8   0b1111111111111111    20190611T155508790652
 5     130     2.2748      0.0       0.0     2.1476      0.3    0.8       1.059   32.8   0b1111111111111111    20190611T155508790940
 6     130     2.2890      0.0       0.0     0.4508      0.0    0.0       5.077   32.8   0b1111111111111111    20190611T155508791246
 7     130     2.2673      0.2       0.8     2.1425      0.0    0.0       1.058   32.8   0b1111111111111111    20190611T155508791532
 8     130     2.2965      0.0       0.0     0.4483      0.0    0.0       5.122   32.8   0b1111111111111111    20190611T155508791931
 9     130     2.2843      0.3       0.8     2.1483      0.0    0.0       1.063   32.8   0b1111111111111111    20190611T155508792291
10     130     2.2913      0.2       0.8     0.4513      0.4    0.8       5.077   32.8   0b1111111111111111    20190611T155508792580
11     130     2.2883      0.0       0.0     2.1752      0.3    0.8       1.052   32.8   0b1111111111111111    20190611T155508792863
12     130     2.2980      0.0       0.0     0.4525      0.4    1.7       5.078   32.8   0b1111111111111111    20190611T155508793144
13     130     2.2952      0.3       0.7     2.1526      0.2    0.8       1.066   32.8   0b1111111111111111    20190611T155508793450
14     130     2.3115      0.0       0.0     0.4550      0.0    0.0       5.080   32.8   0b1111111111111111    20190611T155508793730
15     130     2.2965      0.0       0.0     2.1682      0.3    0.8       1.059   32.8   0b1111111111111111    20190611T155508794011
 0     120     2.2462      0.0       0.0     0.4425      0.0    0.0       5.076   32.9   0b1111111111111111    20190611T155512246562
 1     120     2.2560      0.0       0.0     2.1283      0.3    0.8       1.060   32.9   0b1111111111111111    20190611T155512246792
 2     120     2.2455      0.0       0.0     0.4416      0.2    0.8       5.085   32.9   0b1111111111111111    20190611T155512246958
 3     120     2.2425      0.0       0.0     2.1158      0.3    0.8       1.060   32.9   0b1111111111111111    20190611T155512247109
 4     120     2.2388      0.0       0.0     0.4425      0.0    0.0       5.059   32.9   0b1111111111111111    20190611T155512247277
 5     120     2.2257      0.4       0.8     2.1016      0.2    0.8       1.059   32.9   0b1111111111111111    20190611T155512247423
 6     120     2.2400      0.3       0.8     0.4414      0.4    0.8       5.075   32.9   0b1111111111111111    20190611T155512247564
 7     120     2.2185      0.0       0.0     2.0965      0.3    0.8       1.058   32.9   0b1111111111111111    20190611T155512247711
 8     120     2.2459      0.4       0.7     0.4383      0.0    0.0       5.124   32.9   0b1111111111111111    20190611T155512247850
 9     120     2.2350      0.0       0.0     2.1020      0.4    0.8       1.063   32.9   0b1111111111111111    20190611T155512247988
10     120     2.2425      0.0       0.0     0.4417      0.0    0.0       5.077   32.9   0b1111111111111111    20190611T155512248127
11     120     2.2388      0.0       0.0     2.1283      0.0    0.0       1.052   32.9   0b1111111111111111    20190611T155512248268
12     120     2.2485      0.0       0.0     0.4425      0.0    0.0       5.081   32.9   0b1111111111111111    20190611T155512248405
13     120     2.2462      0.0       0.0     2.1066      0.3    0.8       1.066   32.9   0b1111111111111111    20190611T155512248542
14     120     2.2612      0.0       0.0     0.4452      0.3    0.8       5.080   32.9   0b1111111111111111    20190611T155512248678
15     120     2.2462      0.0       0.0     2.1208      0.0    0.0       1.059   32.9   0b1111111111111111    20190611T155512248814
 0     110     2.1989      0.2       0.8     0.4333      0.0    0.0       5.074   33.0   0b1111111111111111    20190611T155515703130
 1     110     2.2087      0.0       0.0     2.0833      0.3    0.8       1.060   33.0   0b1111111111111111    20190611T155515703560
 2     110     2.1986      0.4       0.8     0.4322      0.4    0.8       5.087   33.0   0b1111111111111111    20190611T155515703877
 3     110     2.1953      0.0       0.0     2.0711      0.4    0.8       1.060   33.0   0b1111111111111111    20190611T155515704175
 4     110     2.1923      0.0       0.0     0.4333      0.3    0.8       5.060   33.0   0b1111111111111111    20190611T155515704490
 5     110     2.1788      0.0       0.0     2.0574      0.3    0.8       1.059   33.0   0b1111111111111111    20190611T155515704779
 6     110     2.1930      0.0       0.0     0.4322      0.4    0.8       5.074   33.0   0b1111111111111111    20190611T155515705066
 7     110     2.1728      0.0       0.0     2.0529      0.4    0.8       1.058   33.0   0b1111111111111111    20190611T155515705372
 8     110     2.1983      0.0       0.0     0.4292      0.0    0.0       5.122   33.0   0b1111111111111111    20190611T155515705715
 9     110     2.1885      0.0       0.0     2.0581      0.4    0.8       1.063   33.0   0b1111111111111111    20190611T155515706039
10     110     2.1960      0.0       0.0     0.4323      0.3    0.8       5.079   33.0   0b1111111111111111    20190611T155515706347
11     110     2.1915      0.0       0.0     2.0833      0.0    0.0       1.052   33.0   0b1111111111111111    20190611T155515706631
12     110     2.2007      0.3       0.8     0.4333      0.0    0.0       5.078   33.0   0b1111111111111111    20190611T155515706912
13     110     2.1990      0.0       0.0     2.0619      0.4    0.8       1.066   33.0   0b1111111111111111    20190611T155515707193
14     110     2.2139      0.2       0.8     0.4358      0.0    0.0       5.080   33.0   0b1111111111111111    20190611T155515707498
15     110     2.1990      0.0       0.0     2.0758      0.0    0.0       1.059   33.0   0b1111111111111111    20190611T155515707780
 0     100     2.1495      0.0       0.0     0.4233      0.0    0.0       5.078   33.1   0b1111111111111111    20190611T155519157510
 1     100     2.1591      0.3       0.8     2.0362      0.4    0.8       1.060   33.1   0b1111111111111111    20190611T155519157932
 2     100     2.1495      0.0       0.0     0.4224      0.3    0.8       5.089   33.1   0b1111111111111111    20190611T155519158301
 3     100     2.1465      0.0       0.0     2.0249      0.3    0.8       1.060   33.1   0b1111111111111111    20190611T155519158632
 4     100     2.1435      0.0       0.0     0.4233      0.0    0.0       5.063   33.1   0b1111111111111111    20190611T155519158777
 5     100     2.1300      0.0       0.0     2.0115      0.3    0.8       1.059   33.1   0b1111111111111111    20190611T155519158919
 6     100     2.1442      0.0       0.0     0.4225      0.0    0.0       5.075   33.1   0b1111111111111111    20190611T155519159067
 7     100     2.1240      0.0       0.0     2.0068      0.2    0.8       1.058   33.1   0b1111111111111111    20190611T155519159207
 8     100     2.1495      0.0       0.0     0.4192      0.0    0.0       5.128   33.1   0b1111111111111111    20190611T155519159345
 9     100     2.1397      0.2       0.8     2.0117      0.0    0.0       1.064   33.1   0b1111111111111111    20190611T155519159497
10     100     2.1470      0.3       0.8     0.4225      0.0    0.0       5.082   33.1   0b1111111111111111    20190611T155519159635
11     100     2.1424      0.4       0.8     2.0365      0.3    0.8       1.052   33.1   0b1111111111111111    20190611T155519159773
12     100     2.1518      0.0       0.0     0.4234      0.2    0.8       5.082   33.1   0b1111111111111111    20190611T155519159909
13     100     2.1495      0.0       0.0     2.0157      0.3    0.8       1.066   33.1   0b1111111111111111    20190611T155519160045
14     100     2.1638      0.2       0.7     0.4258      0.0    0.0       5.081   33.1   0b1111111111111111    20190611T155519160181
15     100     2.1495      0.0       0.0     2.0293      0.3    0.8       1.059   33.1   0b1111111111111111    20190611T155519160342
 0      90     2.1011      0.4       0.8     0.4138      0.4    0.8       5.077   33.2   0b1111111111111111    20190611T155522603934
 1      90     2.1097      0.0       0.0     1.9898      0.3    0.8       1.060   33.2   0b1111111111111111    20190611T155522604384
 2      90     2.1000      0.0       0.0     0.4125      0.0    0.0       5.091   33.2   0b1111111111111111    20190611T155522604711
 3      90     2.0978      0.0       0.0     1.9792      0.0    0.0       1.060   33.2   0b1111111111111111    20190611T155522605014
 4      90     2.0949      0.3       0.8     0.4134      0.3    0.8       5.067   33.2   0b1111111111111111    20190611T155522605332
 5      90     2.0828      0.0       0.0     1.9660      0.3    0.8       1.059   33.2   0b1111111111111111    20190611T155522605628
 6      90     2.0948      0.0       0.0     0.4125      0.0    0.0       5.078   33.2   0b1111111111111111    20190611T155522605915
 7      90     2.0767      0.2       0.8     1.9617      0.0    0.0       1.059   33.2   0b1111111111111111    20190611T155522606200
 8      90     2.1008      0.0       0.0     0.4100      0.0    0.0       5.124   33.2   0b1111111111111111    20190611T155522606550
 9      90     2.0918      0.2       0.8     1.9667      0.0    0.0       1.064   33.2   0b1111111111111111    20190611T155522606839
10      90     2.0978      0.0       0.0     0.4127      0.3    0.8       5.083   33.2   0b1111111111111111    20190611T155522607122
11      90     2.0940      0.0       0.0     1.9902      0.3    0.8       1.052   33.2   0b1111111111111111    20190611T155522607432
12      90     2.1023      0.0       0.0     0.4137      0.4    0.8       5.082   33.2   0b1111111111111111    20190611T155522607719
13      90     2.1000      0.0       0.0     1.9692      0.0    0.0       1.066   33.2   0b1111111111111111    20190611T155522608003
14      90     2.1150      0.0       0.0     0.4161      0.4    0.8       5.083   33.2   0b1111111111111111    20190611T155522608318
15      90     2.1008      0.0       0.0     1.9829      0.4    0.8       1.059   33.2   0b1111111111111111    20190611T155522608490
 0      80     2.0520      0.0       0.0     0.4042      0.0    0.0       5.077   33.3   0b1111111111111111    20190611T155526050350
 1      80     2.0602      0.0       0.0     1.9433      0.2    0.8       1.060   33.3   0b1111111111111111    20190611T155526050572
 2      80     2.0513      0.0       0.0     0.4032      0.3    0.8       5.088   33.3   0b1111111111111111    20190611T155526050770
 3      80     2.0490      0.0       0.0     1.9329      0.4    0.8       1.060   33.3   0b1111111111111111    20190611T155526050915
 4      80     2.0467      0.0       0.0     0.4042      0.0    0.0       5.064   33.3   0b1111111111111111    20190611T155526051055
 5      80     2.0340      0.0       0.0     1.9200      0.0    0.0       1.059   33.3   0b1111111111111111    20190611T155526051201
 6      80     2.0460      0.0       0.0     0.4027      0.4    0.8       5.080   33.3   0b1111111111111111    20190611T155526051344
 7      80     2.0287      0.0       0.0     1.9163      0.4    0.8       1.059   33.3   0b1111111111111111    20190611T155526051481
 8      80     2.0520      0.0       0.0     0.4000      0.0    0.0       5.130   33.3   0b1111111111111111    20190611T155526051618
 9      80     2.0436      0.3       0.8     1.9208      0.0    0.0       1.064   33.3   0b1111111111111111    20190611T155526051754
10      80     2.0490      0.0       0.0     0.4029      0.4    0.8       5.085   33.3   0b1111111111111111    20190611T155526051890
11      80     2.0452      0.0       0.0     1.9433      0.0    0.0       1.052   33.3   0b1111111111111111    20190611T155526052037
12      80     2.0535      0.0       0.0     0.4039      0.4    0.8       5.084   33.3   0b1111111111111111    20190611T155526052172
13      80     2.0513      0.0       0.0     1.9233      0.0    0.0       1.067   33.3   0b1111111111111111    20190611T155526052326
14      80     2.0656      0.2       0.8     0.4067      0.0    0.0       5.079   33.3   0b1111111111111111    20190611T155526052462
15      80     2.0513      0.0       0.0     1.9367      0.0    0.0       1.059   33.3   0b1111111111111111    20190611T155526052596
 0      70     2.0055      0.0       0.0     0.3949      0.2    0.8       5.078   33.4   0b1111111111111111    20190611T155529506618
 1      70     2.0138      0.0       0.0     1.8989      0.4    0.8       1.060   33.4   0b1111111111111111    20190611T155529506828
 2      70     2.0048      0.0       0.0     0.3938      0.4    0.8       5.091   33.4   0b1111111111111111    20190611T155529506977
 3      70     2.0025      0.0       0.0     1.8891      0.3    0.8       1.060   33.4   0b1111111111111111    20190611T155529507135
 4      70     2.0003      0.0       0.0     0.3948      0.3    0.8       5.066   33.4   0b1111111111111111    20190611T155529507277
 5      70     1.9875      0.0       0.0     1.8765      0.3    0.8       1.059   33.4   0b1111111111111111    20190611T155529507416
 6      70     1.9996      0.2       0.8     0.3933      0.0    0.0       5.084   33.4   0b1111111111111111    20190611T155529507557
 7      70     1.9823      0.0       0.0     1.8725      0.0    0.0       1.059   33.4   0b1111111111111111    20190611T155529507695
 8      70     2.0050      0.3       0.8     0.3908      0.0    0.0       5.130   33.4   0b1111111111111111    20190611T155529507833
 9      70     1.9967      0.3       0.8     1.8767      0.0    0.0       1.064   33.4   0b1111111111111111    20190611T155529507971
10      70     2.0024      0.3       0.7     0.3935      0.3    0.8       5.089   33.4   0b1111111111111111    20190611T155529508147
11      70     1.9980      0.0       0.0     1.8985      0.3    0.8       1.052   33.4   0b1111111111111111    20190611T155529508303
12      70     2.0063      0.0       0.0     0.3945      0.4    0.8       5.086   33.4   0b1111111111111111    20190611T155529508441
13      70     2.0040      0.0       0.0     1.8792      0.0    0.0       1.066   33.4   0b1111111111111111    20190611T155529508578
14      70     2.0183      0.0       0.0     0.3973      0.3    0.8       5.079   33.4   0b1111111111111111    20190611T155529508715
15      70     2.0048      0.0       0.0     1.8925      0.0    0.0       1.059   33.4   0b1111111111111111    20190611T155529508850
 0      60     1.9560      0.0       0.0     0.3850      0.0    0.0       5.081   33.5   0b1111111111111111    20190611T155532982679
 1      60     1.9639      0.4       0.8     1.8519      0.4    0.8       1.060   33.5   0b1111111111111111    20190611T155532983090
 2      60     1.9552      0.0       0.0     0.3836      0.4    0.8       5.097   33.5   0b1111111111111111    20190611T155532983407
 3      60     1.9530      0.0       0.0     1.8423      0.3    0.8       1.060   33.5   0b1111111111111111    20190611T155532983736
 4      60     1.9515      0.0       0.0     0.3850      0.0    0.0       5.069   33.5   0b1111111111111111    20190611T155532984049
 5      60     1.9388      0.0       0.0     1.8300      0.0    0.0       1.059   33.5   0b1111111111111111    20190611T155532984342
 6      60     1.9507      0.0       0.0     0.3838      0.4    0.8       5.082   33.5   0b1111111111111111    20190611T155532984650
 7      60     1.9320      0.0       0.0     1.8251      0.2    0.8       1.059   33.5   0b1111111111111111    20190611T155532984937
 8      60     1.9567      0.0       0.0     0.3812      0.4    0.8       5.134   33.5   0b1111111111111111    20190611T155532985220
 9      60     1.9462      0.0       0.0     1.8292      0.0    0.0       1.064   33.5   0b1111111111111111    20190611T155532985523
10      60     1.9532      0.3       0.8     0.3839      0.4    0.8       5.088   33.5   0b1111111111111111    20190611T155532985882
11      60     1.9492      0.0       0.0     1.8518      0.3    0.8       1.053   33.5   0b1111111111111111    20190611T155532986174
12      60     1.9567      0.0       0.0     0.3847      0.4    0.8       5.087   33.5   0b1111111111111111    20190611T155532986457
13      60     1.9552      0.0       0.0     1.8333      0.0    0.0       1.067   33.5   0b1111111111111111    20190611T155532986766
14      60     1.9688      0.0       0.0     0.3874      0.2    0.8       5.082   33.5   0b1111111111111111    20190611T155532987046
15      60     1.9552      0.0       0.0     1.8458      0.0    0.0       1.059   33.5   0b1111111111111111    20190611T155532987326
 0      50     1.9055      0.4       0.8     0.3749      0.2    0.8       5.082   33.6   0b1111111111111111    20190611T155536427335
 1      50     1.9133      0.0       0.0     1.8042      0.0    0.0       1.060   33.6   0b1111111111111111    20190611T155536427734
 2      50     1.9042      0.0       0.0     0.3738      0.4    0.8       5.095   33.6   0b1111111111111111    20190611T155536428067
 3      50     1.9027      0.0       0.0     1.7943      0.3    0.8       1.060   33.6   0b1111111111111111    20190611T155536428393
 4      50     1.9013      0.0       0.0     0.3750      0.0    0.0       5.070   33.6   0b1111111111111111    20190611T155536428539
 5      50     1.8880      0.3       0.7     1.7824      0.3    0.8       1.059   33.6   0b1111111111111111    20190611T155536428682
 6      50     1.8998      0.0       0.0     0.3736      0.4    0.8       5.085   33.6   0b1111111111111111    20190611T155536428823
 7      50     1.8817      0.0       0.0     1.7776      0.2    0.8       1.059   33.6   0b1111111111111111    20190611T155536428962
 8      50     1.9058      0.0       0.0     0.3712      0.4    0.8       5.133   33.6   0b1111111111111111    20190611T155536429100
 9      50     1.8960      0.0       0.0     1.7817      0.0    0.0       1.064   33.6   0b1111111111111111    20190611T155536429251
10      50     1.9020      0.0       0.0     0.3741      0.3    0.8       5.084   33.6   0b1111111111111111    20190611T155536429390
11      50     1.8983      0.2       0.8     1.8039      0.4    0.8       1.052   33.6   0b1111111111111111    20190611T155536429527
12      50     1.9055      0.3       0.8     0.3747      0.4    0.8       5.086   33.6   0b1111111111111111    20190611T155536429691
13      50     1.9042      0.0       0.0     1.7854      0.4    0.8       1.067   33.6   0b1111111111111111    20190611T155536429837
14      50     1.9178      0.0       0.0     0.3773      0.3    0.8       5.082   33.6   0b1111111111111111    20190611T155536429975
15      50     1.9042      0.0       0.0     1.7976      0.3    0.8       1.059   33.6   0b1111111111111111    20190611T155536430112
 0      40     1.8525      0.0       0.0     0.3643      0.2    0.8       5.086   33.7   0b1111111111111111    20190611T155539871518
 1      40     1.8607      0.2       0.8     1.7543      0.3    0.8       1.061   33.7   0b1111111111111111    20190611T155539871929
 2      40     1.8510      0.0       0.0     0.3632      0.2    0.8       5.096   33.7   0b1111111111111111    20190611T155539872286
 3      40     1.8503      0.0       0.0     1.7450      0.0    0.0       1.060   33.7   0b1111111111111111    20190611T155539872594
 4      40     1.8480      0.0       0.0     0.3643      0.3    0.8       5.072   33.7   0b1111111111111111    20190611T155539872890
 5      40     1.8359      0.2       0.8     1.7332      0.3    0.8       1.059   33.7   0b1111111111111111    20190611T155539873179
 6      40     1.8473      0.0       0.0     0.3633      0.0    0.0       5.084   33.7   0b1111111111111111    20190611T155539873490
 7      40     1.8293      0.0       0.0     1.7278      0.4    0.8       1.059   33.7   0b1111111111111111    20190611T155539873776
 8      40     1.8525      0.0       0.0     0.3608      0.0    0.0       5.134   33.7   0b1111111111111111    20190611T155539874061
 9      40     1.8428      0.0       0.0     1.7317      0.0    0.0       1.064   33.7   0b1111111111111111    20190611T155539874364
10      40     1.8488      0.0       0.0     0.3633      0.0    0.0       5.088   33.7   0b1111111111111111    20190611T155539874689
11      40     1.8458      0.0       0.0     1.7533      0.0    0.0       1.053   33.7   0b1111111111111111    20190611T155539874976
12      40     1.8518      0.2       0.7     0.3642      0.0    0.0       5.085   33.7   0b1111111111111111    20190611T155539875284
13      40     1.8511      0.2       0.8     1.7358      0.0    0.0       1.066   33.7   0b1111111111111111    20190611T155539875570
14      40     1.8645      0.0       0.0     0.3667      0.0    0.0       5.085   33.7   0b1111111111111111    20190611T155539875852
15      40     1.8518      0.0       0.0     1.7477      0.4    0.8       1.060   33.7   0b1111111111111111    20190611T155539876133
 0      30     1.8000      0.0       0.0     0.3540      0.3    0.8       5.085   33.8   0b1111111111111111    20190611T155543335867
 1      30     1.8082      0.0       0.0     1.7053      0.4    0.8       1.060   33.8   0b1111111111111111    20190611T155543336276
 2      30     1.7985      0.0       0.0     0.3529      0.4    0.8       5.096   33.8   0b1111111111111111    20190611T155543336668
 3      30     1.7970      0.0       0.0     1.6946      0.4    0.8       1.060   33.8   0b1111111111111111    20190611T155543336977
 4      30     1.7956      0.2       0.7     0.3542      0.0    0.0       5.070   33.8   0b1111111111111111    20190611T155543337270
 5      30     1.7812      0.0       0.0     1.6817      0.0    0.0       1.059   33.8   0b1111111111111111    20190611T155543337608
 6      30     1.7934      0.3       0.8     0.3525      0.0    0.0       5.088   33.8   0b1111111111111111    20190611T155543337977
 7      30     1.7768      0.0       0.0     1.6782      0.3    0.8       1.059   33.8   0b1111111111111111    20190611T155543338486
 8      30     1.7993      0.0       0.0     0.3504      0.4    0.8       5.135   33.8   0b1111111111111111    20190611T155543338786
 9      30     1.7914      0.4       0.8     1.6833      0.0    0.0       1.064   33.8   0b1111111111111111    20190611T155543339074
10      30     1.7963      0.0       0.0     0.3525      0.0    0.0       5.096   33.8   0b1111111111111111    20190611T155543339440
11      30     1.7928      0.4       0.8     1.7033      0.0    0.0       1.053   33.8   0b1111111111111111    20190611T155543339807
12      30     1.7978      0.0       0.0     0.3533      0.0    0.0       5.088   33.8   0b1111111111111111    20190611T155543340096
13      30     1.7976      0.3       0.8     1.6854      0.4    0.8       1.067   33.8   0b1111111111111111    20190611T155543340433
14      30     1.8105      0.0       0.0     0.3560      0.3    0.8       5.086   33.8   0b1111111111111111    20190611T155543340720
15      30     1.7978      0.0       0.0     1.6973      0.3    0.8       1.059   33.8   0b1111111111111111    20190611T155543341205
 0      20     1.7460      0.0       0.0     0.3432      0.3    0.8       5.087   33.8   0b1111111111111111    20190611T155546803092
 1      20     1.7543      0.0       0.0     1.6542      0.2    0.8       1.060   33.8   0b1111111111111111    20190611T155546803459
 2      20     1.7452      0.2       0.8     0.3423      0.3    0.8       5.098   33.8   0b1111111111111111    20190611T155546803741
 3      20     1.7437      0.0       0.0     1.6443      0.3    0.8       1.060   33.8   0b1111111111111111    20190611T155546804005
 4      20     1.7430      0.0       0.0     0.3436      0.4    0.8       5.073   33.8   0b1111111111111111    20190611T155546804276
 5      20     1.7288      0.0       0.0     1.6318      0.2    0.8       1.059   33.8   0b1111111111111111    20190611T155546804537
 6      20     1.7407      0.0       0.0     0.3421      0.4    0.8       5.089   33.8   0b1111111111111111    20190611T155546804789
 7      20     1.7250      0.0       0.0     1.6292      0.0    0.0       1.059   33.8   0b1111111111111111    20190611T155546805041
 8      20     1.7460      0.0       0.0     0.3400      0.0    0.0       5.135   33.8   0b1111111111111111    20190611T155546805299
 9      20     1.7385      0.0       0.0     1.6337      0.4    0.8       1.064   33.8   0b1111111111111111    20190611T155546805541
10      20     1.7430      0.0       0.0     0.3419      0.4    0.8       5.098   33.8   0b1111111111111111    20190611T155546805782
11      20     1.7400      0.0       0.0     1.6527      0.4    0.8       1.053   33.8   0b1111111111111111    20190611T155546806026
12      20     1.7445      0.0       0.0     0.3425      0.0    0.0       5.093   33.8   0b1111111111111111    20190611T155546806355
13      20     1.7444      0.3       0.8     1.6355      0.4    0.8       1.067   33.8   0b1111111111111111    20190611T155546806613
14      20     1.7565      0.0       0.0     0.3454      0.4    0.8       5.085   33.8   0b1111111111111111    20190611T155546806865
15      20     1.7451      0.3       0.8     1.6474      0.2    0.8       1.059   33.8   0b1111111111111111    20190611T155546807114
 0      10     1.6928      0.0       0.0     0.3325      0.0    0.0       5.091   33.9   0b1111111111111111    20190611T155550271827
 1      10     1.7006      0.4       0.7     1.6034      0.2    0.8       1.061   33.9   0b1111111111111111    20190611T155550272285
 2      10     1.6917      0.4       0.7     0.3317      0.0    0.0       5.101   33.9   0b1111111111111111    20190611T155550272609
 3      10     1.6901      0.4       0.8     1.5941      0.2    0.8       1.060   33.9   0b1111111111111111    20190611T155550272910
 4      10     1.6905      0.0       0.0     0.3333      0.0    0.0       5.071   33.9   0b1111111111111111    20190611T155550273200
 5      10     1.6765      0.4       0.7     1.5826      0.2    0.8       1.059   33.9   0b1111111111111111    20190611T155550273512
 6      10     1.6883      0.0       0.0     0.3317      0.0    0.0       5.090   33.9   0b1111111111111111    20190611T155550273798
 7      10     1.6732      0.0       0.0     1.5800      0.0    0.0       1.059   33.9   0b1111111111111111    20190611T155550274138
 8      10     1.6932      0.4       0.8     0.3292      0.0    0.0       5.144   33.9   0b1111111111111111    20190611T155550274451
 9      10     1.6860      0.0       0.0     1.5842      0.0    0.0       1.064   33.9   0b1111111111111111    20190611T155550274735
10      10     1.6905      0.0       0.0     0.3317      0.0    0.0       5.097   33.9   0b1111111111111111    20190611T155550275015
11      10     1.6867      0.0       0.0     1.6023      0.3    0.8       1.053   33.9   0b1111111111111111    20190611T155550275322
12      10     1.6912      0.2       0.8     0.3318      0.3    0.8       5.096   33.9   0b1111111111111111    20190611T155550275606
13      10     1.6907      0.3       0.8     1.5853      0.4    0.8       1.067   33.9   0b1111111111111111    20190611T155550275885
14      10     1.7033      0.0       0.0     0.3350      0.0    0.0       5.084   33.9   0b1111111111111111    20190611T155550276166
15      10     1.6915      0.3       0.7     1.5968      0.3    0.8       1.059   33.9   0b1111111111111111    20190611T155550276466
 0       0     1.6397      0.3       0.8     0.3221      0.4    0.8       5.091   34.0   0b1111111111111111    20190611T155553727689
 1       0     1.6465      0.4       0.8     1.5526      0.3    0.8       1.061   34.0   0b1111111111111111    20190611T155553728138
 2       0     1.6380      0.0       0.0     0.3210      0.3    0.8       5.103   34.0   0b1111111111111111    20190611T155553728459
 3       0     1.6373      0.0       0.0     1.5441      0.3    0.8       1.060   34.0   0b1111111111111111    20190611T155553728759
 4       0     1.6376      0.4       0.7     0.3226      0.2    0.8       5.077   34.0   0b1111111111111111    20190611T155553729049
 5       0     1.6245      0.0       0.0     1.5333      0.0    0.0       1.059   34.0   0b1111111111111111    20190611T155553729360
 6       0     1.6357      0.0       0.0     0.3213      0.4    0.8       5.092   34.0   0b1111111111111111    20190611T155553729645
 7       0     1.6207      0.0       0.0     1.5307      0.3    0.8       1.059   34.0   0b1111111111111111    20190611T155553729926
 8       0     1.6402      0.0       0.0     0.3191      0.2    0.8       5.141   34.0   0b1111111111111111    20190611T155553730227
 9       0     1.6328      0.0       0.0     1.5342      0.0    0.0       1.064   34.0   0b1111111111111111    20190611T155553730511
10       0     1.6373      0.2       0.7     0.3209      0.3    0.8       5.102   34.0   0b1111111111111111    20190611T155553730792
11       0     1.6343      0.0       0.0     1.5523      0.4    0.8       1.053   34.0   0b1111111111111111    20190611T155553731072
12       0     1.6380      0.0       0.0     0.3217      0.0    0.0       5.092   34.0   0b1111111111111111    20190611T155553731377
13       0     1.6374      0.3       0.7     1.5354      0.4    0.8       1.066   34.0   0b1111111111111111    20190611T155553731657
14       0     1.6496      0.4       0.8     0.3242      0.0    0.0       5.089   34.0   0b1111111111111111    20190611T155553731936
15       0     1.6388      0.0       0.0     1.5467      0.0    0.0       1.060   34.0   0b1111111111111111    20190611T155553732249
