CH# Vset[DAC]   V[V]    dVRMS[mV] dVpp[mV]    I[A]  dIRMS[mA] dIpp[mA]   R[ohm]   T[C]   State                Timestamp
 0     250     2.8619      0.2       0.8     0.2863      0.4    0.8       9.995   24.7   0b1111111111111111    20190624T131635655177
 1     250     2.8605      0.0       0.0     1.2586      0.7    1.7       2.273   24.7   0b1111111111111111    20190624T131635655627
 2     250     2.8598      0.0       0.0     0.2852      0.6    1.7      10.028   24.7   0b1111111111111111    20190624T131635655956
 3     250     2.8620      0.0       0.0     1.2652      1.3    5.0       2.262   24.7   0b1111111111111111    20190624T131635656263
 4     250     2.8565      0.4       0.8     0.2830      0.4    0.8      10.093   24.7   0b1111111111111111    20190624T131635656585
 5     250     2.8627      0.0       0.0     1.2609      1.0    3.3       2.270   24.7   0b1111111111111111    20190624T131635656884
 6     250     2.8711      0.2       0.8     0.2835      0.5    1.7      10.127   24.7   0b1111111111111111    20190624T131635657178
 7     250     2.8545      0.0       0.0     1.2535      0.6    1.7       2.277   24.7   0b1111111111111111    20190624T131635657523
 8     250     2.8487      0.3       0.7     0.2852      0.4    0.8       9.987   24.7   0b1111111111111111    20190624T131635657884
 9     250     2.8313      0.2       0.8     1.2430      0.6    1.7       2.278   24.7   0b1111111111111111    20190624T131635658184
10     250     2.8388      0.0       0.0     0.2834      0.9    3.3      10.016   24.7   0b1111111111111111    20190624T131635658520
11     250     2.8373      0.0       0.0     1.2474      0.7    1.7       2.275   24.7   0b1111111111111111    20190624T131635658814
12     250     2.8504      0.4       0.8     0.2838      0.7    2.5      10.042   24.7   0b1111111111111111    20190624T131635659105
13     250     2.8500      0.0       0.0     1.2511      0.5    1.7       2.278   24.7   0b1111111111111111    20190624T131635659421
14     250     2.8605      0.0       0.0     0.2848      0.7    2.5      10.043   24.7   0b1111111111111111    20190624T131635659715
15     250     2.8358      0.0       0.0     1.2280      0.6    1.7       2.309   24.7   0b1111111111111111    20190624T131635660005
 0     240     2.8127      0.3       0.8     0.2813      0.4    0.8       9.998   24.7   0b1111111111111111    20190624T131639133839
 1     240     2.8170      0.0       0.0     1.2395      0.8    2.5       2.273   24.7   0b1111111111111111    20190624T131639134286
 2     240     2.8110      0.0       0.0     0.2800      0.4    1.7      10.039   24.7   0b1111111111111111    20190624T131639134620
 3     240     2.8193      0.0       0.0     1.2465      0.6    1.7       2.262   24.7   0b1111111111111111    20190624T131639134928
 4     240     2.8072      0.0       0.0     0.2783      0.4    1.7      10.086   24.7   0b1111111111111111    20190624T131639135253
 5     240     2.8193      0.0       0.0     1.2416      0.6    2.5       2.271   24.7   0b1111111111111111    20190624T131639135556
 6     240     2.8223      0.0       0.0     0.2787      0.6    1.7      10.128   24.7   0b1111111111111111    20190624T131639135852
 7     240     2.8114      0.4       0.7     1.2348      0.4    0.8       2.277   24.7   0b1111111111111111    20190624T131639136167
 8     240     2.8005      0.0       0.0     0.2813      0.7    1.7       9.954   24.7   0b1111111111111111    20190624T131639136463
 9     240     2.7870      0.0       0.0     1.2230      0.4    0.8       2.279   24.7   0b1111111111111111    20190624T131639136802
10     240     2.7910      0.4       0.8     0.2786      0.5    1.7      10.019   24.7   0b1111111111111111    20190624T131639137127
11     240     2.7937      0.0       0.0     1.2285      0.6    2.5       2.274   24.7   0b1111111111111111    20190624T131639137432
12     240     2.8020      0.0       0.0     0.2790      0.5    1.7      10.043   24.7   0b1111111111111111    20190624T131639137724
13     240     2.8080      0.0       0.0     1.2327      0.5    1.7       2.278   24.7   0b1111111111111111    20190624T131639138015
14     240     2.8114      0.4       0.7     0.2801      0.6    1.7      10.038   24.7   0b1111111111111111    20190624T131639138300
15     240     2.7915      0.0       0.0     1.2091      0.6    1.7       2.309   24.7   0b1111111111111111    20190624T131639138443
 0     230     2.7652      0.0       0.0     0.2764      0.4    0.8      10.004   24.8   0b1111111111111111    20190624T131642613271
 1     230     2.7697      0.0       0.0     1.2189      0.4    0.8       2.272   24.8   0b1111111111111111    20190624T131642613676
 2     230     2.7638      0.0       0.0     0.2754      0.4    0.8      10.035   24.8   0b1111111111111111    20190624T131642614002
 3     230     2.7721      0.2       0.8     1.2254      0.4    0.8       2.262   24.8   0b1111111111111111    20190624T131642614332
 4     230     2.7600      0.0       0.0     0.2740      0.3    0.8      10.073   24.8   0b1111111111111111    20190624T131642614635
 5     230     2.7720      0.0       0.0     1.2211      0.5    1.7       2.270   24.8   0b1111111111111111    20190624T131642614993
 6     230     2.7742      0.0       0.0     0.2740      0.3    0.8      10.125   24.8   0b1111111111111111    20190624T131642615318
 7     230     2.7645      0.0       0.0     1.2145      0.4    0.8       2.276   24.8   0b1111111111111111    20190624T131642615665
 8     230     2.7540      0.0       0.0     0.2767      0.3    0.8       9.951   24.8   0b1111111111111111    20190624T131642615961
 9     230     2.7405      0.0       0.0     1.2025      0.4    1.7       2.279   24.8   0b1111111111111111    20190624T131642616275
10     230     2.7449      0.2       0.8     0.2742      0.4    1.7      10.012   24.8   0b1111111111111111    20190624T131642616572
11     230     2.7473      0.2       0.8     1.2083      0.4    1.7       2.274   24.8   0b1111111111111111    20190624T131642616864
12     230     2.7540      0.0       0.0     0.2744      0.4    0.8      10.036   24.8   0b1111111111111111    20190624T131642617181
13     230     2.7615      0.0       0.0     1.2120      0.4    0.8       2.278   24.8   0b1111111111111111    20190624T131642617475
14     230     2.7639      0.3       0.7     0.2748      0.5    1.7      10.057   24.8   0b1111111111111111    20190624T131642617767
15     230     2.7451      0.2       0.8     1.1889      0.4    0.8       2.309   24.8   0b1111111111111111    20190624T131642618058
 0     220     2.7165      0.0       0.0     0.2714      0.4    0.8      10.009   24.9   0b1111111111111111    20190624T131646092650
 1     220     2.7218      0.0       0.0     1.1975      0.4    1.7       2.273   24.9   0b1111111111111111    20190624T131646093081
 2     220     2.7143      0.2       0.8     0.2708      0.5    1.7      10.022   24.9   0b1111111111111111    20190624T131646093437
 3     220     2.7239      0.2       0.8     1.2044      0.4    0.8       2.262   24.9   0b1111111111111111    20190624T131646093752
 4     220     2.7105      0.0       0.0     0.2691      0.3    0.8      10.073   24.9   0b1111111111111111    20190624T131646094080
 5     220     2.7233      0.0       0.0     1.1995      0.4    0.8       2.270   24.9   0b1111111111111111    20190624T131646094407
 6     220     2.7251      0.4       0.8     0.2691      0.4    1.7      10.127   24.9   0b1111111111111111    20190624T131646094707
 7     220     2.7157      0.0       0.0     1.1927      0.3    0.8       2.277   24.9   0b1111111111111111    20190624T131646095004
 8     220     2.7060      0.0       0.0     0.2717      0.0    0.0       9.961   24.9   0b1111111111111111    20190624T131646095298
 9     220     2.6924      0.2       0.8     1.1818      0.5    1.7       2.278   24.9   0b1111111111111111    20190624T131646095659
10     220     2.6970      0.0       0.0     0.2691      0.3    0.8      10.023   24.9   0b1111111111111111    20190624T131646095954
11     220     2.7000      0.0       0.0     1.1874      0.2    0.8       2.274   24.9   0b1111111111111111    20190624T131646096247
12     220     2.7060      0.0       0.0     0.2695      0.4    0.8      10.041   24.9   0b1111111111111111    20190624T131646096561
13     220     2.7120      0.0       0.0     1.1906      0.4    0.8       2.278   24.9   0b1111111111111111    20190624T131646096865
14     220     2.7147      0.4       0.8     0.2702      0.3    0.8      10.048   24.9   0b1111111111111111    20190624T131646097156
15     220     2.6970      0.0       0.0     1.1683      0.4    1.7       2.308   24.9   0b1111111111111111    20190624T131646097466
 0     210     2.6670      0.0       0.0     0.2667      0.0    0.0      10.001   24.9   0b1111111111111111    20190624T131649569437
 1     210     2.6720      0.3       0.8     1.1758      0.4    1.7       2.273   24.9   0b1111111111111111    20190624T131649569841
 2     210     2.6651      0.4       0.8     0.2657      0.3    0.8      10.029   24.9   0b1111111111111111    20190624T131649570202
 3     210     2.6737      0.0       0.0     1.1823      0.3    0.8       2.261   24.9   0b1111111111111111    20190624T131649570516
 4     210     2.6610      0.0       0.0     0.2641      0.2    0.8      10.076   24.9   0b1111111111111111    20190624T131649570819
 5     210     2.6737      0.0       0.0     1.1776      0.3    0.8       2.271   24.9   0b1111111111111111    20190624T131649571140
 6     210     2.6755      0.3       0.7     0.2642      0.0    0.0      10.128   24.9   0b1111111111111111    20190624T131649571439
 7     210     2.6663      0.0       0.0     1.1711      0.4    0.8       2.277   24.9   0b1111111111111111    20190624T131649571734
 8     210     2.6573      0.0       0.0     0.2667      0.0    0.0       9.965   24.9   0b1111111111111111    20190624T131649572065
 9     210     2.6438      0.0       0.0     1.1603      0.4    0.8       2.278   24.9   0b1111111111111111    20190624T131649572439
10     210     2.6486      0.4       0.8     0.2642      0.0    0.0      10.026   24.9   0b1111111111111111    20190624T131649572736
11     210     2.6513      0.0       0.0     1.1663      0.4    0.8       2.273   24.9   0b1111111111111111    20190624T131649573028
12     210     2.6566      0.2       0.7     0.2645      0.4    0.8      10.044   24.9   0b1111111111111111    20190624T131649573342
13     210     2.6625      0.0       0.0     1.1690      0.3    0.8       2.278   24.9   0b1111111111111111    20190624T131649573635
14     210     2.6651      0.4       0.8     0.2651      0.3    0.8      10.054   24.9   0b1111111111111111    20190624T131649573925
15     210     2.6483      0.0       0.0     1.1472      0.4    0.8       2.309   24.9   0b1111111111111111    20190624T131649574235
 0     200     2.6175      0.0       0.0     0.2615      0.3    0.8      10.010   24.9   0b1111111111111111    20190624T131653045264
 1     200     2.6220      0.0       0.0     1.1541      0.3    0.8       2.272   24.9   0b1111111111111111    20190624T131653045682
 2     200     2.6154      0.3       0.8     0.2608      0.0    0.0      10.027   24.9   0b1111111111111111    20190624T131653046006
 3     200     2.6242      0.0       0.0     1.1603      0.4    0.8       2.262   24.9   0b1111111111111111    20190624T131653046336
 4     200     2.6115      0.0       0.0     0.2592      0.0    0.0      10.077   24.9   0b1111111111111111    20190624T131653046640
 5     200     2.6238      0.4       0.7     1.1558      0.0    0.0       2.270   24.9   0b1111111111111111    20190624T131653046940
 6     200     2.6258      0.0       0.0     0.2592      0.0    0.0      10.132   24.9   0b1111111111111111    20190624T131653047257
 7     200     2.6168      0.0       0.0     1.1493      0.3    0.8       2.277   24.9   0b1111111111111111    20190624T131653047551
 8     200     2.6090      0.3       0.8     0.2619      0.4    0.8       9.961   24.9   0b1111111111111111    20190624T131653047844
 9     200     2.5950      0.0       0.0     1.1391      0.3    0.8       2.278   24.9   0b1111111111111111    20190624T131653048211
10     200     2.6002      0.0       0.0     0.2593      0.3    0.8      10.027   24.9   0b1111111111111111    20190624T131653048379
11     200     2.6028      0.4       0.8     1.1448      0.3    0.8       2.274   24.9   0b1111111111111111    20190624T131653048522
12     200     2.6071      0.2       0.8     0.2595      0.4    0.8      10.047   24.9   0b1111111111111111    20190624T131653048672
13     200     2.6132      0.3       0.8     1.1473      0.3    0.8       2.278   24.9   0b1111111111111111    20190624T131653048815
14     200     2.6153      0.2       0.8     0.2601      0.2    0.8      10.056   24.9   0b1111111111111111    20190624T131653048956
15     200     2.5987      0.0       0.0     1.1258      0.0    0.0       2.308   24.9   0b1111111111111111    20190624T131653049110
 0     190     2.5703      0.0       0.0     0.2567      0.0    0.0      10.014   25.0   0b1111111111111111    20190624T131656508248
 1     190     2.5748      0.0       0.0     1.1329      0.4    0.8       2.273   25.0   0b1111111111111111    20190624T131656508697
 2     190     2.5680      0.0       0.0     0.2559      0.2    0.8      10.035   25.0   0b1111111111111111    20190624T131656509026
 3     190     2.5763      0.0       0.0     1.1393      0.2    0.8       2.261   25.0   0b1111111111111111    20190624T131656509335
 4     190     2.5639      0.4       0.8     0.2542      0.3    0.8      10.084   25.0   0b1111111111111111    20190624T131656509659
 5     190     2.5763      0.0       0.0     1.1350      0.0    0.0       2.270   25.0   0b1111111111111111    20190624T131656509958
 6     190     2.5777      0.0       0.0     0.2542      0.0    0.0      10.142   25.0   0b1111111111111111    20190624T131656510253
 7     190     2.5694      0.3       0.8     1.1287      0.4    0.8       2.276   25.0   0b1111111111111111    20190624T131656510568
 8     190     2.5628      0.0       0.0     0.2574      0.3    0.8       9.956   25.0   0b1111111111111111    20190624T131656510909
 9     190     2.5485      0.0       0.0     1.1189      0.4    0.8       2.278   25.0   0b1111111111111111    20190624T131656511208
10     190     2.5538      0.0       0.0     0.2549      0.3    0.8      10.018   25.0   0b1111111111111111    20190624T131656511521
11     190     2.5560      0.0       0.0     1.1242      0.0    0.0       2.274   25.0   0b1111111111111111    20190624T131656511817
12     190     2.5591      0.2       0.8     0.2548      0.3    0.8      10.042   25.0   0b1111111111111111    20190624T131656512133
13     190     2.5658      0.0       0.0     1.1263      0.4    0.8       2.278   25.0   0b1111111111111111    20190624T131656512459
14     190     2.5682      0.3       0.8     0.2557      0.3    0.8      10.045   25.0   0b1111111111111111    20190624T131656512753
15     190     2.5515      0.0       0.0     1.1053      0.4    0.8       2.309   25.0   0b1111111111111111    20190624T131656513044
 0     180     2.5209      0.3       0.7     0.2518      0.2    0.8      10.014   25.0   0b1111111111111111    20190624T131659992542
 1     180     2.5252      0.2       0.7     1.1112      0.4    0.8       2.273   25.0   0b1111111111111111    20190624T131659992960
 2     180     2.5185      0.0       0.0     0.2510      0.3    0.8      10.034   25.0   0b1111111111111111    20190624T131659993271
 3     180     2.5267      0.0       0.0     1.1175      0.0    0.0       2.261   25.0   0b1111111111111111    20190624T131659993598
 4     180     2.5147      0.0       0.0     0.2494      0.4    0.8      10.083   25.0   0b1111111111111111    20190624T131659993894
 5     180     2.5267      0.0       0.0     1.1133      0.0    0.0       2.270   25.0   0b1111111111111111    20190624T131659994191
 6     180     2.5282      0.0       0.0     0.2493      0.2    0.8      10.143   25.0   0b1111111111111111    20190624T131659994504
 7     180     2.5200      0.0       0.0     1.1068      0.3    0.8       2.277   25.0   0b1111111111111111    20190624T131659994853
 8     180     2.5140      0.0       0.0     0.2525      0.0    0.0       9.956   25.0   0b1111111111111111    20190624T131659995155
 9     180     2.4998      0.2       0.8     1.0975      0.4    1.7       2.278   25.0   0b1111111111111111    20190624T131659995469
10     180     2.5056      0.3       0.8     0.2500      0.0    0.0      10.022   25.0   0b1111111111111111    20190624T131659995763
11     180     2.5078      0.3       0.8     1.1033      0.0    0.0       2.273   25.0   0b1111111111111111    20190624T131659996067
12     180     2.5102      0.0       0.0     0.2498      0.3    0.8      10.048   25.0   0b1111111111111111    20190624T131659996384
13     180     2.5162      0.0       0.0     1.1048      0.3    0.8       2.277   25.0   0b1111111111111111    20190624T131659996678
14     180     2.5185      0.0       0.0     0.2507      0.2    0.8      10.044   25.0   0b1111111111111111    20190624T131659996967
15     180     2.5027      0.0       0.0     1.0843      0.3    0.8       2.308   25.0   0b1111111111111111    20190624T131659997257
 0     170     2.4719      0.3       0.7     0.2468      0.3    0.8      10.014   25.0   0b1111111111111111    20190624T131703476455
 1     170     2.4757      0.2       0.8     1.0892      0.0    0.0       2.273   25.0   0b1111111111111111    20190624T131703476874
 2     170     2.4695      0.4       0.7     0.2462      0.4    0.8      10.032   25.0   0b1111111111111111    20190624T131703477201
 3     170     2.4770      0.4       0.8     1.0954      0.4    0.8       2.261   25.0   0b1111111111111111    20190624T131703477568
 4     170     2.4653      0.0       0.0     0.2444      0.4    0.8      10.086   25.0   0b1111111111111111    20190624T131703477873
 5     170     2.4773      0.0       0.0     1.0913      0.4    0.8       2.270   25.0   0b1111111111111111    20190624T131703478174
 6     170     2.4787      0.0       0.0     0.2444      0.4    0.8      10.141   25.0   0b1111111111111111    20190624T131703478468
 7     170     2.4705      0.0       0.0     1.0851      0.3    0.8       2.277   25.0   0b1111111111111111    20190624T131703478617
 8     170     2.4660      0.0       0.0     0.2474      0.2    0.8       9.967   25.0   0b1111111111111111    20190624T131703478761
 9     170     2.4518      0.0       0.0     1.0766      0.3    0.8       2.277   25.0   0b1111111111111111    20190624T131703478905
10     170     2.4570      0.0       0.0     0.2451      0.2    0.8      10.025   25.0   0b1111111111111111    20190624T131703479050
11     170     2.4593      0.0       0.0     1.0817      0.0    0.0       2.274   25.0   0b1111111111111111    20190624T131703479193
12     170     2.4610      0.3       0.8     0.2450      0.0    0.0      10.045   25.0   0b1111111111111111    20190624T131703479369
13     170     2.4668      0.0       0.0     1.0830      0.4    0.8       2.278   25.0   0b1111111111111111    20190624T131703479512
14     170     2.4697      0.2       0.7     0.2457      0.3    0.8      10.053   25.0   0b1111111111111111    20190624T131703479654
15     170     2.4538      0.3       0.8     1.0633      0.3    0.8       2.308   25.0   0b1111111111111111    20190624T131703479796
 0     160     2.4220      0.3       0.7     0.2418      0.3    0.8      10.015   25.1   0b1111111111111111    20190624T131706947042
 1     160     2.4255      0.0       0.0     1.0675      0.0    0.0       2.272   25.1   0b1111111111111111    20190624T131706947495
 2     160     2.4202      0.0       0.0     0.2413      0.4    0.8      10.032   25.1   0b1111111111111111    20190624T131706947826
 3     160     2.4270      0.0       0.0     1.0733      0.0    0.0       2.261   25.1   0b1111111111111111    20190624T131706948171
 4     160     2.4163      0.3       0.8     0.2395      0.4    0.8      10.089   25.1   0b1111111111111111    20190624T131706948364
 5     160     2.4275      0.3       0.7     1.0693      0.3    0.8       2.270   25.1   0b1111111111111111    20190624T131706948513
 6     160     2.4292      0.2       0.7     0.2393      0.2    0.8      10.153   25.1   0b1111111111111111    20190624T131706948659
 7     160     2.4210      0.0       0.0     1.0634      0.2    0.8       2.277   25.1   0b1111111111111111    20190624T131706948804
 8     160     2.4172      0.0       0.0     0.2427      0.4    0.8       9.958   25.1   0b1111111111111111    20190624T131706948948
 9     160     2.4030      0.0       0.0     1.0550      0.0    0.0       2.278   25.1   0b1111111111111111    20190624T131706949103
10     160     2.4089      0.2       0.8     0.2402      0.3    0.8      10.030   25.1   0b1111111111111111    20190624T131706949255
11     160     2.4109      0.4       0.8     1.0604      0.4    0.8       2.274   25.1   0b1111111111111111    20190624T131706949418
12     160     2.4112      0.0       0.0     0.2400      0.0    0.0      10.047   25.1   0b1111111111111111    20190624T131706949567
13     160     2.4172      0.0       0.0     1.0612      0.4    0.8       2.278   25.1   0b1111111111111111    20190624T131706949709
14     160     2.4202      0.0       0.0     0.2408      0.3    0.8      10.053   25.1   0b1111111111111111    20190624T131706949850
15     160     2.4045      0.0       0.0     1.0419      0.4    0.8       2.308   25.1   0b1111111111111111    20190624T131706949991
 0     150     2.3753      0.0       0.0     0.2368      0.3    0.8      10.033   25.1   0b1111111111111111    20190624T131710419053
 1     150     2.3783      0.0       0.0     1.0467      0.0    0.0       2.272   25.1   0b1111111111111111    20190624T131710419504
 2     150     2.3731      0.2       0.8     0.2366      0.2    0.8      10.031   25.1   0b1111111111111111    20190624T131710419838
 3     150     2.3805      0.0       0.0     1.0530      0.4    0.8       2.261   25.1   0b1111111111111111    20190624T131710420147
 4     150     2.3678      0.2       0.8     0.2348      0.4    0.8      10.087   25.1   0b1111111111111111    20190624T131710420472
 5     150     2.3812      0.2       0.8     1.0491      0.2    0.8       2.270   25.1   0b1111111111111111    20190624T131710420775
 6     150     2.3820      0.0       0.0     0.2349      0.2    0.8      10.140   25.1   0b1111111111111111    20190624T131710421070
 7     150     2.3738      0.0       0.0     1.0428      0.4    0.8       2.276   25.1   0b1111111111111111    20190624T131710421417
 8     150     2.3700      0.0       0.0     0.2381      0.4    0.8       9.954   25.1   0b1111111111111111    20190624T131710421724
 9     150     2.3588      0.0       0.0     1.0357      0.2    0.8       2.277   25.1   0b1111111111111111    20190624T131710422056
10     150     2.3633      0.0       0.0     0.2358      0.2    0.8      10.024   25.1   0b1111111111111111    20190624T131710422382
11     150     2.3648      0.0       0.0     1.0402      0.3    0.8       2.273   25.1   0b1111111111111111    20190624T131710422679
12     150     2.3648      0.0       0.0     0.2352      0.3    0.8      10.056   25.1   0b1111111111111111    20190624T131710422972
13     150     2.3708      0.0       0.0     1.0408      0.0    0.0       2.278   25.1   0b1111111111111111    20190624T131710423262
14     150     2.3730      0.0       0.0     0.2358      0.0    0.0      10.062   25.1   0b1111111111111111    20190624T131710423574
15     150     2.3580      0.0       0.0     1.0217      0.0    0.0       2.308   25.1   0b1111111111111111    20190624T131710423865
 0     140     2.3265      0.0       0.0     0.2322      0.4    0.8      10.021   25.1   0b1111111111111111    20190624T131713885111
 1     140     2.3295      0.0       0.0     1.0250      0.0    0.0       2.273   25.1   0b1111111111111111    20190624T131713885759
 2     140     2.3242      0.0       0.0     0.2317      0.0    0.0      10.033   25.1   0b1111111111111111    20190624T131713886336
 3     140     2.3310      0.0       0.0     1.0312      0.4    0.8       2.261   25.1   0b1111111111111111    20190624T131713886881
 4     140     2.3190      0.0       0.0     0.2299      0.2    0.8      10.086   25.1   0b1111111111111111    20190624T131713887460
 5     140     2.3317      0.0       0.0     1.0272      0.4    0.8       2.270   25.1   0b1111111111111111    20190624T131713887987
 6     140     2.3331      0.3       0.7     0.2300      0.0    0.0      10.144   25.1   0b1111111111111111    20190624T131713888551
 7     140     2.3250      0.0       0.0     1.0213      0.4    0.8       2.276   25.1   0b1111111111111111    20190624T131713889079
 8     140     2.3220      0.0       0.0     0.2333      0.0    0.0       9.951   25.1   0b1111111111111111    20190624T131713889642
 9     140     2.3107      0.0       0.0     1.0144      0.4    0.8       2.278   25.1   0b1111111111111111    20190624T131713890533
10     140     2.3152      0.0       0.0     0.2308      0.0    0.0      10.030   25.1   0b1111111111111111    20190624T131713891155
11     140     2.3167      0.0       0.0     1.0192      0.0    0.0       2.273   25.1   0b1111111111111111    20190624T131713891731
12     140     2.3160      0.0       0.0     0.2303      0.4    0.8      10.059   25.1   0b1111111111111111    20190624T131713892089
13     140     2.3220      0.0       0.0     1.0194      0.4    0.8       2.278   25.1   0b1111111111111111    20190624T131713892494
14     140     2.3242      0.0       0.0     0.2311      0.4    0.8      10.058   25.1   0b1111111111111111    20190624T131713892802
15     140     2.3092      0.0       0.0     1.0007      0.3    0.8       2.308   25.1   0b1111111111111111    20190624T131713893104
 0     130     2.2774      0.4       0.8     0.2271      0.4    0.8      10.029   25.1   0b1111111111111111    20190624T131717372886
 1     130     2.2800      0.0       0.0     1.0033      0.0    0.0       2.272   25.1   0b1111111111111111    20190624T131717373333
 2     130     2.2755      0.0       0.0     0.2267      0.0    0.0      10.039   25.1   0b1111111111111111    20190624T131717373664
 3     130     2.2817      0.3       0.7     1.0092      0.0    0.0       2.261   25.1   0b1111111111111111    20190624T131717373975
 4     130     2.2709      0.2       0.8     0.2250      0.0    0.0      10.093   25.1   0b1111111111111111    20190624T131717374298
 5     130     2.2823      0.0       0.0     1.0055      0.4    0.8       2.270   25.1   0b1111111111111111    20190624T131717374602
 6     130     2.2838      0.0       0.0     0.2249      0.2    0.8      10.154   25.1   0b1111111111111111    20190624T131717374897
 7     130     2.2763      0.0       0.0     0.9993      0.3    0.8       2.278   25.1   0b1111111111111111    20190624T131717375259
 8     130     2.2740      0.0       0.0     0.2283      0.0    0.0       9.959   25.1   0b1111111111111111    20190624T131717375561
 9     130     2.2628      0.0       0.0     0.9933      0.0    0.0       2.278   25.1   0b1111111111111111    20190624T131717375854
10     130     2.2673      0.0       0.0     0.2259      0.2    0.8      10.036   25.1   0b1111111111111111    20190624T131717376179
11     130     2.2689      0.3       0.8     0.9982      0.3    0.8       2.273   25.1   0b1111111111111111    20190624T131717376475
12     130     2.2673      0.0       0.0     0.2254      0.4    0.8      10.058   25.1   0b1111111111111111    20190624T131717376767
13     130     2.2725      0.0       0.0     0.9977      0.3    0.8       2.278   25.1   0b1111111111111111    20190624T131717377059
14     130     2.2755      0.0       0.0     0.2263      0.4    0.8      10.054   25.1   0b1111111111111111    20190624T131717377373
15     130     2.2611      0.3       0.8     0.9797      0.4    0.8       2.308   25.1   0b1111111111111111    20190624T131717377665
 0     120     2.2290      0.0       0.0     0.2224      0.2    0.8      10.022   25.1   0b1111111111111111    20190624T131720842290
 1     120     2.2312      0.0       0.0     0.9817      0.0    0.0       2.273   25.1   0b1111111111111111    20190624T131720842747
 2     120     2.2260      0.0       0.0     0.2218      0.2    0.8      10.038   25.1   0b1111111111111111    20190624T131720843077
 3     120     2.2335      0.0       0.0     0.9879      0.4    0.8       2.261   25.1   0b1111111111111111    20190624T131720843410
 4     120     2.2222      0.0       0.0     0.2200      0.0    0.0      10.101   25.1   0b1111111111111111    20190624T131720843716
 5     120     2.2342      0.0       0.0     0.9840      0.3    0.8       2.271   25.1   0b1111111111111111    20190624T131720844014
 6     120     2.2342      0.0       0.0     0.2200      0.0    0.0      10.156   25.1   0b1111111111111111    20190624T131720844310
 7     120     2.2275      0.0       0.0     0.9783      0.0    0.0       2.277   25.1   0b1111111111111111    20190624T131720844639
 8     120     2.2260      0.0       0.0     0.2233      0.0    0.0       9.967   25.1   0b1111111111111111    20190624T131720844990
 9     120     2.2162      0.0       0.0     0.9732      0.2    0.8       2.277   25.1   0b1111111111111111    20190624T131720845291
10     120     2.2192      0.0       0.0     0.2209      0.2    0.8      10.046   25.1   0b1111111111111111    20190624T131720845605
11     120     2.2212      0.4       0.8     0.9769      0.4    0.8       2.274   25.1   0b1111111111111111    20190624T131720845898
12     120     2.2185      0.0       0.0     0.2203      0.4    0.8      10.069   25.1   0b1111111111111111    20190624T131720846191
13     120     2.2237      0.0       0.0     0.9763      0.4    0.8       2.278   25.1   0b1111111111111111    20190624T131720846507
14     120     2.2267      0.0       0.0     0.2215      0.3    0.8      10.053   25.1   0b1111111111111111    20190624T131720846799
15     120     2.2112      0.3       0.8     0.9582      0.3    0.8       2.308   25.1   0b1111111111111111    20190624T131720847090
 0     110     2.1825      0.0       0.0     0.2175      0.0    0.0      10.034   25.2   0b1111111111111111    20190624T131724309375
 1     110     2.1845      0.3       0.8     0.9608      0.0    0.0       2.274   25.2   0b1111111111111111    20190624T131724309805
 2     110     2.1795      0.0       0.0     0.2171      0.4    0.8      10.040   25.2   0b1111111111111111    20190624T131724310134
 3     110     2.1863      0.2       0.8     0.9673      0.4    0.8       2.260   25.2   0b1111111111111111    20190624T131724310466
 4     110     2.1757      0.2       0.8     0.2154      0.4    0.8      10.100   25.2   0b1111111111111111    20190624T131724310772
 5     110     2.1870      0.0       0.0     0.9633      0.0    0.0       2.270   25.2   0b1111111111111111    20190624T131724311072
 6     110     2.1878      0.0       0.0     0.2151      0.2    0.8      10.172   25.2   0b1111111111111111    20190624T131724311390
 7     110     2.1810      0.0       0.0     0.9577      0.3    0.8       2.277   25.2   0b1111111111111111    20190624T131724311687
 8     110     2.1803      0.0       0.0     0.2192      0.0    0.0       9.948   25.2   0b1111111111111111    20190624T131724312051
 9     110     2.1705      0.0       0.0     0.9532      0.3    0.8       2.277   25.2   0b1111111111111111    20190624T131724312375
10     110     2.1743      0.0       0.0     0.2167      0.0    0.0      10.035   25.2   0b1111111111111111    20190624T131724312670
11     110     2.1758      0.0       0.0     0.9568      0.3    0.8       2.274   25.2   0b1111111111111111    20190624T131724312963
12     110     2.1720      0.0       0.0     0.2158      0.0    0.0      10.063   25.2   0b1111111111111111    20190624T131724313253
13     110     2.1773      0.0       0.0     0.9558      0.0    0.0       2.278   25.2   0b1111111111111111    20190624T131724313568
14     110     2.1803      0.0       0.0     0.2167      0.0    0.0      10.063   25.2   0b1111111111111111    20190624T131724313860
15     110     2.1652      0.0       0.0     0.9383      0.3    0.8       2.308   25.2   0b1111111111111111    20190624T131724314149
 0     100     2.1337      0.0       0.0     0.2125      0.0    0.0      10.041   25.3   0b1111111111111111    20190624T131727793624
 1     100     2.1353      0.2       0.8     0.9393      0.3    0.8       2.273   25.3   0b1111111111111111    20190624T131727794068
 2     100     2.1307      0.0       0.0     0.2123      0.3    0.8      10.035   25.3   0b1111111111111111    20190624T131727794444
 3     100     2.1375      0.0       0.0     0.9453      0.4    0.8       2.261   25.3   0b1111111111111111    20190624T131727794767
 4     100     2.1271      0.2       0.8     0.2107      0.3    0.8      10.097   25.3   0b1111111111111111    20190624T131727795082
 5     100     2.1382      0.0       0.0     0.9417      0.0    0.0       2.271   25.3   0b1111111111111111    20190624T131727795432
 6     100     2.1390      0.0       0.0     0.2101      0.2    0.8      10.182   25.3   0b1111111111111111    20190624T131727795793
 7     100     2.1324      0.3       0.8     0.9364      0.4    0.8       2.277   25.3   0b1111111111111111    20190624T131727796120
 8     100     2.1325      0.4       0.8     0.2141      0.2    0.8       9.961   25.3   0b1111111111111111    20190624T131727796420
 9     100     2.1226      0.2       0.8     0.9317      0.0    0.0       2.278   25.3   0b1111111111111111    20190624T131727796716
10     100     2.1262      0.0       0.0     0.2118      0.3    0.8      10.037   25.3   0b1111111111111111    20190624T131727797009
11     100     2.1280      0.3       0.8     0.9358      0.0    0.0       2.274   25.3   0b1111111111111111    20190624T131727797323
12     100     2.1234      0.3       0.8     0.2108      0.0    0.0      10.071   25.3   0b1111111111111111    20190624T131727797617
13     100     2.1285      0.0       0.0     0.9342      0.0    0.0       2.279   25.3   0b1111111111111111    20190624T131727797910
14     100     2.1316      0.3       0.8     0.2117      0.0    0.0      10.071   25.3   0b1111111111111111    20190624T131727798234
15     100     2.1172      0.0       0.0     0.9173      0.3    0.8       2.308   25.3   0b1111111111111111    20190624T131727798389
 0      90     2.0850      0.0       0.0     0.2077      0.3    0.8      10.040   25.3   0b1111111111111111    20190624T131731263685
 1      90     2.0880      0.0       0.0     0.9184      0.3    0.8       2.273   25.3   0b1111111111111111    20190624T131731264031
 2      90     2.0828      0.0       0.0     0.2075      0.0    0.0      10.037   25.3   0b1111111111111111    20190624T131731264326
 3      90     2.0895      0.0       0.0     0.9242      0.0    0.0       2.261   25.3   0b1111111111111111    20190624T131731264595
 4      90     2.0783      0.0       0.0     0.2058      0.2    0.8      10.101   25.3   0b1111111111111111    20190624T131731264859
 5      90     2.0903      0.0       0.0     0.9203      0.4    0.8       2.271   25.3   0b1111111111111111    20190624T131731265141
 6      90     2.0903      0.0       0.0     0.2054      0.4    0.8      10.176   25.3   0b1111111111111111    20190624T131731265407
 7      90     2.0842      0.2       0.8     0.9150      0.0    0.0       2.278   25.3   0b1111111111111111    20190624T131731265668
 8      90     2.0851      0.2       0.8     0.2092      0.0    0.0       9.968   25.3   0b1111111111111111    20190624T131731265925
 9      90     2.0760      0.0       0.0     0.9114      0.4    0.8       2.278   25.3   0b1111111111111111    20190624T131731266192
10      90     2.0790      0.0       0.0     0.2073      0.4    0.8      10.031   25.3   0b1111111111111111    20190624T131731266510
11      90     2.0801      0.4       0.8     0.9148      0.4    0.8       2.274   25.3   0b1111111111111111    20190624T131731266773
12      90     2.0753      0.0       0.0     0.2060      0.3    0.8      10.074   25.3   0b1111111111111111    20190624T131731267030
13      90     2.0805      0.0       0.0     0.9133      0.0    0.0       2.278   25.3   0b1111111111111111    20190624T131731267308
14      90     2.0828      0.0       0.0     0.2067      0.0    0.0      10.078   25.3   0b1111111111111111    20190624T131731267564
15      90     2.0692      0.0       0.0     0.8964      0.4    0.8       2.308   25.3   0b1111111111111111    20190624T131731267822
 0      80     2.0362      0.0       0.0     0.2025      0.0    0.0      10.056   25.3   0b1111111111111111    20190624T131734749624
 1      80     2.0385      0.0       0.0     0.8967      0.0    0.0       2.273   25.3   0b1111111111111111    20190624T131734750036
 2      80     2.0335      0.4       0.8     0.2025      0.0    0.0      10.042   25.3   0b1111111111111111    20190624T131734750389
 3      80     2.0400      0.0       0.0     0.9023      0.3    0.8       2.261   25.3   0b1111111111111111    20190624T131734750703
 4      80     2.0287      0.0       0.0     0.2008      0.2    0.8      10.106   25.3   0b1111111111111111    20190624T131734751006
 5      80     2.0407      0.0       0.0     0.8984      0.3    0.8       2.271   25.3   0b1111111111111111    20190624T131734751319
 6      80     2.0407      0.0       0.0     0.2003      0.4    0.8      10.187   25.3   0b1111111111111111    20190624T131734751636
 7      80     2.0347      0.0       0.0     0.8933      0.3    0.8       2.278   25.3   0b1111111111111111    20190624T131734751949
 8      80     2.0362      0.0       0.0     0.2042      0.2    0.8       9.969   25.3   0b1111111111111111    20190624T131734752254
 9      80     2.0269      0.4       0.8     0.8900      0.0    0.0       2.277   25.3   0b1111111111111111    20190624T131734752612
10      80     2.0302      0.0       0.0     0.2025      0.0    0.0      10.026   25.3   0b1111111111111111    20190624T131734752909
11      80     2.0310      0.0       0.0     0.8933      0.0    0.0       2.274   25.3   0b1111111111111111    20190624T131734753201
12      80     2.0264      0.2       0.8     0.2009      0.2    0.8      10.086   25.3   0b1111111111111111    20190624T131734753515
13      80     2.0310      0.0       0.0     0.8913      0.4    0.8       2.279   25.3   0b1111111111111111    20190624T131734753809
14      80     2.0332      0.0       0.0     0.2018      0.2    0.8      10.078   25.3   0b1111111111111111    20190624T131734754098
15      80     2.0200      0.3       0.8     0.8750      0.0    0.0       2.309   25.3   0b1111111111111111    20190624T131734754410
 0      70     1.9868      0.0       0.0     0.1976      0.2    0.8      10.055   25.3   0b1111111111111111    20190624T131738222640
 1      70     1.9891      0.2       0.8     0.8750      0.0    0.0       2.273   25.3   0b1111111111111111    20190624T131738223350
 2      70     1.9845      0.0       0.0     0.1975      0.0    0.0      10.048   25.3   0b1111111111111111    20190624T131738223916
 3      70     1.9905      0.0       0.0     0.8801      0.3    0.8       2.262   25.3   0b1111111111111111    20190624T131738224483
 4      70     1.9792      0.0       0.0     0.1958      0.0    0.0      10.107   25.3   0b1111111111111111    20190624T131738225017
 5      70     1.9913      0.2       0.8     0.8768      0.3    0.8       2.271   25.3   0b1111111111111111    20190624T131738225610
 6      70     1.9913      0.0       0.0     0.1954      0.4    0.8      10.190   25.3   0b1111111111111111    20190624T131738226126
 7      70     1.9853      0.0       0.0     0.8713      0.4    0.8       2.278   25.3   0b1111111111111111    20190624T131738226445
 8      70     1.9875      0.0       0.0     0.1994      0.4    0.8       9.967   25.3   0b1111111111111111    20190624T131738226746
 9      70     1.9777      0.0       0.0     0.8683      0.0    0.0       2.278   25.3   0b1111111111111111    20190624T131738227135
10      70     1.9815      0.0       0.0     0.1975      0.0    0.0      10.033   25.3   0b1111111111111111    20190624T131738227633
11      70     1.9823      0.0       0.0     0.8713      0.4    0.8       2.275   25.3   0b1111111111111111    20190624T131738228024
12      70     1.9763      0.0       0.0     0.1959      0.2    0.8      10.087   25.3   0b1111111111111111    20190624T131738228295
13      70     1.9815      0.0       0.0     0.8698      0.3    0.8       2.278   25.3   0b1111111111111111    20190624T131738228438
14      70     1.9838      0.0       0.0     0.1968      0.3    0.8      10.078   25.3   0b1111111111111111    20190624T131738228580
15      70     1.9710      0.0       0.0     0.8535      0.3    0.8       2.309   25.3   0b1111111111111111    20190624T131738228723
 0      60     1.9365      0.0       0.0     0.1925      0.0    0.0      10.060   25.3   0b1111111111111111    20190624T131741705367
 1      60     1.9380      0.0       0.0     0.8524      0.3    0.8       2.274   25.3   0b1111111111111111    20190624T131741705782
 2      60     1.9327      0.0       0.0     0.1924      0.3    0.8      10.045   25.3   0b1111111111111111    20190624T131741706131
 3      60     1.9395      0.0       0.0     0.8578      0.4    0.8       2.261   25.3   0b1111111111111111    20190624T131741706539
 4      60     1.9282      0.0       0.0     0.1905      0.4    0.8      10.122   25.3   0b1111111111111111    20190624T131741706864
 5      60     1.9403      0.0       0.0     0.8542      0.0    0.0       2.272   25.3   0b1111111111111111    20190624T131741707191
 6      60     1.9395      0.0       0.0     0.1901      0.2    0.8      10.203   25.3   0b1111111111111111    20190624T131741707493
 7      60     1.9334      0.2       0.8     0.8483      0.0    0.0       2.279   25.3   0b1111111111111111    20190624T131741707789
 8      60     1.9373      0.0       0.0     0.1942      0.2    0.8       9.973   25.3   0b1111111111111111    20190624T131741708171
 9      60     1.9282      0.0       0.0     0.8462      0.4    0.8       2.279   25.3   0b1111111111111111    20190624T131741708475
10      60     1.9299      0.3       0.8     0.1923      0.4    0.8      10.038   25.3   0b1111111111111111    20190624T131741708769
11      60     1.9305      0.0       0.0     0.8485      0.3    0.8       2.275   25.3   0b1111111111111111    20190624T131741709062
12      60     1.9260      0.0       0.0     0.1908      0.0    0.0      10.093   25.3   0b1111111111111111    20190624T131741709378
13      60     1.9305      0.0       0.0     0.8470      0.4    0.8       2.279   25.3   0b1111111111111111    20190624T131741709670
14      60     1.9324      0.4       0.8     0.1918      0.3    0.8      10.078   25.3   0b1111111111111111    20190624T131741709961
15      60     1.9192      0.0       0.0     0.8312      0.4    0.8       2.309   25.3   0b1111111111111111    20190624T131741710272
 0      50     1.8847      0.0       0.0     0.1875      0.0    0.0      10.052   25.3   0b1111111111111111    20190624T131745189561
 1      50     1.8855      0.0       0.0     0.8292      0.0    0.0       2.274   25.3   0b1111111111111111    20190624T131745189959
 2      50     1.8804      0.3       0.8     0.1868      0.3    0.8      10.065   25.3   0b1111111111111111    20190624T131745190302
 3      50     1.8870      0.0       0.0     0.8346      0.4    0.8       2.261   25.3   0b1111111111111111    20190624T131745190606
 4      50     1.8764      0.2       0.8     0.1851      0.3    0.8      10.138   25.3   0b1111111111111111    20190624T131745190904
 5      50     1.8879      0.3       0.7     0.8309      0.2    0.8       2.272   25.3   0b1111111111111111    20190624T131745191223
 6      50     1.8870      0.0       0.0     0.1850      0.0    0.0      10.200   25.3   0b1111111111111111    20190624T131745191517
 7      50     1.8810      0.0       0.0     0.8254      0.4    0.8       2.279   25.3   0b1111111111111111    20190624T131745191856
 8      50     1.8849      0.3       0.8     0.1891      0.3    0.8       9.969   25.3   0b1111111111111111    20190624T131745192208
 9      50     1.8765      0.0       0.0     0.8235      0.3    0.8       2.279   25.3   0b1111111111111111    20190624T131745192520
10      50     1.8788      0.0       0.0     0.1870      0.4    0.8      10.047   25.3   0b1111111111111111    20190624T131745192813
11      50     1.8788      0.0       0.0     0.8258      0.0    0.0       2.275   25.3   0b1111111111111111    20190624T131745193130
12      50     1.8740      0.4       0.8     0.1858      0.0    0.0      10.084   25.3   0b1111111111111111    20190624T131745193423
13      50     1.8780      0.0       0.0     0.8242      0.0    0.0       2.279   25.3   0b1111111111111111    20190624T131745193813
14      50     1.8803      0.0       0.0     0.1867      0.0    0.0      10.073   25.3   0b1111111111111111    20190624T131745194197
15      50     1.8675      0.0       0.0     0.8091      0.2    0.8       2.308   25.3   0b1111111111111111    20190624T131745194493
 0      40     1.8321      0.3       0.7     0.1819      0.4    0.8      10.071   25.3   0b1111111111111111    20190624T131748668973
 1      40     1.8326      0.4       0.8     0.8058      0.0    0.0       2.274   25.3   0b1111111111111111    20190624T131748669402
 2      40     1.8278      0.0       0.0     0.1817      0.0    0.0      10.061   25.3   0b1111111111111111    20190624T131748669742
 3      40     1.8345      0.0       0.0     0.8112      0.4    0.8       2.262   25.3   0b1111111111111111    20190624T131748670050
 4      40     1.8240      0.0       0.0     0.1800      0.0    0.0      10.133   25.3   0b1111111111111111    20190624T131748670372
 5      40     1.8347      0.3       0.8     0.8075      0.0    0.0       2.272   25.3   0b1111111111111111    20190624T131748670670
 6      40     1.8337      0.0       0.0     0.1796      0.4    0.8      10.211   25.3   0b1111111111111111    20190624T131748670964
 7      40     1.8286      0.2       0.8     0.8025      0.0    0.0       2.279   25.3   0b1111111111111111    20190624T131748671276
 8      40     1.8337      0.0       0.0     0.1840      0.3    0.8       9.966   25.3   0b1111111111111111    20190624T131748671571
 9      40     1.8240      0.0       0.0     0.8008      0.0    0.0       2.278   25.3   0b1111111111111111    20190624T131748671902
10      40     1.8270      0.0       0.0     0.1817      0.0    0.0      10.057   25.3   0b1111111111111111    20190624T131748672242
11      40     1.8270      0.0       0.0     0.8029      0.4    0.8       2.275   25.3   0b1111111111111111    20190624T131748672551
12      40     1.8218      0.0       0.0     0.1807      0.3    0.8      10.083   25.3   0b1111111111111111    20190624T131748672844
13      40     1.8255      0.0       0.0     0.8008      0.0    0.0       2.280   25.3   0b1111111111111111    20190624T131748673161
14      40     1.8270      0.0       0.0     0.1811      0.4    0.8      10.089   25.3   0b1111111111111111    20190624T131748673455
15      40     1.8157      0.2       0.8     0.7867      0.0    0.0       2.308   25.3   0b1111111111111111    20190624T131748673745
 0      30     1.7802      0.4       0.8     0.1768      0.3    0.8      10.067   25.4   0b1111111111111111    20190624T131752143596
 1      30     1.7819      0.2       0.8     0.7833      0.0    0.0       2.275   25.4   0b1111111111111111    20190624T131752143997
 2      30     1.7771      0.4       0.7     0.1767      0.0    0.0      10.059   25.4   0b1111111111111111    20190624T131752144354
 3      30     1.7828      0.0       0.0     0.7883      0.0    0.0       2.261   25.4   0b1111111111111111    20190624T131752144667
 4      30     1.7723      0.0       0.0     0.1749      0.3    0.8      10.132   25.4   0b1111111111111111    20190624T131752144971
 5      30     1.7843      0.0       0.0     0.7851      0.2    0.8       2.273   25.4   0b1111111111111111    20190624T131752145289
 6      30     1.7831      0.4       0.8     0.1743      0.3    0.8      10.228   25.4   0b1111111111111111    20190624T131752145633
 7      30     1.7775      0.0       0.0     0.7799      0.2    0.8       2.279   25.4   0b1111111111111111    20190624T131752145945
 8      30     1.7828      0.0       0.0     0.1789      0.4    0.8       9.964   25.4   0b1111111111111111    20190624T131752146261
 9      30     1.7760      0.0       0.0     0.7792      0.2    0.8       2.279   25.4   0b1111111111111111    20190624T131752146556
10      30     1.7782      0.0       0.0     0.1770      0.4    0.8      10.047   25.4   0b1111111111111111    20190624T131752146848
11      30     1.7775      0.0       0.0     0.7809      0.3    0.8       2.276   25.4   0b1111111111111111    20190624T131752147165
12      30     1.7708      0.0       0.0     0.1753      0.4    0.8      10.099   25.4   0b1111111111111111    20190624T131752147460
13      30     1.7745      0.0       0.0     0.7785      0.3    0.8       2.279   25.4   0b1111111111111111    20190624T131752147751
14      30     1.7768      0.0       0.0     0.1761      0.4    0.8      10.090   25.4   0b1111111111111111    20190624T131752148041
15      30     1.7647      0.0       0.0     0.7642      0.0    0.0       2.309   25.4   0b1111111111111111    20190624T131752148314
 0      20     1.7288      0.0       0.0     0.1717      0.0    0.0      10.070   25.4   0b1111111111111111    20190624T131755609616
 1      20     1.7299      0.4       0.8     0.7605      0.4    0.8       2.275   25.4   0b1111111111111111    20190624T131755610045
 2      20     1.7258      0.0       0.0     0.1717      0.0    0.0      10.053   25.4   0b1111111111111111    20190624T131755610398
 3      20     1.7310      0.0       0.0     0.7657      0.2    0.8       2.261   25.4   0b1111111111111111    20190624T131755610714
 4      20     1.7208      0.4       0.7     0.1697      0.4    0.8      10.142   25.4   0b1111111111111111    20190624T131755611017
 5      20     1.7325      0.0       0.0     0.7625      0.0    0.0       2.272   25.4   0b1111111111111111    20190624T131755611316
 6      20     1.7317      0.0       0.0     0.1692      0.0    0.0      10.237   25.4   0b1111111111111111    20190624T131755611632
 7      20     1.7258      0.0       0.0     0.7573      0.3    0.8       2.279   25.4   0b1111111111111111    20190624T131755611927
 8      20     1.7317      0.0       0.0     0.1735      0.3    0.8       9.981   25.4   0b1111111111111111    20190624T131755612219
 9      20     1.7250      0.0       0.0     0.7573      0.3    0.8       2.278   25.4   0b1111111111111111    20190624T131755612576
10      20     1.7280      0.0       0.0     0.1717      0.0    0.0      10.066   25.4   0b1111111111111111    20190624T131755612873
11      20     1.7265      0.0       0.0     0.7586      0.4    0.8       2.276   25.4   0b1111111111111111    20190624T131755613167
12      20     1.7197      0.0       0.0     0.1700      0.0    0.0      10.116   25.4   0b1111111111111111    20190624T131755613481
13      20     1.7228      0.0       0.0     0.7559      0.3    0.8       2.279   25.4   0b1111111111111111    20190624T131755613775
14      20     1.7255      0.3       0.8     0.1710      0.3    0.8      10.091   25.4   0b1111111111111111    20190624T131755614066
15      20     1.7138      0.0       0.0     0.7422      0.4    0.8       2.309   25.4   0b1111111111111111    20190624T131755614379
 0      10     1.6770      0.0       0.0     0.1667      0.0    0.0      10.062   25.4   0b1111111111111111    20190624T131759073170
 1      10     1.6784      0.3       0.8     0.7375      0.0    0.0       2.276   25.4   0b1111111111111111    20190624T131759073615
 2      10     1.6743      0.4       0.8     0.1664      0.4    0.8      10.061   25.4   0b1111111111111111    20190624T131759073947
 3      10     1.6797      0.4       0.8     0.7427      0.4    0.8       2.261   25.4   0b1111111111111111    20190624T131759074256
 4      10     1.6696      0.3       0.8     0.1645      0.4    0.8      10.150   25.4   0b1111111111111111    20190624T131759074581
 5      10     1.6808      0.0       0.0     0.7393      0.3    0.8       2.274   25.4   0b1111111111111111    20190624T131759074883
 6      10     1.6800      0.0       0.0     0.1642      0.0    0.0      10.234   25.4   0b1111111111111111    20190624T131759075181
 7      10     1.6747      0.0       0.0     0.7345      0.4    0.8       2.280   25.4   0b1111111111111111    20190624T131759075539
 8      10     1.6815      0.0       0.0     0.1685      0.3    0.8       9.979   25.4   0b1111111111111111    20190624T131759075836
 9      10     1.6747      0.0       0.0     0.7350      0.0    0.0       2.279   25.4   0b1111111111111111    20190624T131759076130
10      10     1.6778      0.0       0.0     0.1667      0.0    0.0      10.066   25.4   0b1111111111111111    20190624T131759076446
11      10     1.6763      0.0       0.0     0.7366      0.3    0.8       2.276   25.4   0b1111111111111111    20190624T131759076742
12      10     1.6687      0.0       0.0     0.1650      0.0    0.0      10.114   25.4   0b1111111111111111    20190624T131759077035
13      10     1.6717      0.0       0.0     0.7333      0.0    0.0       2.280   25.4   0b1111111111111111    20190624T131759077327
14      10     1.6740      0.0       0.0     0.1658      0.0    0.0      10.094   25.4   0b1111111111111111    20190624T131759077644
15      10     1.6628      0.0       0.0     0.7200      0.0    0.0       2.309   25.4   0b1111111111111111    20190624T131759077936
 0       0     1.6255      0.3       0.7     0.1612      0.4    0.8      10.086   25.4   0b1111111111111111    20190624T131802546279
 1       0     1.6261      0.2       0.8     0.7149      0.2    0.8       2.274   25.4   0b1111111111111111    20190624T131802546721
 2       0     1.6230      0.0       0.0     0.1612      0.4    0.8      10.065   25.4   0b1111111111111111    20190624T131802547053
 3       0     1.6275      0.0       0.0     0.7200      0.0    0.0       2.260   25.4   0b1111111111111111    20190624T131802547388
 4       0     1.6189      0.4       0.7     0.1592      0.0    0.0      10.171   25.4   0b1111111111111111    20190624T131802547696
 5       0     1.6290      0.0       0.0     0.7167      0.0    0.0       2.273   25.4   0b1111111111111111    20190624T131802548000
 6       0     1.6282      0.0       0.0     0.1592      0.0    0.0      10.230   25.4   0b1111111111111111    20190624T131802548298
 7       0     1.6237      0.2       0.8     0.7118      0.3    0.8       2.281   25.4   0b1111111111111111    20190624T131802548623
 8       0     1.6313      0.0       0.0     0.1635      0.3    0.8       9.977   25.4   0b1111111111111111    20190624T131802548921
 9       0     1.6237      0.0       0.0     0.7125      0.0    0.0       2.279   25.4   0b1111111111111111    20190624T131802549275
10       0     1.6275      0.0       0.0     0.1618      0.2    0.8      10.062   25.4   0b1111111111111111    20190624T131802549597
11       0     1.6260      0.0       0.0     0.7142      0.0    0.0       2.277   25.4   0b1111111111111111    20190624T131802549895
12       0     1.6171      0.2       0.8     0.1600      0.0    0.0      10.107   25.4   0b1111111111111111    20190624T131802550189
13       0     1.6200      0.0       0.0     0.7108      0.3    0.8       2.279   25.4   0b1111111111111111    20190624T131802550506
14       0     1.6230      0.0       0.0     0.1608      0.0    0.0      10.091   25.4   0b1111111111111111    20190624T131802550801
15       0     1.6118      0.0       0.0     0.6983      0.0    0.0       2.308   25.4   0b1111111111111111    20190624T131802551095
