CH# Vset[DAC]   V[V]    dVRMS[mV] dVpp[mV]    I[A]  dIRMS[mA] dIpp[mA]   R[ohm]   T[C]   State                Timestamp
 0     250     2.8505      0.3       0.8     0.5598      3.6   15.0       5.092   25.6   0b1111111111111111    20190605T134531989649
 1     250     2.6575      0.5       1.5     2.5133      0.7    1.7       1.057   25.6   0b1111111111111111    20190605T134531990078
 2     250     2.8528      0.3       0.8     0.5586      3.1   10.0       5.107   25.6   0b1111111111111111    20190605T134531990422
 3     250     2.6521      0.2       0.7     2.5053      0.4    0.8       1.059   25.6   0b1111111111111111    20190605T134531990723
 4     250     2.8622      0.3       0.7     0.5662      3.5   10.8       5.055   25.6   0b1111111111111111    20190605T134531991013
 5     250     2.6564      0.4       1.5     2.5141      0.6    1.7       1.057   25.6   0b1111111111111111    20190605T134531991327
 6     250     2.8526      0.4       0.8     0.5609      5.4   19.2       5.086   25.6   0b1111111111111111    20190605T134531991616
 7     250     2.6566      0.2       0.7     2.5161      0.5    1.7       1.056   25.6   0b1111111111111111    20190605T134531991902
 8     250     2.8605      0.0       0.0     0.5580      2.1    8.3       5.126   25.6   0b1111111111111111    20190605T134531992184
 9     250     2.6854      0.5       1.5     2.5298      0.7    1.7       1.062   25.6   0b1111111111111111    20190605T134531992533
10     250     2.8740      0.0       0.0     0.5694      4.0   14.2       5.047   25.6   0b1111111111111111    20190605T134531992822
11     250     2.6795      0.5       1.5     2.5564      0.7    2.5       1.048   25.6   0b1111111111111111    20190605T134531993106
12     250     2.8732      0.0       0.0     0.5687      3.7   11.7       5.053   25.6   0b1111111111111111    20190605T134531993409
13     250     2.6809      0.5       1.5     2.5122      0.7    1.7       1.067   25.6   0b1111111111111111    20190605T134531993694
14     250     2.8530      0.0       0.0     0.5588      2.0    6.7       5.106   25.6   0b1111111111111111    20190605T134531993976
15     250     2.6596      0.5       1.5     2.5108      0.5    1.7       1.059   25.6   0b1111111111111111    20190605T134531994277
 0     240     2.8155      0.0       0.0     0.5531      3.0   10.0       5.091   25.7   0b1111111111111111    20190605T134535440884
 1     240     2.6561      0.4       0.8     2.5117      0.4    1.7       1.057   25.7   0b1111111111111111    20190605T134535441275
 2     240     2.8200      0.0       0.0     0.5524      1.9    7.5       5.105   25.7   0b1111111111111111    20190605T134535441612
 3     240     2.6508      0.4       0.8     2.5041      0.2    0.8       1.059   25.7   0b1111111111111111    20190605T134535441908
 4     240     2.8343      0.0       0.0     0.5609      3.7   11.7       5.053   25.7   0b1111111111111111    20190605T134535442197
 5     240     2.6551      0.3       0.8     2.5126      0.6    1.7       1.057   25.7   0b1111111111111111    20190605T134535442507
 6     240     2.8200      0.0       0.0     0.5560      2.7   10.8       5.072   25.7   0b1111111111111111    20190605T134535442795
 7     240     2.6553      0.4       0.8     2.5148      0.4    0.8       1.056   25.7   0b1111111111111111    20190605T134535443078
 8     240     2.8181      0.4       0.7     0.5500      2.3    8.3       5.124   25.7   0b1111111111111111    20190605T134535443407
 9     240     2.6823      0.4       0.8     2.5266      0.7    1.7       1.062   25.7   0b1111111111111111    20190605T134535443713
10     240     2.8365      0.0       0.0     0.5594      2.5    7.5       5.070   25.7   0b1111111111111111    20190605T134535443997
11     240     2.6769      0.5       1.5     2.5542      0.6    1.7       1.048   25.7   0b1111111111111111    20190605T134535444278
12     240     2.8350      0.0       0.0     0.5592      2.0    8.3       5.070   25.7   0b1111111111111111    20190605T134535444583
13     240     2.6771      0.4       0.8     2.5093      0.5    1.7       1.067   25.7   0b1111111111111111    20190605T134535444867
14     240     2.8102      0.0       0.0     0.5512      1.5    4.2       5.099   25.7   0b1111111111111111    20190605T134535445163
15     240     2.6565      0.5       1.5     2.5081      0.5    1.7       1.059   25.7   0b1111111111111111    20190605T134535445443
 0     230     2.7713      0.0       0.0     0.5449      0.9    3.3       5.086   25.9   0b1111111111111111    20190605T134538887185
 1     230     2.6528      0.2       0.8     2.5085      0.3    0.8       1.058   25.9   0b1111111111111111    20190605T134538887632
 2     230     2.7765      0.0       0.0     0.5444      1.9    5.0       5.100   25.9   0b1111111111111111    20190605T134538887948
 3     230     2.6477      0.3       0.8     2.5011      0.4    0.8       1.059   25.9   0b1111111111111111    20190605T134538888279
 4     230     2.7935      0.3       0.8     0.5532      1.3    5.0       5.050   25.9   0b1111111111111111    20190605T134538888476
 5     230     2.6525      0.4       0.7     2.5097      0.5    1.7       1.057   25.9   0b1111111111111111    20190605T134538888619
 6     230     2.7772      0.0       0.0     0.5446      2.5    8.3       5.100   25.9   0b1111111111111111    20190605T134538888761
 7     230     2.6525      0.3       0.7     2.5123      0.3    0.8       1.056   25.9   0b1111111111111111    20190605T134538888901
 8     230     2.7715      0.3       0.7     0.5406      1.5    4.2       5.127   25.9   0b1111111111111111    20190605T134538889041
 9     230     2.6776      0.4       1.5     2.5223      0.5    1.7       1.062   25.9   0b1111111111111111    20190605T134538889180
10     230     2.7918      0.4       0.8     0.5514      1.6    5.0       5.063   25.9   0b1111111111111111    20190605T134538889330
11     230     2.6732      0.3       0.7     2.5506      0.4    0.8       1.048   25.9   0b1111111111111111    20190605T134538889468
12     230     2.7893      0.2       0.8     0.5501      1.6    5.0       5.071   25.9   0b1111111111111111    20190605T134538889606
13     230     2.6712      0.4       0.7     2.5039      0.5    1.7       1.067   25.9   0b1111111111111111    20190605T134538889742
14     230     2.7638      0.0       0.0     0.5428      0.7    2.5       5.091   25.9   0b1111111111111111    20190605T134538889879
15     230     2.6521      0.4       1.5     2.5039      0.4    0.8       1.059   25.9   0b1111111111111111    20190605T134538890043
 0     220     2.7223      0.3       0.8     0.5349      0.4    1.7       5.089   26.1   0b1111111111111111    20190605T134542332333
 1     220     2.6466      0.3       0.8     2.5023      0.3    0.8       1.058   26.1   0b1111111111111111    20190605T134542332747
 2     220     2.7277      0.0       0.0     0.5348      1.1    3.3       5.101   26.1   0b1111111111111111    20190605T134542333063
 3     220     2.6416      0.2       0.8     2.4954      0.4    0.8       1.059   26.1   0b1111111111111111    20190605T134542333385
 4     220     2.7450      0.0       0.0     0.5423      0.6    1.7       5.061   26.1   0b1111111111111111    20190605T134542333688
 5     220     2.6471      0.4       0.8     2.5045      0.4    0.8       1.057   26.1   0b1111111111111111    20190605T134542333979
 6     220     2.7285      0.0       0.0     0.5357      0.7    2.5       5.093   26.1   0b1111111111111111    20190605T134542334289
 7     220     2.6471      0.4       0.8     2.5072      0.4    0.8       1.056   26.1   0b1111111111111111    20190605T134542334585
 8     220     2.7225      0.0       0.0     0.5318      0.4    1.7       5.120   26.1   0b1111111111111111    20190605T134542334871
 9     220     2.6694      0.3       0.8     2.5144      0.5    1.7       1.062   26.1   0b1111111111111111    20190605T134542335189
10     220     2.7420      0.0       0.0     0.5409      0.6    1.7       5.069   26.1   0b1111111111111111    20190605T134542335505
11     220     2.6667      0.4       0.8     2.5446      0.6    1.7       1.048   26.1   0b1111111111111111    20190605T134542335790
12     220     2.7402      0.4       0.8     0.5405      0.6    1.7       5.070   26.1   0b1111111111111111    20190605T134542336073
13     220     2.6609      0.2       0.8     2.4942      0.2    0.8       1.067   26.1   0b1111111111111111    20190605T134542336396
14     220     2.7157      0.0       0.0     0.5328      0.5    1.7       5.098   26.1   0b1111111111111111    20190605T134542336692
15     220     2.6446      0.2       0.8     2.4972      0.4    0.8       1.059   26.1   0b1111111111111111    20190605T134542336974
 0     210     2.6730      0.0       0.0     0.5254      0.4    0.8       5.087   26.3   0b1111111111111111    20190605T134545775435
 1     210     2.6348      0.2       0.7     2.4915      0.3    0.8       1.058   26.3   0b1111111111111111    20190605T134545775840
 2     210     2.6782      0.0       0.0     0.5252      0.5    1.7       5.100   26.3   0b1111111111111111    20190605T134545776153
 3     210     2.6303      0.0       0.0     2.4847      0.4    0.8       1.059   26.3   0b1111111111111111    20190605T134545776476
 4     210     2.6955      0.0       0.0     0.5330      0.4    0.8       5.057   26.3   0b1111111111111111    20190605T134545776768
 5     210     2.6370      0.0       0.0     2.4949      0.6    1.7       1.057   26.3   0b1111111111111111    20190605T134545777056
 6     210     2.6797      0.0       0.0     0.5260      0.8    2.5       5.095   26.3   0b1111111111111111    20190605T134545777364
 7     210     2.6371      0.2       0.7     2.4980      0.4    0.8       1.056   26.3   0b1111111111111111    20190605T134545777651
 8     210     2.6737      0.0       0.0     0.5220      0.4    0.8       5.122   26.3   0b1111111111111111    20190605T134545777988
 9     210     2.6550      0.0       0.0     2.5010      0.5    1.7       1.062   26.3   0b1111111111111111    20190605T134545778311
10     210     2.6925      0.0       0.0     0.5312      0.4    0.8       5.069   26.3   0b1111111111111111    20190605T134545778600
11     210     2.6551      0.3       0.8     2.5336      0.4    0.8       1.048   26.3   0b1111111111111111    20190605T134545778884
12     210     2.6902      0.0       0.0     0.5303      0.4    0.8       5.073   26.3   0b1111111111111111    20190605T134545779167
13     210     2.6431      0.2       0.8     2.4775      0.0    0.0       1.067   26.3   0b1111111111111111    20190605T134545779474
14     210     2.6669      0.2       0.8     0.5230      0.4    0.8       5.099   26.3   0b1111111111111111    20190605T134545779757
15     210     2.6312      0.3       0.8     2.4843      0.6    1.7       1.059   26.3   0b1111111111111111    20190605T134545780037
 0     200     2.6233      0.3       0.8     0.5157      0.5    1.7       5.087   26.4   0b1111111111111111    20190605T134549230459
 1     200     2.6130      0.0       0.0     2.4705      0.4    0.8       1.058   26.4   0b1111111111111111    20190605T134549230891
 2     200     2.6284      0.4       0.8     0.5157      0.5    1.7       5.097   26.4   0b1111111111111111    20190605T134549232438
 3     200     2.6089      0.4       0.8     2.4644      0.4    0.8       1.059   26.4   0b1111111111111111    20190605T134549232747
 4     200     2.6455      0.3       0.8     0.5228      0.4    0.8       5.061   26.4   0b1111111111111111    20190605T134549233040
 5     200     2.6175      0.0       0.0     2.4768      0.3    0.8       1.057   26.4   0b1111111111111111    20190605T134549233350
 6     200     2.6298      0.4       0.8     0.5162      0.6    1.7       5.095   26.4   0b1111111111111111    20190605T134549233679
 7     200     2.6183      0.0       0.0     2.4800      0.5    1.7       1.056   26.4   0b1111111111111111    20190605T134549233977
 8     200     2.6242      0.2       0.7     0.5119      0.4    0.8       5.126   26.4   0b1111111111111111    20190605T134549234290
 9     200     2.6280      0.0       0.0     2.4756      0.5    1.7       1.062   26.4   0b1111111111111111    20190605T134549234578
10     200     2.6427      0.4       0.7     0.5213      0.4    0.8       5.069   26.4   0b1111111111111111    20190605T134549234861
11     200     2.6336      0.4       0.7     2.5133      0.3    0.8       1.048   26.4   0b1111111111111111    20190605T134549235143
12     200     2.6403      0.4       0.7     0.5208      0.0    0.0       5.069   26.4   0b1111111111111111    20190605T134549235455
13     200     2.6107      0.0       0.0     2.4471      0.4    0.8       1.067   26.4   0b1111111111111111    20190605T134549235738
14     200     2.6172      0.4       0.7     0.5132      0.3    0.8       5.100   26.4   0b1111111111111111    20190605T134549236020
15     200     2.6062      0.0       0.0     2.4608      0.0    0.0       1.059   26.4   0b1111111111111111    20190605T134549236321
 0     190     2.5763      0.0       0.0     0.5063      0.4    0.8       5.088   26.6   0b1111111111111111    20190605T134552681628
 1     190     2.5763      0.0       0.0     2.4357      0.3    0.8       1.058   26.6   0b1111111111111111    20190605T134552682074
 2     190     2.5815      0.0       0.0     0.5064      0.4    0.8       5.098   26.6   0b1111111111111111    20190605T134552682426
 3     190     2.5731      0.3       0.8     2.4308      0.3    0.8       1.059   26.6   0b1111111111111111    20190605T134552682731
 4     190     2.5972      0.0       0.0     0.5133      0.0    0.0       5.060   26.6   0b1111111111111111    20190605T134552683025
 5     190     2.5845      0.0       0.0     2.4451      0.2    0.8       1.057   26.6   0b1111111111111111    20190605T134552683338
 6     190     2.5822      0.0       0.0     0.5067      0.0    0.0       5.097   26.6   0b1111111111111111    20190605T134552683630
 7     190     2.5852      0.0       0.0     2.4491      0.2    0.8       1.056   26.6   0b1111111111111111    20190605T134552683916
 8     190     2.5755      0.0       0.0     0.5027      0.3    0.8       5.124   26.6   0b1111111111111111    20190605T134552684200
 9     190     2.5880      0.3       0.8     2.4377      0.3    0.8       1.062   26.6   0b1111111111111111    20190605T134552684560
10     190     2.5944      0.3       0.8     0.5116      0.3    0.8       5.071   26.6   0b1111111111111111    20190605T134552684854
11     190     2.5980      0.0       0.0     2.4790      0.3    0.8       1.048   26.6   0b1111111111111111    20190605T134552685139
12     190     2.5925      0.3       0.8     0.5112      0.4    0.8       5.072   26.6   0b1111111111111111    20190605T134552685445
13     190     2.5673      0.0       0.0     2.4066      0.3    0.8       1.067   26.6   0b1111111111111111    20190605T134552685728
14     190     2.5688      0.0       0.0     0.5035      0.3    0.8       5.102   26.6   0b1111111111111111    20190605T134552686011
15     190     2.5660      0.3       0.8     2.4227      0.3    0.8       1.059   26.6   0b1111111111111111    20190605T134552686314
 0     180     2.5267      0.0       0.0     0.4966      0.3    0.8       5.088   26.7   0b1111111111111111    20190605T134556165509
 1     180     2.5282      0.0       0.0     2.3904      0.4    0.8       1.058   26.7   0b1111111111111111    20190605T134556166012
 2     180     2.5318      0.3       0.8     0.4966      0.3    0.8       5.099   26.7   0b1111111111111111    20190605T134556166334
 3     180     2.5253      0.0       0.0     2.3858      0.0    0.0       1.058   26.7   0b1111111111111111    20190605T134556166645
 4     180     2.5470      0.0       0.0     0.5033      0.0    0.0       5.060   26.7   0b1111111111111111    20190605T134556166935
 5     180     2.5372      0.0       0.0     2.4008      0.0    0.0       1.057   26.7   0b1111111111111111    20190605T134556167222
 6     180     2.5325      0.3       0.8     0.4967      0.0    0.0       5.099   26.7   0b1111111111111111    20190605T134556167516
 7     180     2.5388      0.0       0.0     2.4051      0.3    0.8       1.056   26.7   0b1111111111111111    20190605T134556167799
 8     180     2.5260      0.0       0.0     0.4928      0.4    0.8       5.126   26.7   0b1111111111111111    20190605T134556168081
 9     180     2.5391      0.4       0.7     2.3918      0.2    0.8       1.062   26.7   0b1111111111111111    20190605T134556168435
10     180     2.5448      0.0       0.0     0.5018      0.3    0.8       5.072   26.7   0b1111111111111111    20190605T134556168739
11     180     2.5500      0.0       0.0     2.4336      0.4    0.8       1.048   26.7   0b1111111111111111    20190605T134556169033
12     180     2.5425      0.0       0.0     0.5013      0.4    0.8       5.071   26.7   0b1111111111111111    20190605T134556169314
13     180     2.5185      0.0       0.0     2.3601      0.3    0.8       1.067   26.7   0b1111111111111111    20190605T134556169664
14     180     2.5192      0.0       0.0     0.4942      0.0    0.0       5.098   26.7   0b1111111111111111    20190605T134556169946
15     180     2.5177      0.0       0.0     2.3771      0.4    0.8       1.059   26.7   0b1111111111111111    20190605T134556170226
 0     170     2.4767      0.3       0.8     0.4867      0.3    0.8       5.088   26.9   0b1111111111111111    20190605T134559615155
 1     170     2.4787      0.0       0.0     2.3433      0.0    0.0       1.058   26.9   0b1111111111111111    20190605T134559615602
 2     170     2.4818      0.0       0.0     0.4865      0.3    0.8       5.101   26.9   0b1111111111111111    20190605T134559615926
 3     170     2.4758      0.0       0.0     2.3389      0.4    0.8       1.059   26.9   0b1111111111111111    20190605T134559616227
 4     170     2.4969      0.3       0.7     0.4936      0.4    0.8       5.059   26.9   0b1111111111111111    20190605T134559616543
 5     170     2.4877      0.0       0.0     2.3537      0.4    0.8       1.057   26.9   0b1111111111111111    20190605T134559616837
 6     170     2.4825      0.0       0.0     0.4867      0.3    0.8       5.100   26.9   0b1111111111111111    20190605T134559617126
 7     170     2.4892      0.0       0.0     2.3578      0.4    0.8       1.056   26.9   0b1111111111111111    20190605T134559617412
 8     170     2.4765      0.0       0.0     0.4830      0.4    0.8       5.127   26.9   0b1111111111111111    20190605T134559617718
 9     170     2.4892      0.0       0.0     2.3447      0.4    0.8       1.062   26.9   0b1111111111111111    20190605T134559618002
10     170     2.4951      0.3       0.8     0.4919      0.4    0.8       5.072   26.9   0b1111111111111111    20190605T134559618329
11     170     2.5003      0.3       0.8     2.3859      0.2    0.8       1.048   26.9   0b1111111111111111    20190605T134559618641
12     170     2.4922      0.0       0.0     0.4913      0.4    0.8       5.073   26.9   0b1111111111111111    20190605T134559618781
13     170     2.4690      0.0       0.0     2.3142      0.0    0.0       1.067   26.9   0b1111111111111111    20190605T134559618919
14     170     2.4698      0.0       0.0     0.4843      0.3    0.8       5.100   26.9   0b1111111111111111    20190605T134559619056
15     170     2.4683      0.0       0.0     2.3304      0.4    0.8       1.059   26.9   0b1111111111111111    20190605T134559619194
 0     160     2.4270      0.0       0.0     0.4768      0.3    0.8       5.090   27.0   0b1111111111111111    20190605T134603084908
 1     160     2.4285      0.0       0.0     2.2961      0.4    0.8       1.058   27.0   0b1111111111111111    20190605T134603085346
 2     160     2.4315      0.0       0.0     0.4767      0.0    0.0       5.101   27.0   0b1111111111111111    20190605T134603085660
 3     160     2.4257      0.3       0.8     2.2917      0.3    0.8       1.058   27.0   0b1111111111111111    20190605T134603085958
 4     160     2.4468      0.4       0.8     0.4833      0.0    0.0       5.062   27.0   0b1111111111111111    20190605T134603086273
 5     160     2.4377      0.3       0.8     2.3062      0.4    0.8       1.057   27.0   0b1111111111111111    20190605T134603086572
 6     160     2.4330      0.0       0.0     0.4771      0.4    0.8       5.100   27.0   0b1111111111111111    20190605T134603086859
 7     160     2.4390      0.0       0.0     2.3104      0.4    0.8       1.056   27.0   0b1111111111111111    20190605T134603087144
 8     160     2.4270      0.0       0.0     0.4733      0.3    0.8       5.128   27.0   0b1111111111111111    20190605T134603087437
 9     160     2.4390      0.0       0.0     2.2976      0.3    0.8       1.062   27.0   0b1111111111111111    20190605T134603087723
10     160     2.4450      0.0       0.0     0.4820      0.4    0.8       5.073   27.0   0b1111111111111111    20190605T134603088082
11     160     2.4502      0.2       0.7     2.3382      0.3    0.8       1.048   27.0   0b1111111111111111    20190605T134603088399
12     160     2.4423      0.4       0.8     0.4816      0.3    0.8       5.071   27.0   0b1111111111111111    20190605T134603088541
13     160     2.4188      0.2       0.8     2.2674      0.3    0.8       1.067   27.0   0b1111111111111111    20190605T134603088679
14     160     2.4203      0.2       0.8     0.4746      0.4    0.8       5.100   27.0   0b1111111111111111    20190605T134603088816
15     160     2.4187      0.0       0.0     2.2837      0.4    0.8       1.059   27.0   0b1111111111111111    20190605T134603088953
 0     150     2.3798      0.0       0.0     0.4676      0.3    0.8       5.089   27.1   0b1111111111111111    20190605T134606544519
 1     150     2.3813      0.0       0.0     2.2512      0.4    0.8       1.058   27.1   0b1111111111111111    20190605T134606544913
 2     150     2.3828      0.0       0.0     0.4671      0.4    0.8       5.101   27.1   0b1111111111111111    20190605T134606545251
 3     150     2.3775      0.0       0.0     2.2459      0.3    0.8       1.059   27.1   0b1111111111111111    20190605T134606545601
 4     150     2.3992      0.2       0.8     0.4742      0.0    0.0       5.060   27.1   0b1111111111111111    20190605T134606545892
 5     150     2.3895      0.0       0.0     2.2605      0.4    0.8       1.057   27.1   0b1111111111111111    20190605T134606546178
 6     150     2.3858      0.0       0.0     0.4677      0.4    0.8       5.100   27.1   0b1111111111111111    20190605T134606546527
 7     150     2.3902      0.2       0.8     2.2641      0.3    0.8       1.056   27.1   0b1111111111111111    20190605T134606546848
 8     150     2.3798      0.0       0.0     0.4642      0.0    0.0       5.127   27.1   0b1111111111111111    20190605T134606547157
 9     150     2.3925      0.0       0.0     2.2540      0.3    0.8       1.061   27.1   0b1111111111111111    20190605T134606547497
10     150     2.3962      0.0       0.0     0.4724      0.2    0.8       5.072   27.1   0b1111111111111111    20190605T134606547784
11     150     2.4015      0.0       0.0     2.2917      0.0    0.0       1.048   27.1   0b1111111111111111    20190605T134606548064
12     150     2.3947      0.0       0.0     0.4723      0.4    0.8       5.071   27.1   0b1111111111111111    20190605T134606548387
13     150     2.3716      0.2       0.8     2.2233      0.0    0.0       1.067   27.1   0b1111111111111111    20190605T134606548526
14     150     2.3738      0.0       0.0     0.4656      0.4    0.8       5.098   27.1   0b1111111111111111    20190605T134606548663
15     150     2.3715      0.0       0.0     2.2392      0.0    0.0       1.059   27.1   0b1111111111111111    20190605T134606548799
 0     140     2.3302      0.0       0.0     0.4578      0.4    0.8       5.091   27.2   0b1111111111111111    20190605T134610020201
 1     140     2.3317      0.0       0.0     2.2047      0.4    0.8       1.058   27.2   0b1111111111111111    20190605T134610020647
 2     140     2.3333      0.0       0.0     0.4574      0.2    0.8       5.101   27.2   0b1111111111111111    20190605T134610020966
 3     140     2.3281      0.3       0.8     2.1997      0.4    0.8       1.058   27.2   0b1111111111111111    20190605T134610021263
 4     140     2.3490      0.0       0.0     0.4642      0.0    0.0       5.061   27.2   0b1111111111111111    20190605T134610021578
 5     140     2.3399      0.2       0.7     2.2133      0.3    0.8       1.057   27.2   0b1111111111111111    20190605T134610021866
 6     140     2.3363      0.0       0.0     0.4581      0.4    0.8       5.100   27.2   0b1111111111111111    20190605T134610022151
 7     140     2.3405      0.3       0.8     2.2169      0.4    0.8       1.056   27.2   0b1111111111111111    20190605T134610022459
 8     140     2.3303      0.2       0.8     0.4543      0.2    0.8       5.130   27.2   0b1111111111111111    20190605T134610022758
 9     140     2.3430      0.0       0.0     2.2072      0.4    0.8       1.062   27.2   0b1111111111111111    20190605T134610023042
10     140     2.3468      0.0       0.0     0.4626      0.2    0.8       5.073   27.2   0b1111111111111111    20190605T134610023324
11     140     2.3520      0.0       0.0     2.2441      0.2    0.8       1.048   27.2   0b1111111111111111    20190605T134610023628
12     140     2.3447      0.3       0.8     0.4625      0.0    0.0       5.070   27.2   0b1111111111111111    20190605T134610023910
13     140     2.3227      0.0       0.0     2.1775      0.0    0.0       1.067   27.2   0b1111111111111111    20190605T134610024190
14     140     2.3250      0.0       0.0     0.4558      0.0    0.0       5.101   27.2   0b1111111111111111    20190605T134610024491
15     140     2.3227      0.0       0.0     2.1927      0.3    0.8       1.059   27.2   0b1111111111111111    20190605T134610024775
 0     130     2.2808      0.2       0.8     0.4479      0.4    0.8       5.092   27.4   0b1111111111111111    20190605T134613499257
 1     130     2.2823      0.2       0.8     2.1579      0.4    0.8       1.058   27.4   0b1111111111111111    20190605T134613499902
 2     130     2.2838      0.0       0.0     0.4475      0.0    0.0       5.103   27.4   0b1111111111111111    20190605T134613500248
 3     130     2.2793      0.0       0.0     2.1532      0.3    0.8       1.059   27.4   0b1111111111111111    20190605T134613500579
 4     130     2.2995      0.0       0.0     0.4542      0.0    0.0       5.063   27.4   0b1111111111111111    20190605T134613500873
 5     130     2.2905      0.0       0.0     2.1666      0.2    0.8       1.057   27.4   0b1111111111111111    20190605T134613501161
 6     130     2.2868      0.0       0.0     0.4482      0.3    0.8       5.102   27.4   0b1111111111111111    20190605T134613501498
 7     130     2.2912      0.2       0.8     2.1700      0.0    0.0       1.056   27.4   0b1111111111111111    20190605T134613501833
 8     130     2.2815      0.0       0.0     0.4447      0.4    0.8       5.131   27.4   0b1111111111111111    20190605T134613502146
 9     130     2.2936      0.2       0.7     2.1607      0.2    0.8       1.061   27.4   0b1111111111111111    20190605T134613502488
10     130     2.2974      0.3       0.8     0.4527      0.3    0.8       5.075   27.4   0b1111111111111111    20190605T134613502776
11     130     2.3025      0.0       0.0     2.1964      0.4    0.8       1.048   27.4   0b1111111111111111    20190605T134613503058
12     130     2.2955      0.3       0.7     0.4525      0.0    0.0       5.073   27.4   0b1111111111111111    20190605T134613503396
13     130     2.2735      0.3       0.8     2.1317      0.0    0.0       1.067   27.4   0b1111111111111111    20190605T134613503684
14     130     2.2762      0.2       0.8     0.4462      0.4    0.8       5.102   27.4   0b1111111111111111    20190605T134613503967
15     130     2.2740      0.0       0.0     2.1467      0.0    0.0       1.059   27.4   0b1111111111111111    20190605T134613504351
 0     120     2.2320      0.0       0.0     0.4382      0.3    0.8       5.094   27.5   0b1111111111111111    20190605T134616969915
 1     120     2.2327      0.0       0.0     2.1108      0.0    0.0       1.058   27.5   0b1111111111111111    20190605T134616970372
 2     120     2.2342      0.0       0.0     0.4377      0.3    0.8       5.105   27.5   0b1111111111111111    20190605T134616970699
 3     120     2.2297      0.0       0.0     2.1067      0.0    0.0       1.058   27.5   0b1111111111111111    20190605T134616971002
 4     120     2.2495      0.3       0.8     0.4444      0.4    0.8       5.062   27.5   0b1111111111111111    20190605T134616971321
 5     120     2.2418      0.0       0.0     2.1205      0.4    0.8       1.057   27.5   0b1111111111111111    20190605T134616971614
 6     120     2.2380      0.0       0.0     0.4383      0.0    0.0       5.106   27.5   0b1111111111111111    20190605T134616971901
 7     120     2.2425      0.0       0.0     2.1240      0.3    0.8       1.056   27.5   0b1111111111111111    20190605T134616972234
 8     120     2.2327      0.0       0.0     0.4351      0.2    0.8       5.132   27.5   0b1111111111111111    20190605T134616972525
 9     120     2.2447      0.0       0.0     2.1142      0.2    0.8       1.062   27.5   0b1111111111111111    20190605T134616972809
10     120     2.2477      0.0       0.0     0.4429      0.4    0.8       5.075   27.5   0b1111111111111111    20190605T134616973112
11     120     2.2538      0.0       0.0     2.1500      0.0    0.0       1.048   27.5   0b1111111111111111    20190605T134616973397
12     120     2.2470      0.0       0.0     0.4428      0.4    0.8       5.074   27.5   0b1111111111111111    20190605T134616973681
13     120     2.2252      0.0       0.0     2.0862      0.4    0.8       1.067   27.5   0b1111111111111111    20190605T134616973963
14     120     2.2275      0.0       0.0     0.4367      0.0    0.0       5.101   27.5   0b1111111111111111    20190605T134616974268
15     120     2.2245      0.0       0.0     2.1002      0.4    0.8       1.059   27.5   0b1111111111111111    20190605T134616974552
 0     110     2.1854      0.2       0.8     0.4291      0.2    0.8       5.093   27.6   0b1111111111111111    20190605T134620455511
 1     110     2.1863      0.0       0.0     2.0667      0.0    0.0       1.058   27.6   0b1111111111111111    20190605T134620455831
 2     110     2.1877      0.2       0.8     0.4283      0.0    0.0       5.107   27.6   0b1111111111111111    20190605T134620456116
 3     110     2.1833      0.0       0.0     2.0624      0.2    0.8       1.059   27.6   0b1111111111111111    20190605T134620456339
 4     110     2.2028      0.0       0.0     0.4350      0.0    0.0       5.064   27.6   0b1111111111111111    20190605T134620456575
 5     110     2.1947      0.3       0.8     2.0758      0.0    0.0       1.057   27.6   0b1111111111111111    20190605T134620456811
 6     110     2.1915      0.0       0.0     0.4293      0.2    0.8       5.105   27.6   0b1111111111111111    20190605T134620457136
 7     110     2.1953      0.2       0.8     2.0792      0.3    0.8       1.056   27.6   0b1111111111111111    20190605T134620457476
 8     110     2.1863      0.0       0.0     0.4259      0.3    0.8       5.133   27.6   0b1111111111111111    20190605T134620457724
 9     110     2.1980      0.3       0.8     2.0700      0.0    0.0       1.062   27.6   0b1111111111111111    20190605T134620457961
10     110     2.2013      0.0       0.0     0.4336      0.4    0.8       5.077   27.6   0b1111111111111111    20190605T134620458207
11     110     2.2065      0.0       0.0     2.1049      0.3    0.8       1.048   27.6   0b1111111111111111    20190605T134620458437
12     110     2.1997      0.2       0.8     0.4333      0.0    0.0       5.076   27.6   0b1111111111111111    20190605T134620458676
13     110     2.1788      0.0       0.0     2.0425      0.0    0.0       1.067   27.6   0b1111111111111111    20190605T134620458913
14     110     2.1815      0.4       0.8     0.4275      0.0    0.0       5.103   27.6   0b1111111111111111    20190605T134620459174
15     110     2.1780      0.0       0.0     2.0562      0.4    0.8       1.059   27.6   0b1111111111111111    20190605T134620459411
 0     100     2.1367      0.0       0.0     0.4192      0.3    0.8       5.097   27.7   0b1111111111111111    20190605T134623943477
 1     100     2.1375      0.0       0.0     2.0200      0.0    0.0       1.058   27.7   0b1111111111111111    20190605T134623943882
 2     100     2.1382      0.0       0.0     0.4189      0.4    0.8       5.104   27.7   0b1111111111111111    20190605T134623944232
 3     100     2.1345      0.0       0.0     2.0161      0.4    0.8       1.059   27.7   0b1111111111111111    20190605T134623944534
 4     100     2.1533      0.2       0.8     0.4253      0.4    0.8       5.063   27.7   0b1111111111111111    20190605T134623944827
 5     100     2.1460      0.4       0.8     2.0295      0.4    0.8       1.057   27.7   0b1111111111111111    20190605T134623945138
 6     100     2.1427      0.0       0.0     0.4196      0.4    0.8       5.107   27.7   0b1111111111111111    20190605T134623945444
 7     100     2.1465      0.0       0.0     2.0325      0.0    0.0       1.056   27.7   0b1111111111111111    20190605T134623945730
 8     100     2.1376      0.2       0.8     0.4166      0.3    0.8       5.131   27.7   0b1111111111111111    20190605T134623946013
 9     100     2.1494      0.3       0.8     2.0235      0.3    0.8       1.062   27.7   0b1111111111111111    20190605T134623946318
10     100     2.1525      0.0       0.0     0.4242      0.0    0.0       5.075   27.7   0b1111111111111111    20190605T134623946603
11     100     2.1576      0.3       0.8     2.0577      0.3    0.8       1.049   27.7   0b1111111111111111    20190605T134623946886
12     100     2.1505      0.4       0.7     0.4237      0.4    0.8       5.076   27.7   0b1111111111111111    20190605T134623947194
13     100     2.1300      0.0       0.0     1.9967      0.0    0.0       1.067   27.7   0b1111111111111111    20190605T134623947483
14     100     2.1330      0.0       0.0     0.4183      0.2    0.8       5.100   27.7   0b1111111111111111    20190605T134623947774
15     100     2.1298      0.3       0.8     2.0103      0.4    0.8       1.059   27.7   0b1111111111111111    20190605T134623948064
 0      90     2.0880      0.0       0.0     0.4098      0.3    0.8       5.095   27.8   0b1111111111111111    20190605T134627432079
 1      90     2.0885      0.3       0.8     1.9740      0.3    0.8       1.058   27.8   0b1111111111111111    20190605T134627432534
 2      90     2.0888      0.0       0.0     0.4089      0.4    0.8       5.108   27.8   0b1111111111111111    20190605T134627432852
 3      90     2.0844      0.3       0.8     1.9685      0.3    0.8       1.059   27.8   0b1111111111111111    20190605T134627433151
 4      90     2.1053      0.0       0.0     0.4158      0.0    0.0       5.063   27.8   0b1111111111111111    20190605T134627433467
 5      90     2.0978      0.0       0.0     1.9836      0.4    0.8       1.058   27.8   0b1111111111111111    20190605T134627433761
 6      90     2.0948      0.0       0.0     0.4100      0.0    0.0       5.109   27.8   0b1111111111111111    20190605T134627434046
 7      90     2.0976      0.3       0.8     1.9858      0.3    0.8       1.056   27.8   0b1111111111111111    20190605T134627434330
 8      90     2.0895      0.0       0.0     0.4068      0.2    0.8       5.137   27.8   0b1111111111111111    20190605T134627434635
 9      90     2.1014      0.2       0.8     1.9783      0.0    0.0       1.062   27.8   0b1111111111111111    20190605T134627434918
10      90     2.1038      0.2       0.8     0.4143      0.3    0.8       5.078   27.8   0b1111111111111111    20190605T134627435202
11      90     2.1075      0.0       0.0     2.0100      0.0    0.0       1.049   27.8   0b1111111111111111    20190605T134627435503
12      90     2.1023      0.0       0.0     0.4142      0.0    0.0       5.076   27.8   0b1111111111111111    20190605T134627435787
13      90     2.0818      0.3       0.8     1.9517      0.0    0.0       1.067   27.8   0b1111111111111111    20190605T134627436068
14      90     2.0843      0.0       0.0     0.4083      0.0    0.0       5.104   27.8   0b1111111111111111    20190605T134627436373
15      90     2.0813      0.0       0.0     1.9643      0.3    0.8       1.060   27.8   0b1111111111111111    20190605T134627436657
 0      80     2.0392      0.0       0.0     0.4000      0.0    0.0       5.098   27.9   0b1111111111111111    20190605T134630900186
 1      80     2.0395      0.4       0.8     1.9275      0.0    0.0       1.058   27.9   0b1111111111111111    20190605T134630901464
 2      80     2.0400      0.0       0.0     0.3993      0.3    0.8       5.110   27.9   0b1111111111111111    20190605T134630901769
 3      80     2.0355      0.0       0.0     1.9225      0.0    0.0       1.059   27.9   0b1111111111111111    20190605T134630902064
 4      80     2.0564      0.3       0.8     0.4058      0.0    0.0       5.067   27.9   0b1111111111111111    20190605T134630902395
 5      80     2.0490      0.0       0.0     1.9374      0.2    0.8       1.058   27.9   0b1111111111111111    20190605T134630902698
 6      80     2.0466      0.3       0.8     0.4006      0.4    0.8       5.109   27.9   0b1111111111111111    20190605T134630902983
 7      80     2.0490      0.0       0.0     1.9392      0.0    0.0       1.057   27.9   0b1111111111111111    20190605T134630903285
 8      80     2.0414      0.2       0.8     0.3975      0.0    0.0       5.136   27.9   0b1111111111111111    20190605T134630903571
 9      80     2.0527      0.2       0.8     1.9323      0.3    0.8       1.062   27.9   0b1111111111111111    20190605T134630903852
10      80     2.0550      0.0       0.0     0.4049      0.3    0.8       5.075   27.9   0b1111111111111111    20190605T134630904153
11      80     2.0587      0.0       0.0     1.9633      0.0    0.0       1.049   27.9   0b1111111111111111    20190605T134630904436
12      80     2.0528      0.0       0.0     0.4042      0.0    0.0       5.079   27.9   0b1111111111111111    20190605T134630904716
13      80     2.0325      0.0       0.0     1.9057      0.3    0.8       1.067   27.9   0b1111111111111111    20190605T134630904996
14      80     2.0355      0.0       0.0     0.3989      0.4    0.8       5.103   27.9   0b1111111111111111    20190605T134630905361
15      80     2.0325      0.0       0.0     1.9183      0.0    0.0       1.060   27.9   0b1111111111111111    20190605T134630905646
 0      70     1.9919      0.2       0.8     0.3907      0.3    0.8       5.099   28.0   0b1111111111111111    20190605T134634374767
 1      70     1.9920      0.0       0.0     1.8825      0.0    0.0       1.058   28.0   0b1111111111111111    20190605T134634375179
 2      70     1.9920      0.0       0.0     0.3899      0.2    0.8       5.109   28.0   0b1111111111111111    20190605T134634375571
 3      70     1.9883      0.0       0.0     1.8774      0.3    0.8       1.059   28.0   0b1111111111111111    20190605T134634375892
 4      70     2.0093      0.0       0.0     0.3967      0.0    0.0       5.065   28.0   0b1111111111111111    20190605T134634376185
 5      70     2.0022      0.4       0.7     1.8932      0.3    0.8       1.058   28.0   0b1111111111111111    20190605T134634376509
 6      70     1.9995      0.0       0.0     0.3909      0.3    0.8       5.115   28.0   0b1111111111111111    20190605T134634376816
 7      70     2.0018      0.2       0.7     1.8945      0.4    0.8       1.057   28.0   0b1111111111111111    20190605T134634377101
 8      70     1.9939      0.4       0.7     0.3880      0.4    0.8       5.139   28.0   0b1111111111111111    20190605T134634377384
 9      70     2.0055      0.0       0.0     1.8879      0.4    0.8       1.062   28.0   0b1111111111111111    20190605T134634377772
10      70     2.0085      0.0       0.0     0.3955      0.4    0.8       5.078   28.0   0b1111111111111111    20190605T134634378066
11      70     2.0115      0.0       0.0     1.9182      0.3    0.8       1.049   28.0   0b1111111111111111    20190605T134634378349
12      70     2.0040      0.0       0.0     0.3950      0.0    0.0       5.073   28.0   0b1111111111111111    20190605T134634378657
13      70     1.9845      0.0       0.0     1.8602      0.4    0.8       1.067   28.0   0b1111111111111111    20190605T134634378798
14      70     1.9875      0.0       0.0     0.3893      0.3    0.8       5.105   28.0   0b1111111111111111    20190605T134634378935
15      70     1.9840      0.3       0.8     1.8728      0.4    0.8       1.059   28.0   0b1111111111111111    20190605T134634379071
 0      60     1.9403      0.0       0.0     0.3802      0.3    0.8       5.104   28.2   0b1111111111111111    20190605T134637831069
 1      60     1.9408      0.3       0.8     1.8342      0.0    0.0       1.058   28.2   0b1111111111111111    20190605T134637831496
 2      60     1.9403      0.0       0.0     0.3796      0.4    0.8       5.112   28.2   0b1111111111111111    20190605T134637831813
 3      60     1.9358      0.0       0.0     1.8281      0.4    0.8       1.059   28.2   0b1111111111111111    20190605T134637832172
 4      60     1.9598      0.0       0.0     0.3868      0.2    0.8       5.067   28.2   0b1111111111111111    20190605T134637832568
 5      60     1.9526      0.4       0.8     1.8459      0.2    0.8       1.058   28.2   0b1111111111111111    20190605T134637832866
 6      60     1.9498      0.3       0.8     0.3812      0.4    0.8       5.115   28.2   0b1111111111111111    20190605T134637833153
 7      60     1.9530      0.0       0.0     1.8483      0.0    0.0       1.057   28.2   0b1111111111111111    20190605T134637833470
 8      60     1.9447      0.0       0.0     0.3783      0.0    0.0       5.140   28.2   0b1111111111111111    20190605T134637833787
 9      60     1.9560      0.0       0.0     1.8414      0.4    0.8       1.062   28.2   0b1111111111111111    20190605T134637834072
10      60     1.9581      0.3       0.7     0.3852      0.3    0.8       5.084   28.2   0b1111111111111111    20190605T134637834420
11      60     1.9618      0.3       0.8     1.8708      0.0    0.0       1.049   28.2   0b1111111111111111    20190605T134637834720
12      60     1.9537      0.0       0.0     0.3847      0.4    0.8       5.079   28.2   0b1111111111111111    20190605T134637835004
13      60     1.9335      0.0       0.0     1.8127      0.3    0.8       1.067   28.2   0b1111111111111111    20190605T134637835294
14      60     1.9373      0.0       0.0     0.3795      0.4    0.8       5.105   28.2   0b1111111111111111    20190605T134637835591
15      60     1.9335      0.0       0.0     1.8250      0.0    0.0       1.059   28.2   0b1111111111111111    20190605T134637835875
 0      50     1.8885      0.0       0.0     0.3700      0.0    0.0       5.104   28.3   0b1111111111111111    20190605T134641289780
 1      50     1.8893      0.0       0.0     1.7850      0.0    0.0       1.058   28.3   0b1111111111111111    20190605T134641290155
 2      50     1.8878      0.0       0.0     0.3692      0.0    0.0       5.114   28.3   0b1111111111111111    20190605T134641290532
 3      50     1.8840      0.0       0.0     1.7792      0.0    0.0       1.059   28.3   0b1111111111111111    20190605T134641290828
 4      50     1.9087      0.0       0.0     0.3767      0.0    0.0       5.067   28.3   0b1111111111111111    20190605T134641291116
 5      50     1.9013      0.0       0.0     1.7979      0.4    0.8       1.057   28.3   0b1111111111111111    20190605T134641291447
 6      50     1.8986      0.4       0.8     0.3708      0.0    0.0       5.120   28.3   0b1111111111111111    20190605T134641291735
 7      50     1.9020      0.0       0.0     1.8000      0.0    0.0       1.057   28.3   0b1111111111111111    20190605T134641292099
 8      50     1.8938      0.0       0.0     0.3682      0.3    0.8       5.143   28.3   0b1111111111111111    20190605T134641292496
 9      50     1.9045      0.4       0.8     1.7928      0.4    0.8       1.062   28.3   0b1111111111111111    20190605T134641292796
10      50     1.9065      0.0       0.0     0.3750      0.0    0.0       5.084   28.3   0b1111111111111111    20190605T134641293079
11      50     1.9103      0.0       0.0     1.8217      0.0    0.0       1.049   28.3   0b1111111111111111    20190605T134641293426
12      50     1.9006      0.2       0.8     0.3742      0.0    0.0       5.079   28.3   0b1111111111111111    20190605T134641293717
13      50     1.8817      0.2       0.7     1.7635      0.3    0.8       1.067   28.3   0b1111111111111111    20190605T134641294001
14      50     1.8847      0.0       0.0     0.3692      0.0    0.0       5.105   28.3   0b1111111111111111    20190605T134641294336
15      50     1.8812      0.3       0.7     1.7758      0.0    0.0       1.059   28.3   0b1111111111111111    20190605T134641294623
 0      40     1.8352      0.0       0.0     0.3595      0.4    0.8       5.105   28.4   0b1111111111111111    20190605T134644747391
 1      40     1.8360      0.0       0.0     1.7352      0.4    0.8       1.058   28.4   0b1111111111111111    20190605T134644747811
 2      40     1.8345      0.0       0.0     0.3587      0.4    0.8       5.115   28.4   0b1111111111111111    20190605T134644748141
 3      40     1.8316      0.2       0.7     1.7297      0.4    0.8       1.059   28.4   0b1111111111111111    20190605T134644748443
 4      40     1.8555      0.0       0.0     0.3660      0.3    0.8       5.070   28.4   0b1111111111111111    20190605T134644748591
 5      40     1.8488      0.0       0.0     1.7480      0.4    0.8       1.058   28.4   0b1111111111111111    20190605T134644748734
 6      40     1.8458      0.0       0.0     0.3607      0.3    0.8       5.118   28.4   0b1111111111111111    20190605T134644748874
 7      40     1.8495      0.0       0.0     1.7500      0.0    0.0       1.057   28.4   0b1111111111111111    20190605T134644749013
 8      40     1.8402      0.4       0.8     0.3576      0.2    0.8       5.146   28.4   0b1111111111111111    20190605T134644749151
 9      40     1.8510      0.0       0.0     1.7424      0.2    0.8       1.062   28.4   0b1111111111111111    20190605T134644749317
10      40     1.8525      0.0       0.0     0.3643      0.2    0.8       5.086   28.4   0b1111111111111111    20190605T134644749458
11      40     1.8570      0.0       0.0     1.7708      0.0    0.0       1.049   28.4   0b1111111111111111    20190605T134644749596
12      40     1.8473      0.0       0.0     0.3634      0.3    0.8       5.083   28.4   0b1111111111111111    20190605T134644749732
13      40     1.8282      0.4       0.8     1.7136      0.4    0.8       1.067   28.4   0b1111111111111111    20190605T134644749869
14      40     1.8315      0.0       0.0     0.3585      0.3    0.8       5.109   28.4   0b1111111111111111    20190605T134644750005
15      40     1.8283      0.3       0.8     1.7254      0.4    0.8       1.060   28.4   0b1111111111111111    20190605T134644750142
 0      30     1.7820      0.0       0.0     0.3492      0.0    0.0       5.104   28.5   0b1111111111111111    20190605T134648202589
 1      30     1.7843      0.0       0.0     1.6864      0.4    0.8       1.058   28.5   0b1111111111111111    20190605T134648202843
 2      30     1.7820      0.0       0.0     0.3483      0.0    0.0       5.116   28.5   0b1111111111111111    20190605T134648203016
 3      30     1.7790      0.0       0.0     1.6797      0.4    0.8       1.059   28.5   0b1111111111111111    20190605T134648203176
 4      30     1.8015      0.0       0.0     0.3552      0.3    0.8       5.072   28.5   0b1111111111111111    20190605T134648203370
 5      30     1.7955      0.0       0.0     1.6975      0.0    0.0       1.058   28.5   0b1111111111111111    20190605T134648203518
 6      30     1.7932      0.2       0.8     0.3500      0.0    0.0       5.123   28.5   0b1111111111111111    20190605T134648203660
 7      30     1.7955      0.0       0.0     1.6992      0.0    0.0       1.057   28.5   0b1111111111111111    20190605T134648203800
 8      30     1.7865      0.0       0.0     0.3473      0.4    0.8       5.145   28.5   0b1111111111111111    20190605T134648203938
 9      30     1.7985      0.0       0.0     1.6926      0.2    0.8       1.063   28.5   0b1111111111111111    20190605T134648204076
10      30     1.8000      0.0       0.0     0.3541      0.3    0.8       5.084   28.5   0b1111111111111111    20190605T134648204229
11      30     1.8039      0.3       0.8     1.7201      0.3    0.8       1.049   28.5   0b1111111111111111    20190605T134648204383
12      30     1.7948      0.0       0.0     0.3533      0.0    0.0       5.079   28.5   0b1111111111111111    20190605T134648204520
13      30     1.7769      0.3       0.7     1.6658      0.0    0.0       1.067   28.5   0b1111111111111111    20190605T134648204657
14      30     1.7805      0.0       0.0     0.3484      0.2    0.8       5.110   28.5   0b1111111111111111    20190605T134648204792
15      30     1.7760      0.0       0.0     1.6763      0.4    0.8       1.059   28.5   0b1111111111111111    20190605T134648204928
 0      20     1.7303      0.0       0.0     0.3387      0.4    0.8       5.108   28.6   0b1111111111111111    20190605T134651656751
 1      20     1.7325      0.0       0.0     1.6372      0.4    0.8       1.058   28.6   0b1111111111111111    20190605T134651657169
 2      20     1.7303      0.0       0.0     0.3382      0.3    0.8       5.117   28.6   0b1111111111111111    20190605T134651657580
 3      20     1.7268      0.4       0.8     1.6307      0.3    0.8       1.059   28.6   0b1111111111111111    20190605T134651657885
 4      20     1.7483      0.0       0.0     0.3450      0.0    0.0       5.067   28.6   0b1111111111111111    20190605T134651658177
 5      20     1.7429      0.3       0.8     1.6476      0.3    0.8       1.058   28.6   0b1111111111111111    20190605T134651658450
 6      20     1.7407      0.0       0.0     0.3399      0.3    0.8       5.121   28.6   0b1111111111111111    20190605T134651658592
 7      20     1.7430      0.0       0.0     1.6492      0.0    0.0       1.057   28.6   0b1111111111111111    20190605T134651658732
 8      20     1.7348      0.0       0.0     0.3367      0.0    0.0       5.153   28.6   0b1111111111111111    20190605T134651658900
 9      20     1.7452      0.0       0.0     1.6427      0.3    0.8       1.062   28.6   0b1111111111111111    20190605T134651659047
10      20     1.7469      0.3       0.8     0.3433      0.0    0.0       5.088   28.6   0b1111111111111111    20190605T134651659186
11      20     1.7509      0.4       0.8     1.6697      0.4    0.8       1.049   28.6   0b1111111111111111    20190605T134651659355
12      20     1.7415      0.0       0.0     0.3425      0.0    0.0       5.085   28.6   0b1111111111111111    20190605T134651659495
13      20     1.7250      0.0       0.0     1.6167      0.0    0.0       1.067   28.6   0b1111111111111111    20190605T134651659632
14      20     1.7284      0.4       0.8     0.3383      0.0    0.0       5.108   28.6   0b1111111111111111    20190605T134651659769
15      20     1.7241      0.3       0.8     1.6271      0.4    0.8       1.060   28.6   0b1111111111111111    20190605T134651659905
 0      10     1.6778      0.0       0.0     0.3283      0.0    0.0       5.110   28.7   0b1111111111111111    20190605T134655108301
 1      10     1.6808      0.0       0.0     1.5882      0.2    0.8       1.058   28.7   0b1111111111111111    20190605T134655108720
 2      10     1.6778      0.0       0.0     0.3278      0.4    0.8       5.119   28.7   0b1111111111111111    20190605T134655109037
 3      10     1.6748      0.2       0.7     1.5816      0.3    0.8       1.059   28.7   0b1111111111111111    20190605T134655109352
 4      10     1.6957      0.0       0.0     0.3342      0.2    0.8       5.073   28.7   0b1111111111111111    20190605T134655109652
 5      10     1.6904      0.3       0.8     1.5983      0.0    0.0       1.058   28.7   0b1111111111111111    20190605T134655109942
 6      10     1.6883      0.0       0.0     0.3292      0.0    0.0       5.129   28.7   0b1111111111111111    20190605T134655110240
 7      10     1.6905      0.0       0.0     1.5997      0.4    0.8       1.057   28.7   0b1111111111111111    20190605T134655110536
 8      10     1.6822      0.0       0.0     0.3267      0.0    0.0       5.150   28.7   0b1111111111111111    20190605T134655110870
 9      10     1.6928      0.0       0.0     1.5932      0.3    0.8       1.063   28.7   0b1111111111111111    20190605T134655111172
10      10     1.6950      0.0       0.0     0.3332      0.3    0.8       5.088   28.7   0b1111111111111111    20190605T134655111477
11      10     1.6980      0.0       0.0     1.6193      0.3    0.8       1.049   28.7   0b1111111111111111    20190605T134655111765
12      10     1.6893      0.4       0.8     0.3325      0.0    0.0       5.081   28.7   0b1111111111111111    20190605T134655112078
13      10     1.6732      0.0       0.0     1.5683      0.0    0.0       1.067   28.7   0b1111111111111111    20190605T134655112376
14      10     1.6767      0.4       0.7     0.3283      0.0    0.0       5.107   28.7   0b1111111111111111    20190605T134655112736
15      10     1.6724      0.2       0.8     1.5782      0.3    0.8       1.060   28.7   0b1111111111111111    20190605T134655113034
 0       0     1.6263      0.4       0.8     0.3183      0.2    0.8       5.110   28.8   0b1111111111111111    20190605T134658579413
 1       0     1.6282      0.0       0.0     1.5389      0.4    0.8       1.058   28.8   0b1111111111111111    20190605T134658579812
 2       0     1.6260      0.0       0.0     0.3175      0.0    0.0       5.121   28.8   0b1111111111111111    20190605T134658580123
 3       0     1.6236      0.3       0.8     1.5326      0.3    0.8       1.059   28.8   0b1111111111111111    20190605T134658580486
 4       0     1.6431      0.3       0.8     0.3241      0.3    0.8       5.070   28.8   0b1111111111111111    20190605T134658580787
 5       0     1.6378      0.3       0.7     1.5483      0.0    0.0       1.058   28.8   0b1111111111111111    20190605T134658581077
 6       0     1.6357      0.0       0.0     0.3192      0.0    0.0       5.125   28.8   0b1111111111111111    20190605T134658581418
 7       0     1.6381      0.2       0.8     1.5500      0.0    0.0       1.057   28.8   0b1111111111111111    20190605T134658581766
 8       0     1.6305      0.0       0.0     0.3164      0.4    0.8       5.153   28.8   0b1111111111111111    20190605T134658582097
 9       0     1.6400      0.4       0.8     1.5433      0.0    0.0       1.063   28.8   0b1111111111111111    20190605T134658582445
10       0     1.6418      0.0       0.0     0.3225      0.0    0.0       5.091   28.8   0b1111111111111111    20190605T134658582737
11       0     1.6455      0.0       0.0     1.5692      0.0    0.0       1.049   28.8   0b1111111111111111    20190605T134658583021
12       0     1.6373      0.0       0.0     0.3219      0.4    0.8       5.086   28.8   0b1111111111111111    20190605T134658583366
13       0     1.6215      0.0       0.0     1.5196      0.4    0.8       1.067   28.8   0b1111111111111111    20190605T134658583654
14       0     1.6249      0.4       0.8     0.3178      0.4    0.8       5.113   28.8   0b1111111111111111    20190605T134658583937
15       0     1.6207      0.0       0.0     1.5298      0.3    0.8       1.059   28.8   0b1111111111111111    20190605T134658584244
