CH# Vset[DAC]   V[V]    dVRMS[mV] dVpp[mV]    I[A]  dIRMS[mA] dIpp[mA]   R[ohm]   T[C]   State                Timestamp
 0     250     2.8403      0.0       0.0    -0.0011      0.4    0.8    -666.000   24.6   0b1111111111111111    20190528T151649600123
 1     250     2.8320      0.0       0.0     0.0002      0.4    0.8   11328.000   24.6   0b1111111111111111    20190528T151649600472
 2     250     2.8305      0.0       0.0     0.0011      0.5    1.7    2612.769   24.6   0b1111111111111111    20190528T151649600737
 3     250     2.8283      0.0       0.0    -0.0008      0.0    0.0    -666.000   24.6   0b1111111111111111    20190528T151649601006
 4     250     2.8151      0.4       0.8    -0.0018      0.3    0.8    -666.000   24.6   0b1111111111111111    20190528T151649601264
 5     250     2.8027      0.0       0.0    -0.0002      0.3    0.8    -666.000   24.6   0b1111111111111111    20190528T151649601512
 6     250     2.8335      0.0       0.0     0.0001      0.2    0.8   34002.000   24.6   0b1111111111111111    20190528T151649601749
 7     250     2.8148      0.2       0.8     0.0025      0.0    0.0    1125.930   24.6   0b1111111111111111    20190528T151649601985
 8     250     2.8507      0.2       0.8     0.0001      0.2    0.8   34208.100   24.6   0b1111111111111111    20190528T151649602232
 9     250     2.8320      0.0       0.0     0.0007      0.4    1.7    3776.000   24.6   0b1111111111111111    20190528T151649602501
10     250     2.8418      0.0       0.0     0.0020      0.4    0.8    1420.875   24.6   0b1111111111111111    20190528T151649602747
11     250     2.8328      0.0       0.0    -0.0002      0.4    0.8    -666.000   24.6   0b1111111111111111    20190528T151649602983
12     250     2.8178      0.0       0.0    -0.0002      0.3    0.8    -666.000   24.6   0b1111111111111111    20190528T151649603220
13     250     2.8072      0.0       0.0     0.0012      0.4    0.8    2406.214   24.6   0b1111111111111111    20190528T151649603476
14     250     2.8334      0.3       0.8     0.0009      0.3    0.8    3090.927   24.6   0b1111111111111111    20190528T151649603714
15     250     2.8245      0.0       0.0     0.0008      0.0    0.0    3389.400   24.6   0b1111111111111111    20190528T151649603955
 0     240     2.7915      0.0       0.0    -0.0013      0.4    0.8    -666.000   24.6   0b1111111111111111    20190528T151653045776
 1     240     2.7840      0.0       0.0     0.0003      0.4    0.8    8352.000   24.6   0b1111111111111111    20190528T151653046177
 2     240     2.7830      0.3       0.7     0.0008      0.0    0.0    3339.630   24.6   0b1111111111111111    20190528T151653046518
 3     240     2.7802      0.0       0.0    -0.0008      0.0    0.0    -666.000   24.6   0b1111111111111111    20190528T151653046816
 4     240     2.7675      0.0       0.0    -0.0020      0.4    0.8    -666.000   24.6   0b1111111111111111    20190528T151653047103
 5     240     2.7555      0.0       0.0    -0.0005      0.4    0.8    -666.000   24.6   0b1111111111111111    20190528T151653047387
 6     240     2.7859      0.4       0.8    -0.0001      0.4    1.7    -666.000   24.6   0b1111111111111111    20190528T151653047700
 7     240     2.7675      0.0       0.0     0.0026      0.2    0.8    1071.290   24.6   0b1111111111111111    20190528T151653047980
 8     240     2.8024      0.4       0.7     0.0000      0.4    1.7    -666.000   24.6   0b1111111111111111    20190528T151653048259
 9     240     2.7847      0.0       0.0     0.0007      0.4    1.7    3713.000   24.6   0b1111111111111111    20190528T151653048608
10     240     2.7937      0.0       0.0     0.0018      0.2    0.8    1596.429   24.6   0b1111111111111111    20190528T151653048895
11     240     2.7848      0.2       0.7    -0.0001      0.2    0.8    -666.000   24.6   0b1111111111111111    20190528T151653049174
12     240     2.7700      0.3       0.8     0.0000      0.0    0.0    -666.000   24.6   0b1111111111111111    20190528T151653049478
13     240     2.7600      0.0       0.0     0.0012      0.4    0.8    2365.714   24.6   0b1111111111111111    20190528T151653049758
14     240     2.7855      0.0       0.0     0.0011      0.4    0.8    2571.231   24.6   0b1111111111111111    20190528T151653050048
15     240     2.7772      0.0       0.0     0.0010      0.3    0.8    2777.250   24.6   0b1111111111111111    20190528T151653050325
 0     230     2.7450      0.0       0.0    -0.0012      0.4    0.8    -666.000   24.6   0b1111111111111111    20190528T151656486593
 1     230     2.7369      0.3       0.8     0.0003      0.4    0.8    8210.700   24.6   0b1111111111111111    20190528T151656486996
 2     230     2.7360      0.0       0.0     0.0009      0.4    1.7    2984.727   24.6   0b1111111111111111    20190528T151656487311
 3     230     2.7338      0.0       0.0    -0.0008      0.0    0.0    -666.000   24.6   0b1111111111111111    20190528T151656487595
 4     230     2.7213      0.4       0.8    -0.0022      0.4    0.8    -666.000   24.6   0b1111111111111111    20190528T151656487742
 5     230     2.7090      0.0       0.0    -0.0003      0.4    0.8    -666.000   24.6   0b1111111111111111    20190528T151656487885
 6     230     2.7398      0.0       0.0    -0.0001      0.2    0.8    -666.000   24.6   0b1111111111111111    20190528T151656488025
 7     230     2.7218      0.0       0.0     0.0025      0.0    0.0    1088.700   24.6   0b1111111111111111    20190528T151656488163
 8     230     2.7563      0.0       0.0     0.0001      0.2    0.8   33075.000   24.6   0b1111111111111111    20190528T151656488302
 9     230     2.7389      0.3       0.8     0.0006      0.4    0.8    4695.171   24.6   0b1111111111111111    20190528T151656488450
10     230     2.7475      0.3       0.8     0.0018      0.2    0.8    1569.986   24.6   0b1111111111111111    20190528T151656488588
11     230     2.7390      0.0       0.0    -0.0006      0.4    0.8    -666.000   24.6   0b1111111111111111    20190528T151656488723
12     230     2.7240      0.0       0.0    -0.0001      0.2    0.8    -666.000   24.6   0b1111111111111111    20190528T151656488859
13     230     2.7142      0.0       0.0     0.0008      0.0    0.0    3257.100   24.6   0b1111111111111111    20190528T151656488994
14     230     2.7396      0.3       0.8     0.0008      0.0    0.0    3287.520   24.6   0b1111111111111111    20190528T151656489128
15     230     2.7308      0.0       0.0     0.0008      0.0    0.0    3276.900   24.6   0b1111111111111111    20190528T151656489285
 0     220     2.6962      0.0       0.0    -0.0013      0.4    0.8    -666.000   24.6   0b1111111111111111    20190528T151659923043
 1     220     2.6895      0.0       0.0     0.0001      0.2    0.8   32274.000   24.6   0b1111111111111111    20190528T151659923447
 2     220     2.6887      0.0       0.0     0.0007      0.2    0.8    3585.000   24.6   0b1111111111111111    20190528T151659923793
 3     220     2.6858      0.2       0.8    -0.0008      0.0    0.0    -666.000   24.6   0b1111111111111111    20190528T151659924091
 4     220     2.6734      0.4       0.7    -0.0022      0.4    0.8    -666.000   24.6   0b1111111111111111    20190528T151659924377
 5     220     2.6625      0.0       0.0    -0.0006      0.4    0.8    -666.000   24.6   0b1111111111111111    20190528T151659924683
 6     220     2.6917      0.0       0.0    -0.0002      0.3    0.8    -666.000   24.6   0b1111111111111111    20190528T151659924968
 7     220     2.6737      0.0       0.0     0.0023      0.3    0.8    1145.893   24.6   0b1111111111111111    20190528T151659925248
 8     220     2.7075      0.0       0.0    -0.0001      0.2    0.8    -666.000   24.6   0b1111111111111111    20190528T151659925527
 9     220     2.6911      0.3       0.7     0.0006      0.4    0.8    4613.400   24.6   0b1111111111111111    20190528T151659925823
10     220     2.6992      0.0       0.0     0.0017      0.0    0.0    1619.550   24.6   0b1111111111111111    20190528T151659926146
11     220     2.6910      0.0       0.0    -0.0006      0.4    0.8    -666.000   24.6   0b1111111111111111    20190528T151659926438
12     220     2.6767      0.0       0.0    -0.0002      0.3    0.8    -666.000   24.6   0b1111111111111111    20190528T151659926742
13     220     2.6674      0.4       0.8     0.0008      0.0    0.0    3200.850   24.6   0b1111111111111111    20190528T151659927035
14     220     2.6915      0.3       0.7     0.0008      0.0    0.0    3229.830   24.6   0b1111111111111111    20190528T151659927315
15     220     2.6834      0.2       0.8     0.0007      0.2    0.8    3577.900   24.6   0b1111111111111111    20190528T151659927591
 0     210     2.6475      0.0       0.0    -0.0015      0.3    0.8    -666.000   24.7   0b1111111111111111    20190528T151703365637
 1     210     2.6411      0.4       0.8     0.0000      0.0    0.0    -666.000   24.7   0b1111111111111111    20190528T151703366031
 2     210     2.6405      0.4       0.7     0.0007      0.3    0.8    3960.675   24.7   0b1111111111111111    20190528T151703366341
 3     210     2.6378      0.0       0.0    -0.0009      0.3    0.8    -666.000   24.7   0b1111111111111111    20190528T151703366661
 4     210     2.6258      0.0       0.0    -0.0022      0.4    0.8    -666.000   24.7   0b1111111111111111    20190528T151703366946
 5     210     2.6147      0.3       0.7    -0.0007      0.3    0.8    -666.000   24.7   0b1111111111111111    20190528T151703367227
 6     210     2.6438      0.0       0.0    -0.0002      0.4    0.8    -666.000   24.7   0b1111111111111111    20190528T151703367533
 7     210     2.6258      0.0       0.0     0.0023      0.4    0.8    1167.000   24.7   0b1111111111111111    20190528T151703367817
 8     210     2.6594      0.2       0.7    -0.0001      0.2    0.8    -666.000   24.7   0b1111111111111111    20190528T151703368145
 9     210     2.6434      0.4       0.8     0.0003      0.4    0.8    7930.125   24.7   0b1111111111111111    20190528T151703368452
10     210     2.6513      0.0       0.0     0.0017      0.0    0.0    1590.750   24.7   0b1111111111111111    20190528T151703368735
11     210     2.6430      0.0       0.0    -0.0007      0.3    0.8    -666.000   24.7   0b1111111111111111    20190528T151703369014
12     210     2.6288      0.2       0.8    -0.0003      0.4    0.8    -666.000   24.7   0b1111111111111111    20190528T151703369289
13     210     2.6197      0.0       0.0     0.0008      0.0    0.0    3143.700   24.7   0b1111111111111111    20190528T151703369588
14     210     2.6438      0.0       0.0     0.0008      0.0    0.0    3172.500   24.7   0b1111111111111111    20190528T151703369865
15     210     2.6355      0.0       0.0     0.0008      0.0    0.0    3162.600   24.7   0b1111111111111111    20190528T151703370141
 0     200     2.5987      0.0       0.0    -0.0016      0.3    0.8    -666.000   24.6   0b1111111111111111    20190528T151706814301
 1     200     2.5925      0.3       0.8     0.0000      0.4    1.7    -666.000   24.6   0b1111111111111111    20190528T151706814536
 2     200     2.5920      0.0       0.0     0.0008      0.0    0.0    3110.400   24.6   0b1111111111111111    20190528T151706814722
 3     200     2.5892      0.3       0.8    -0.0010      0.3    0.8    -666.000   24.6   0b1111111111111111    20190528T151706814876
 4     200     2.5777      0.0       0.0    -0.0024      0.2    0.8    -666.000   24.6   0b1111111111111111    20190528T151706815022
 5     200     2.5671      0.3       0.8    -0.0008      0.0    0.0    -666.000   24.6   0b1111111111111111    20190528T151706815164
 6     200     2.5950      0.0       0.0    -0.0002      0.4    0.8    -666.000   24.6   0b1111111111111111    20190528T151706815302
 7     200     2.5777      0.0       0.0     0.0023      0.3    0.8    1104.750   24.6   0b1111111111111111    20190528T151706815440
 8     200     2.6107      0.0       0.0    -0.0003      0.4    0.8    -666.000   24.6   0b1111111111111111    20190528T151706815577
 9     200     2.5957      0.0       0.0     0.0002      0.4    0.8   10383.000   24.6   0b1111111111111111    20190528T151706815728
10     200     2.6030      0.3       0.8     0.0017      0.0    0.0    1561.815   24.6   0b1111111111111111    20190528T151706815866
11     200     2.5945      0.4       0.8    -0.0007      0.2    0.8    -666.000   24.6   0b1111111111111111    20190528T151706816002
12     200     2.5814      0.2       0.7    -0.0005      0.4    0.8    -666.000   24.6   0b1111111111111111    20190528T151706816145
13     200     2.5719      0.3       0.8     0.0007      0.2    0.8    3429.200   24.6   0b1111111111111111    20190528T151706816281
14     200     2.5955      0.3       0.7     0.0008      0.0    0.0    3114.630   24.6   0b1111111111111111    20190528T151706816417
15     200     2.5875      0.0       0.0     0.0007      0.2    0.8    3450.000   24.6   0b1111111111111111    20190528T151706816552
 0     190     2.5523      0.0       0.0    -0.0017      0.0    0.0    -666.000   24.6   0b1111111111111111    20190528T151710306711
 1     190     2.5466      0.4       0.7     0.0000      0.0    0.0    -666.000   24.6   0b1111111111111111    20190528T151710307111
 2     190     2.5455      0.0       0.0     0.0006      0.4    0.8    4363.714   24.6   0b1111111111111111    20190528T151710307455
 3     190     2.5427      0.3       0.8    -0.0012      0.4    0.8    -666.000   24.6   0b1111111111111111    20190528T151710307752
 4     190     2.5313      0.2       0.8    -0.0025      0.0    0.0    -666.000   24.6   0b1111111111111111    20190528T151710308040
 5     190     2.5215      0.0       0.0    -0.0008      0.0    0.0    -666.000   24.6   0b1111111111111111    20190528T151710308347
 6     190     2.5487      0.3       0.7    -0.0003      0.4    0.8    -666.000   24.6   0b1111111111111111    20190528T151710308632
 7     190     2.5328      0.0       0.0     0.0023      0.4    0.8    1125.667   24.6   0b1111111111111111    20190528T151710308912
 8     190     2.5643      0.0       0.0    -0.0002      0.4    0.8    -666.000   24.6   0b1111111111111111    20190528T151710309191
 9     190     2.5493      0.0       0.0     0.0002      0.4    0.8   10197.000   24.6   0b1111111111111111    20190528T151710309492
10     190     2.5568      0.0       0.0     0.0014      0.4    0.8    1804.765   24.6   0b1111111111111111    20190528T151710309773
11     190     2.5485      0.0       0.0    -0.0008      0.0    0.0    -666.000   24.6   0b1111111111111111    20190528T151710310050
12     190     2.5357      0.2       0.8    -0.0002      0.4    0.8    -666.000   24.6   0b1111111111111111    20190528T151710310352
13     190     2.5267      0.0       0.0     0.0008      0.0    0.0    3032.100   24.6   0b1111111111111111    20190528T151710310632
14     190     2.5497      0.4       0.8     0.0007      0.3    0.8    3824.550   24.6   0b1111111111111111    20190528T151710310934
15     190     2.5410      0.0       0.0     0.0007      0.3    0.8    3811.500   24.6   0b1111111111111111    20190528T151710311225
 0     180     2.5035      0.0       0.0    -0.0017      0.0    0.0    -666.000   24.6   0b1111111111111111    20190528T151713757207
 1     180     2.4982      0.0       0.0    -0.0001      0.2    0.8    -666.000   24.6   0b1111111111111111    20190528T151713757677
 2     180     2.4975      0.0       0.0     0.0006      0.4    0.8    4281.429   24.6   0b1111111111111111    20190528T151713757991
 3     180     2.4946      0.2       0.8    -0.0016      0.3    0.8    -666.000   24.6   0b1111111111111111    20190528T151713758281
 4     180     2.4840      0.0       0.0    -0.0025      0.0    0.0    -666.000   24.6   0b1111111111111111    20190528T151713758618
 5     180     2.4743      0.0       0.0    -0.0008      0.0    0.0    -666.000   24.6   0b1111111111111111    20190528T151713758906
 6     180     2.5005      0.0       0.0    -0.0007      0.3    0.8    -666.000   24.6   0b1111111111111111    20190528T151713759188
 7     180     2.4848      0.0       0.0     0.0019      0.4    0.8    1296.391   24.6   0b1111111111111111    20190528T151713759567
 8     180     2.5155      0.0       0.0    -0.0003      0.4    0.8    -666.000   24.6   0b1111111111111111    20190528T151713759864
 9     180     2.5012      0.0       0.0     0.0000      0.0    0.0    -666.000   24.6   0b1111111111111111    20190528T151713760144
10     180     2.5087      0.2       0.8     0.0015      0.3    0.8    1672.450   24.6   0b1111111111111111    20190528T151713760484
11     180     2.5005      0.0       0.0    -0.0008      0.4    1.7    -666.000   24.6   0b1111111111111111    20190528T151713760784
12     180     2.4877      0.0       0.0    -0.0005      0.4    0.8    -666.000   24.6   0b1111111111111111    20190528T151713761090
13     180     2.4795      0.0       0.0     0.0008      0.0    0.0    2975.400   24.6   0b1111111111111111    20190528T151713761372
14     180     2.5020      0.0       0.0     0.0007      0.2    0.8    3336.000   24.6   0b1111111111111111    20190528T151713761716
15     180     2.4936      0.3       0.8     0.0004      0.4    0.8    5984.640   24.6   0b1111111111111111    20190528T151713761995
 0     170     2.4554      0.2       0.7    -0.0016      0.3    0.8    -666.000   24.6   0b1111111111111111    20190528T151717209808
 1     170     2.4498      0.4       0.7    -0.0001      0.2    0.8    -666.000   24.6   0b1111111111111111    20190528T151717210213
 2     170     2.4494      0.2       0.8     0.0004      0.4    0.8    5878.620   24.6   0b1111111111111111    20190528T151717210564
 3     170     2.4465      0.0       0.0    -0.0015      0.3    0.8    -666.000   24.6   0b1111111111111111    20190528T151717210863
 4     170     2.4361      0.2       0.7    -0.0025      0.0    0.0    -666.000   24.6   0b1111111111111111    20190528T151717211175
 5     170     2.4270      0.0       0.0    -0.0008      0.0    0.0    -666.000   24.6   0b1111111111111111    20190528T151717211483
 6     170     2.4526      0.2       0.7    -0.0008      0.0    0.0    -666.000   24.6   0b1111111111111111    20190528T151717211765
 7     170     2.4375      0.0       0.0     0.0018      0.3    0.8    1329.545   24.6   0b1111111111111111    20190528T151717212045
 8     170     2.4675      0.0       0.0    -0.0004      0.4    0.8    -666.000   24.6   0b1111111111111111    20190528T151717212348
 9     170     2.4538      0.3       0.8     0.0001      0.2    0.8   29445.300   24.6   0b1111111111111111    20190528T151717212630
10     170     2.4608      0.0       0.0     0.0015      0.3    0.8    1640.500   24.6   0b1111111111111111    20190528T151717212909
11     170     2.4525      0.0       0.0    -0.0009      0.3    0.8    -666.000   24.6   0b1111111111111111    20190528T151717213186
12     170     2.4401      0.4       0.8    -0.0007      0.2    0.8    -666.000   24.6   0b1111111111111111    20190528T151717213488
13     170     2.4322      0.2       0.7     0.0007      0.2    0.8    3242.900   24.6   0b1111111111111111    20190528T151717213766
14     170     2.4540      0.0       0.0     0.0004      0.4    0.8    5889.600   24.6   0b1111111111111111    20190528T151717214042
15     170     2.4457      0.0       0.0     0.0005      0.4    0.8    4891.500   24.6   0b1111111111111111    20190528T151717214418
 0     160     2.4067      0.0       0.0    -0.0017      0.0    0.0    -666.000   24.6   0b1111111111111111    20190528T151720682784
 1     160     2.4015      0.0       0.0    -0.0001      0.2    0.8    -666.000   24.6   0b1111111111111111    20190528T151720683104
 2     160     2.4007      0.0       0.0     0.0003      0.4    0.8    7202.250   24.6   0b1111111111111111    20190528T151720683347
 3     160     2.3985      0.0       0.0    -0.0017      0.0    0.0    -666.000   24.6   0b1111111111111111    20190528T151720683566
 4     160     2.3888      0.0       0.0    -0.0026      0.3    0.8    -666.000   24.6   0b1111111111111111    20190528T151720683778
 5     160     2.3792      0.3       0.7    -0.0009      0.3    0.8    -666.000   24.6   0b1111111111111111    20190528T151720683987
 6     160     2.4047      0.3       0.8    -0.0008      0.0    0.0    -666.000   24.6   0b1111111111111111    20190528T151720684194
 7     160     2.3896      0.2       0.8     0.0018      0.3    0.8    1303.405   24.6   0b1111111111111111    20190528T151720684416
 8     160     2.4195      0.0       0.0    -0.0007      0.2    0.8    -666.000   24.6   0b1111111111111111    20190528T151720684623
 9     160     2.4060      0.0       0.0     0.0000      0.0    0.0    -666.000   24.6   0b1111111111111111    20190528T151720684827
10     160     2.4127      0.2       0.7     0.0012      0.4    0.8    2068.007   24.6   0b1111111111111111    20190528T151720685039
11     160     2.4046      0.2       0.8    -0.0008      0.0    0.0    -666.000   24.6   0b1111111111111111    20190528T151720685242
12     160     2.3925      0.0       0.0    -0.0007      0.3    0.8    -666.000   24.6   0b1111111111111111    20190528T151720685449
13     160     2.3845      0.3       0.8     0.0005      0.4    0.8    4768.950   24.6   0b1111111111111111    20190528T151720685652
14     160     2.4060      0.0       0.0     0.0002      0.3    0.8   14436.000   24.6   0b1111111111111111    20190528T151720685853
15     160     2.3978      0.0       0.0     0.0003      0.4    0.8    7193.250   24.6   0b1111111111111111    20190528T151720686054
 0     150     2.3610      0.0       0.0    -0.0017      0.2    0.8    -666.000   24.6   0b1111111111111111    20190528T151724139167
 1     150     2.3558      0.0       0.0    -0.0002      0.3    0.8    -666.000   24.6   0b1111111111111111    20190528T151724139405
 2     150     2.3542      0.0       0.0     0.0001      0.2    0.8   28251.000   24.6   0b1111111111111111    20190528T151724139571
 3     150     2.3527      0.0       0.0    -0.0017      0.0    0.0    -666.000   24.6   0b1111111111111111    20190528T151724139720
 4     150     2.3432      0.3       0.8    -0.0026      0.3    0.8    -666.000   24.6   0b1111111111111111    20190528T151724139865
 5     150     2.3341      0.2       0.8    -0.0009      0.3    0.8    -666.000   24.6   0b1111111111111111    20190528T151724140006
 6     150     2.3595      0.0       0.0    -0.0008      0.0    0.0    -666.000   24.6   0b1111111111111111    20190528T151724140147
 7     150     2.3445      0.0       0.0     0.0017      0.0    0.0    1406.700   24.6   0b1111111111111111    20190528T151724140301
 8     150     2.3745      0.0       0.0    -0.0007      0.3    0.8    -666.000   24.6   0b1111111111111111    20190528T151724140443
 9     150     2.3603      0.0       0.0     0.0000      0.0    0.0    -666.000   24.6   0b1111111111111111    20190528T151724140580
10     150     2.3670      0.0       0.0     0.0010      0.3    0.8    2367.000   24.6   0b1111111111111111    20190528T151724140716
11     150     2.3595      0.0       0.0    -0.0010      0.3    0.8    -666.000   24.6   0b1111111111111111    20190528T151724140851
12     150     2.3475      0.0       0.0    -0.0008      0.0    0.0    -666.000   24.6   0b1111111111111111    20190528T151724140985
13     150     2.3393      0.0       0.0     0.0005      0.4    0.8    4678.500   24.6   0b1111111111111111    20190528T151724141120
14     150     2.3605      0.3       0.7     0.0001      0.2    0.8   28325.700   24.6   0b1111111111111111    20190528T151724141255
15     150     2.3520      0.0       0.0     0.0000      0.0    0.0    -666.000   24.6   0b1111111111111111    20190528T151724141394
 0     140     2.3130      0.0       0.0    -0.0019      0.4    0.8    -666.000   24.6   0b1111111111111111    20190528T151727595597
 1     140     2.3077      0.0       0.0    -0.0007      0.2    0.8    -666.000   24.6   0b1111111111111111    20190528T151727596014
 2     140     2.3062      0.0       0.0     0.0000      0.0    0.0    -666.000   24.6   0b1111111111111111    20190528T151727596309
 3     140     2.3048      0.2       0.8    -0.0017      0.0    0.0    -666.000   24.6   0b1111111111111111    20190528T151727596592
 4     140     2.2957      0.0       0.0    -0.0025      0.0    0.0    -666.000   24.6   0b1111111111111111    20190528T151727596946
 5     140     2.2874      0.2       0.8    -0.0009      0.3    0.8    -666.000   24.6   0b1111111111111111    20190528T151727597230
 6     140     2.3115      0.0       0.0    -0.0008      0.0    0.0    -666.000   24.6   0b1111111111111111    20190528T151727597510
 7     140     2.2972      0.0       0.0     0.0017      0.0    0.0    1378.350   24.6   0b1111111111111111    20190528T151727597818
 8     140     2.3265      0.0       0.0    -0.0007      0.2    0.8    -666.000   24.6   0b1111111111111111    20190528T151727597985
 9     140     2.3130      0.0       0.0     0.0000      0.0    0.0    -666.000   24.6   0b1111111111111111    20190528T151727598125
10     140     2.3190      0.0       0.0     0.0009      0.3    0.8    2529.818   24.6   0b1111111111111111    20190528T151727598259
11     140     2.3115      0.0       0.0    -0.0010      0.3    0.8    -666.000   24.6   0b1111111111111111    20190528T151727598393
12     140     2.3002      0.0       0.0    -0.0007      0.2    0.8    -666.000   24.6   0b1111111111111111    20190528T151727598526
13     140     2.2928      0.0       0.0     0.0002      0.3    0.8   13756.500   24.6   0b1111111111111111    20190528T151727598692
14     140     2.3130      0.0       0.0     0.0000      0.0    0.0    -666.000   24.6   0b1111111111111111    20190528T151727598831
15     140     2.3047      0.0       0.0     0.0001      0.2    0.8   27657.000   24.6   0b1111111111111111    20190528T151727598965
 0     130     2.2650      0.0       0.0    -0.0017      0.2    0.8    -666.000   24.6   0b1111111111111111    20190528T151731043631
 1     130     2.2597      0.0       0.0    -0.0007      0.2    0.8    -666.000   24.6   0b1111111111111111    20190528T151731044035
 2     130     2.2582      0.0       0.0     0.0000      0.0    0.0    -666.000   24.6   0b1111111111111111    20190528T151731044336
 3     130     2.2575      0.0       0.0    -0.0017      0.2    0.8    -666.000   24.6   0b1111111111111111    20190528T151731044699
 4     130     2.2485      0.0       0.0    -0.0027      0.3    0.8    -666.000   24.6   0b1111111111111111    20190528T151731044990
 5     130     2.2403      0.0       0.0    -0.0012      0.4    0.8    -666.000   24.6   0b1111111111111111    20190528T151731045271
 6     130     2.2643      0.0       0.0    -0.0008      0.0    0.0    -666.000   24.6   0b1111111111111111    20190528T151731045605
 7     130     2.2500      0.0       0.0     0.0017      0.0    0.0    1350.000   24.6   0b1111111111111111    20190528T151731045889
 8     130     2.2785      0.0       0.0    -0.0008      0.0    0.0    -666.000   24.6   0b1111111111111111    20190528T151731046167
 9     130     2.2655      0.4       0.8    -0.0001      0.2    0.8    -666.000   24.6   0b1111111111111111    20190528T151731046500
10     130     2.2710      0.0       0.0     0.0009      0.3    0.8    2477.455   24.6   0b1111111111111111    20190528T151731046843
11     130     2.2638      0.4       0.8    -0.0012      0.4    0.8    -666.000   24.6   0b1111111111111111    20190528T151731047129
12     130     2.2530      0.0       0.0    -0.0008      0.0    0.0    -666.000   24.6   0b1111111111111111    20190528T151731047470
13     130     2.2455      0.0       0.0     0.0001      0.2    0.8   26946.000   24.6   0b1111111111111111    20190528T151731047647
14     130     2.2658      0.0       0.0     0.0000      0.0    0.0    -666.000   24.6   0b1111111111111111    20190528T151731047782
15     130     2.2575      0.0       0.0     0.0000      0.0    0.0    -666.000   24.6   0b1111111111111111    20190528T151731047915
 0     120     2.2171      0.2       0.8    -0.0020      0.4    0.8    -666.000   24.6   0b1111111111111111    20190528T151734493606
 1     120     2.2125      0.0       0.0    -0.0008      0.0    0.0    -666.000   24.6   0b1111111111111111    20190528T151734494041
 2     120     2.2109      0.2       0.8     0.0000      0.0    0.0    -666.000   24.6   0b1111111111111111    20190528T151734494353
 3     120     2.2088      0.2       0.8    -0.0018      0.3    0.8    -666.000   24.6   0b1111111111111111    20190528T151734494680
 4     120     2.2013      0.0       0.0    -0.0030      0.4    0.8    -666.000   24.6   0b1111111111111111    20190528T151734495012
 5     120     2.1933      0.4       0.8    -0.0014      0.4    0.8    -666.000   24.6   0b1111111111111111    20190528T151734495295
 6     120     2.2170      0.0       0.0    -0.0009      0.3    0.8    -666.000   24.6   0b1111111111111111    20190528T151734495575
 7     120     2.2034      0.3       0.8     0.0017      0.0    0.0    1322.010   24.6   0b1111111111111111    20190528T151734495914
 8     120     2.2305      0.0       0.0    -0.0008      0.0    0.0    -666.000   24.6   0b1111111111111111    20190528T151734496197
 9     120     2.2174      0.4       0.8    -0.0002      0.3    0.8    -666.000   24.6   0b1111111111111111    20190528T151734496474
10     120     2.2229      0.2       0.8     0.0008      0.0    0.0    2667.510   24.6   0b1111111111111111    20190528T151734496840
11     120     2.2156      0.2       0.8    -0.0013      0.4    0.8    -666.000   24.6   0b1111111111111111    20190528T151734497128
12     120     2.2059      0.3       0.8    -0.0007      0.2    0.8    -666.000   24.6   0b1111111111111111    20190528T151734497405
13     120     2.1996      0.3       0.8     0.0000      0.0    0.0    -666.000   24.6   0b1111111111111111    20190528T151734497759
14     120     2.2192      0.0       0.0     0.0000      0.0    0.0    -666.000   24.6   0b1111111111111111    20190528T151734497914
15     120     2.2117      0.0       0.0     0.0000      0.0    0.0    -666.000   24.6   0b1111111111111111    20190528T151734498048
 0     110     2.1713      0.0       0.0    -0.0022      0.4    0.8    -666.000   24.6   0b1111111111111111    20190528T151737945345
 1     110     2.1660      0.0       0.0    -0.0008      0.0    0.0    -666.000   24.6   0b1111111111111111    20190528T151737945813
 2     110     2.1645      0.0       0.0    -0.0002      0.3    0.8    -666.000   24.6   0b1111111111111111    20190528T151737946227
 3     110     2.1630      0.0       0.0    -0.0018      0.3    0.8    -666.000   24.6   0b1111111111111111    20190528T151737946594
 4     110     2.1552      0.4       0.8    -0.0030      0.4    0.8    -666.000   24.6   0b1111111111111111    20190528T151737946892
 5     110     2.1473      0.0       0.0    -0.0014      0.4    0.8    -666.000   24.6   0b1111111111111111    20190528T151737947176
 6     110     2.1713      0.0       0.0    -0.0009      0.3    0.8    -666.000   24.6   0b1111111111111111    20190528T151737947531
 7     110     2.1570      0.0       0.0     0.0015      0.3    0.8    1438.000   24.6   0b1111111111111111    20190528T151737947672
 8     110     2.1833      0.0       0.0    -0.0008      0.0    0.0    -666.000   24.6   0b1111111111111111    20190528T151737947809
 9     110     2.1698      0.0       0.0    -0.0002      0.3    0.8    -666.000   24.6   0b1111111111111111    20190528T151737947945
10     110     2.1743      0.0       0.0     0.0008      0.0    0.0    2609.100   24.6   0b1111111111111111    20190528T151737948080
11     110     2.1675      0.0       0.0    -0.0012      0.4    0.8    -666.000   24.6   0b1111111111111111    20190528T151737948215
12     110     2.1601      0.2       0.8    -0.0008      0.0    0.0    -666.000   24.6   0b1111111111111111    20190528T151737948350
13     110     2.1539      0.2       0.8     0.0000      0.0    0.0    -666.000   24.6   0b1111111111111111    20190528T151737948532
14     110     2.1735      0.0       0.0     0.0000      0.0    0.0    -666.000   24.6   0b1111111111111111    20190528T151737948675
15     110     2.1661      0.2       0.8     0.0000      0.0    0.0    -666.000   24.6   0b1111111111111111    20190528T151737948808
 0     100     2.1225      0.0       0.0    -0.0022      0.4    0.8    -666.000   24.6   0b1111111111111111    20190528T151741400155
 1     100     2.1172      0.0       0.0    -0.0008      0.0    0.0    -666.000   24.6   0b1111111111111111    20190528T151741400369
 2     100     2.1157      0.0       0.0    -0.0002      0.4    0.8    -666.000   24.6   0b1111111111111111    20190528T151741400512
 3     100     2.1150      0.0       0.0    -0.0022      0.4    0.8    -666.000   24.6   0b1111111111111111    20190528T151741400650
 4     100     2.1060      0.0       0.0    -0.0031      0.4    0.8    -666.000   24.6   0b1111111111111111    20190528T151741400787
 5     100     2.0985      0.0       0.0    -0.0016      0.3    0.8    -666.000   24.6   0b1111111111111111    20190528T151741400923
 6     100     2.1225      0.0       0.0    -0.0012      0.4    0.8    -666.000   24.6   0b1111111111111111    20190528T151741401065
 7     100     2.1082      0.0       0.0     0.0015      0.3    0.8    1405.500   24.6   0b1111111111111111    20190528T151741401200
 8     100     2.1330      0.0       0.0    -0.0009      0.3    0.8    -666.000   24.6   0b1111111111111111    20190528T151741401350
 9     100     2.1195      0.0       0.0    -0.0006      0.4    0.8    -666.000   24.6   0b1111111111111111    20190528T151741401485
10     100     2.1232      0.0       0.0     0.0008      0.0    0.0    2547.900   24.6   0b1111111111111111    20190528T151741401644
11     100     2.1172      0.0       0.0    -0.0014      0.4    0.8    -666.000   24.6   0b1111111111111111    20190528T151741401780
12     100     2.1120      0.0       0.0    -0.0008      0.0    0.0    -666.000   24.6   0b1111111111111111    20190528T151741401914
13     100     2.1060      0.0       0.0     0.0000      0.0    0.0    -666.000   24.6   0b1111111111111111    20190528T151741402048
14     100     2.1254      0.2       0.7     0.0000      0.0    0.0    -666.000   24.6   0b1111111111111111    20190528T151741402181
15     100     2.1180      0.0       0.0     0.0000      0.0    0.0    -666.000   24.6   0b1111111111111111    20190528T151741402319
 0      90     2.0741      0.4       0.8    -0.0023      0.3    0.8    -666.000   24.6   0b1111111111111111    20190528T151744851572
 1      90     2.0692      0.0       0.0    -0.0009      0.3    0.8    -666.000   24.6   0b1111111111111111    20190528T151744851965
 2      90     2.0670      0.0       0.0    -0.0001      0.2    0.8    -666.000   24.6   0b1111111111111111    20190528T151744852274
 3      90     2.0671      0.2       0.8    -0.0022      0.4    0.8    -666.000   24.6   0b1111111111111111    20190528T151744852640
 4      90     2.0565      0.0       0.0    -0.0032      0.3    0.8    -666.000   24.6   0b1111111111111111    20190528T151744852936
 5      90     2.0497      0.0       0.0    -0.0017      0.0    0.0    -666.000   24.6   0b1111111111111111    20190528T151744853221
 6      90     2.0737      0.0       0.0    -0.0014      0.4    0.8    -666.000   24.6   0b1111111111111111    20190528T151744853561
 7      90     2.0595      0.0       0.0     0.0015      0.3    0.8    1373.000   24.6   0b1111111111111111    20190528T151744853849
 8      90     2.0820      0.0       0.0    -0.0008      0.0    0.0    -666.000   24.6   0b1111111111111111    20190528T151744854176
 9      90     2.0687      0.3       0.7    -0.0007      0.2    0.8    -666.000   24.6   0b1111111111111111    20190528T151744854537
10      90     2.0716      0.3       0.8     0.0007      0.2    0.8    2762.200   24.6   0b1111111111111111    20190528T151744854827
11      90     2.0663      0.0       0.0    -0.0015      0.3    0.8    -666.000   24.6   0b1111111111111111    20190528T151744855107
12      90     2.0633      0.0       0.0    -0.0008      0.0    0.0    -666.000   24.6   0b1111111111111111    20190528T151744855383
13      90     2.0572      0.0       0.0     0.0000      0.0    0.0    -666.000   24.6   0b1111111111111111    20190528T151744855712
14      90     2.0768      0.0       0.0     0.0000      0.0    0.0    -666.000   24.6   0b1111111111111111    20190528T151744855987
15      90     2.0692      0.0       0.0    -0.0001      0.2    0.8    -666.000   24.6   0b1111111111111111    20190528T151744856262
 0      80     2.0235      0.0       0.0    -0.0023      0.3    0.8    -666.000   24.5   0b1111111111111111    20190528T151748317145
 1      80     2.0190      0.0       0.0    -0.0008      0.0    0.0    -666.000   24.5   0b1111111111111111    20190528T151748317633
 2      80     2.0168      0.0       0.0    -0.0002      0.4    0.8    -666.000   24.5   0b1111111111111111    20190528T151748317954
 3      80     2.0175      0.0       0.0    -0.0024      0.2    0.8    -666.000   24.5   0b1111111111111111    20190528T151748318250
 4      80     2.0070      0.0       0.0    -0.0033      0.0    0.0    -666.000   24.5   0b1111111111111111    20190528T151748318592
 5      80     1.9995      0.0       0.0    -0.0017      0.0    0.0    -666.000   24.5   0b1111111111111111    20190528T151748318894
 6      80     2.0235      0.0       0.0    -0.0016      0.3    0.8    -666.000   24.5   0b1111111111111111    20190528T151748319176
 7      80     2.0093      0.2       0.8     0.0011      0.4    0.8    1854.762   24.5   0b1111111111111111    20190528T151748319516
 8      80     2.0302      0.2       0.8    -0.0011      0.4    0.8    -666.000   24.5   0b1111111111111111    20190528T151748319800
 9      80     2.0175      0.0       0.0    -0.0007      0.3    0.8    -666.000   24.5   0b1111111111111111    20190528T151748320129
10      80     2.0205      0.0       0.0     0.0005      0.4    0.8    4041.000   24.5   0b1111111111111111    20190528T151748320488
11      80     2.0146      0.2       0.8    -0.0016      0.3    0.8    -666.000   24.5   0b1111111111111111    20190528T151748320777
12      80     2.0130      0.0       0.0    -0.0009      0.3    0.8    -666.000   24.5   0b1111111111111111    20190528T151748321112
13      80     2.0070      0.0       0.0     0.0000      0.0    0.0    -666.000   24.5   0b1111111111111111    20190528T151748321427
14      80     2.0269      0.4       0.8     0.0000      0.0    0.0    -666.000   24.5   0b1111111111111111    20190528T151748321734
15      80     2.0197      0.0       0.0    -0.0002      0.3    0.8    -666.000   24.5   0b1111111111111111    20190528T151748322011
 0      70     1.9740      0.0       0.0    -0.0024      0.2    0.8    -666.000   24.5   0b1111111111111111    20190528T151751771367
 1      70     1.9680      0.0       0.0    -0.0013      0.4    0.8    -666.000   24.5   0b1111111111111111    20190528T151751771827
 2      70     1.9658      0.2       0.8    -0.0007      0.2    0.8    -666.000   24.5   0b1111111111111111    20190528T151751772138
 3      70     1.9680      0.0       0.0    -0.0023      0.3    0.8    -666.000   24.5   0b1111111111111111    20190528T151751772490
 4      70     1.9563      0.4       0.7    -0.0033      0.0    0.0    -666.000   24.5   0b1111111111111111    20190528T151751772782
 5      70     1.9500      0.0       0.0    -0.0017      0.0    0.0    -666.000   24.5   0b1111111111111111    20190528T151751773068
 6      70     1.9733      0.0       0.0    -0.0016      0.3    0.8    -666.000   24.5   0b1111111111111111    20190528T151751773349
 7      70     1.9598      0.0       0.0     0.0008      0.0    0.0    2351.700   24.5   0b1111111111111111    20190528T151751773698
 8      70     1.9792      0.0       0.0    -0.0014      0.4    0.8    -666.000   24.5   0b1111111111111111    20190528T151751774120
 9      70     1.9677      0.4       0.8    -0.0008      0.0    0.0    -666.000   24.5   0b1111111111111111    20190528T151751774476
10      70     1.9703      0.0       0.0     0.0003      0.4    0.8    5910.750   24.5   0b1111111111111111    20190528T151751774768
11      70     1.9650      0.0       0.0    -0.0017      0.0    0.0    -666.000   24.5   0b1111111111111111    20190528T151751775049
12      70     1.9635      0.0       0.0    -0.0008      0.0    0.0    -666.000   24.5   0b1111111111111111    20190528T151751775325
13      70     1.9575      0.0       0.0    -0.0002      0.3    0.8    -666.000   24.5   0b1111111111111111    20190528T151751775649
14      70     1.9770      0.0       0.0     0.0000      0.0    0.0    -666.000   24.5   0b1111111111111111    20190528T151751775928
15      70     1.9694      0.2       0.8    -0.0004      0.4    0.8    -666.000   24.5   0b1111111111111111    20190528T151751776202
 0      60     1.9231      0.2       0.8    -0.0025      0.0    0.0    -666.000   24.5   0b1111111111111111    20190528T151755221774
 1      60     1.9185      0.0       0.0    -0.0013      0.4    0.8    -666.000   24.5   0b1111111111111111    20190528T151755222175
 2      60     1.9163      0.0       0.0    -0.0008      0.0    0.0    -666.000   24.5   0b1111111111111111    20190528T151755222582
 3      60     1.9163      0.0       0.0    -0.0025      0.0    0.0    -666.000   24.5   0b1111111111111111    20190528T151755222889
 4      60     1.9072      0.0       0.0    -0.0033      0.0    0.0    -666.000   24.5   0b1111111111111111    20190528T151755223189
 5      60     1.9013      0.0       0.0    -0.0017      0.2    0.8    -666.000   24.5   0b1111111111111111    20190528T151755223537
 6      60     1.9237      0.0       0.0    -0.0017      0.0    0.0    -666.000   24.5   0b1111111111111111    20190528T151755223827
 7      60     1.9102      0.2       0.8     0.0009      0.3    0.8    2083.827   24.5   0b1111111111111111    20190528T151755224106
 8      60     1.9285      0.4       0.8    -0.0015      0.3    0.8    -666.000   24.5   0b1111111111111111    20190528T151755224407
 9      60     1.9164      0.3       0.8    -0.0008      0.0    0.0    -666.000   24.5   0b1111111111111111    20190528T151755224768
10      60     1.9200      0.0       0.0     0.0000      0.0    0.0    -666.000   24.5   0b1111111111111111    20190528T151755225063
11      60     1.9144      0.4       0.8    -0.0017      0.0    0.0    -666.000   24.5   0b1111111111111111    20190528T151755225342
12      60     1.9139      0.3       0.8    -0.0009      0.3    0.8    -666.000   24.5   0b1111111111111111    20190528T151755225682
13      60     1.9072      0.0       0.0    -0.0001      0.2    0.8    -666.000   24.5   0b1111111111111111    20190528T151755225963
14      60     1.9260      0.0       0.0    -0.0003      0.4    0.8    -666.000   24.5   0b1111111111111111    20190528T151755226280
15      60     1.9192      0.0       0.0    -0.0004      0.4    0.8    -666.000   24.5   0b1111111111111111    20190528T151755226617
 0      50     1.8727      0.0       0.0    -0.0026      0.3    0.8    -666.000   24.5   0b1111111111111111    20190528T151758675613
 1      50     1.8680      0.3       0.8    -0.0015      0.3    0.8    -666.000   24.5   0b1111111111111111    20190528T151758675947
 2      50     1.8659      0.3       0.8    -0.0007      0.2    0.8    -666.000   24.5   0b1111111111111111    20190528T151758676221
 3      50     1.8660      0.0       0.0    -0.0025      0.0    0.0    -666.000   24.5   0b1111111111111111    20190528T151758676595
 4      50     1.8573      0.4       0.8    -0.0033      0.0    0.0    -666.000   24.5   0b1111111111111111    20190528T151758676859
 5      50     1.8518      0.0       0.0    -0.0017      0.2    0.8    -666.000   24.5   0b1111111111111111    20190528T151758677110
 6      50     1.8735      0.0       0.0    -0.0016      0.3    0.8    -666.000   24.5   0b1111111111111111    20190528T151758677358
 7      50     1.8600      0.0       0.0     0.0008      0.0    0.0    2232.000   24.5   0b1111111111111111    20190528T151758677687
 8      50     1.8780      0.0       0.0    -0.0017      0.0    0.0    -666.000   24.5   0b1111111111111111    20190528T151758677936
 9      50     1.8668      0.0       0.0    -0.0008      0.0    0.0    -666.000   24.5   0b1111111111111111    20190528T151758678178
10      50     1.8697      0.0       0.0     0.0000      0.0    0.0    -666.000   24.5   0b1111111111111111    20190528T151758678516
11      50     1.8645      0.0       0.0    -0.0017      0.0    0.0    -666.000   24.5   0b1111111111111111    20190528T151758678774
12      50     1.8638      0.0       0.0    -0.0016      0.3    0.8    -666.000   24.5   0b1111111111111111    20190528T151758679011
13      50     1.8577      0.0       0.0    -0.0004      0.4    0.8    -666.000   24.5   0b1111111111111111    20190528T151758679250
14      50     1.8758      0.0       0.0    -0.0004      0.4    0.8    -666.000   24.5   0b1111111111111111    20190528T151758679568
15      50     1.8691      0.2       0.7    -0.0007      0.3    0.8    -666.000   24.5   0b1111111111111111    20190528T151758679799
 0      40     1.8210      0.0       0.0    -0.0025      0.0    0.0    -666.000   24.5   0b1111111111111111    20190528T151802122799
 1      40     1.8173      0.0       0.0    -0.0017      0.0    0.0    -666.000   24.5   0b1111111111111111    20190528T151802123201
 2      40     1.8150      0.0       0.0    -0.0008      0.0    0.0    -666.000   24.5   0b1111111111111111    20190528T151802123532
 3      40     1.8150      0.0       0.0    -0.0025      0.0    0.0    -666.000   24.5   0b1111111111111111    20190528T151802123904
 4      40     1.8075      0.0       0.0    -0.0033      0.0    0.0    -666.000   24.5   0b1111111111111111    20190528T151802124207
 5      40     1.8015      0.0       0.0    -0.0019      0.4    0.8    -666.000   24.5   0b1111111111111111    20190528T151802124498
 6      40     1.8227      0.3       0.8    -0.0017      0.0    0.0    -666.000   24.5   0b1111111111111111    20190528T151802124841
 7      40     1.8104      0.3       0.8     0.0008      0.0    0.0    2172.420   24.5   0b1111111111111111    20190528T151802125133
 8      40     1.8271      0.3       0.8    -0.0017      0.0    0.0    -666.000   24.5   0b1111111111111111    20190528T151802125417
 9      40     1.8167      0.3       0.8    -0.0009      0.3    0.8    -666.000   24.5   0b1111111111111111    20190528T151802125810
10      40     1.8195      0.0       0.0     0.0000      0.0    0.0    -666.000   24.5   0b1111111111111111    20190528T151802126100
11      40     1.8143      0.0       0.0    -0.0017      0.0    0.0    -666.000   24.5   0b1111111111111111    20190528T151802126377
12      40     1.8135      0.0       0.0    -0.0013      0.4    0.8    -666.000   24.5   0b1111111111111111    20190528T151802126698
13      40     1.8075      0.0       0.0    -0.0007      0.2    0.8    -666.000   24.5   0b1111111111111111    20190528T151802127022
14      40     1.8255      0.0       0.0    -0.0007      0.2    0.8    -666.000   24.5   0b1111111111111111    20190528T151802127308
15      40     1.8188      0.0       0.0    -0.0005      0.4    0.8    -666.000   24.5   0b1111111111111111    20190528T151802127585
 0      30     1.7723      0.0       0.0    -0.0027      0.3    0.8    -666.000   24.5   0b1111111111111111    20190528T151805582865
 1      30     1.7677      0.0       0.0    -0.0017      0.0    0.0    -666.000   24.5   0b1111111111111111    20190528T151805583256
 2      30     1.7656      0.3       0.8    -0.0009      0.3    0.8    -666.000   24.5   0b1111111111111111    20190528T151805583639
 3      30     1.7670      0.0       0.0    -0.0025      0.0    0.0    -666.000   24.5   0b1111111111111111    20190528T151805583943
 4      30     1.7595      0.0       0.0    -0.0034      0.2    0.8    -666.000   24.5   0b1111111111111111    20190528T151805584230
 5      30     1.7545      0.3       0.8    -0.0021      0.4    0.8    -666.000   24.5   0b1111111111111111    20190528T151805584568
 6      30     1.7745      0.0       0.0    -0.0017      0.0    0.0    -666.000   24.5   0b1111111111111111    20190528T151805584856
 7      30     1.7621      0.4       0.8     0.0008      0.0    0.0    2114.550   24.5   0b1111111111111111    20190528T151805585135
 8      30     1.7782      0.0       0.0    -0.0017      0.0    0.0    -666.000   24.5   0b1111111111111111    20190528T151805585526
 9      30     1.7677      0.0       0.0    -0.0011      0.4    0.8    -666.000   24.5   0b1111111111111111    20190528T151805585816
10      30     1.7715      0.0       0.0     0.0000      0.0    0.0    -666.000   24.5   0b1111111111111111    20190528T151805586095
11      30     1.7656      0.2       0.8    -0.0017      0.0    0.0    -666.000   24.5   0b1111111111111111    20190528T151805586370
12      30     1.7653      0.3       0.8    -0.0014      0.4    0.8    -666.000   24.5   0b1111111111111111    20190528T151805586700
13      30     1.7610      0.0       0.0    -0.0007      0.3    0.8    -666.000   24.5   0b1111111111111111    20190528T151805586978
14      30     1.7760      0.0       0.0    -0.0007      0.2    0.8    -666.000   24.5   0b1111111111111111    20190528T151805587253
15      30     1.7710      0.3       0.8    -0.0007      0.2    0.8    -666.000   24.5   0b1111111111111111    20190528T151805587561
 0      20     1.7220      0.0       0.0    -0.0025      0.0    0.0    -666.000   24.5   0b1111111111111111    20190528T151809033036
 1      20     1.7182      0.0       0.0    -0.0017      0.0    0.0    -666.000   24.5   0b1111111111111111    20190528T151809033548
 2      20     1.7160      0.0       0.0    -0.0008      0.0    0.0    -666.000   24.5   0b1111111111111111    20190528T151809033873
 3      20     1.7175      0.0       0.0    -0.0026      0.3    0.8    -666.000   24.5   0b1111111111111111    20190528T151809034171
 4      20     1.7100      0.0       0.0    -0.0033      0.0    0.0    -666.000   24.5   0b1111111111111111    20190528T151809034521
 5      20     1.7057      0.3       0.8    -0.0023      0.3    0.8    -666.000   24.5   0b1111111111111111    20190528T151809034814
 6      20     1.7243      0.2       0.8    -0.0017      0.0    0.0    -666.000   24.5   0b1111111111111111    20190528T151809035097
 7      20     1.7130      0.0       0.0     0.0008      0.0    0.0    2055.600   24.5   0b1111111111111111    20190528T151809035378
 8      20     1.7280      0.0       0.0    -0.0017      0.0    0.0    -666.000   24.5   0b1111111111111111    20190528T151809035710
 9      20     1.7182      0.0       0.0    -0.0011      0.4    0.8    -666.000   24.5   0b1111111111111111    20190528T151809035988
10      20     1.7218      0.3       0.8     0.0000      0.0    0.0    -666.000   24.5   0b1111111111111111    20190528T151809036307
11      20     1.7162      0.3       0.8    -0.0017      0.2    0.8    -666.000   24.5   0b1111111111111111    20190528T151809036646
12      20     1.7160      0.0       0.0    -0.0015      0.3    0.8    -666.000   24.5   0b1111111111111111    20190528T151809036927
13      20     1.7122      0.2       0.8    -0.0008      0.0    0.0    -666.000   24.5   0b1111111111111111    20190528T151809037204
14      20     1.7269      0.4       0.8    -0.0007      0.2    0.8    -666.000   24.5   0b1111111111111111    20190528T151809037540
15      20     1.7224      0.4       0.8    -0.0008      0.0    0.0    -666.000   24.5   0b1111111111111111    20190528T151809037678
 0      10     1.6718      0.2       0.8    -0.0027      0.3    0.8    -666.000   24.5   0b1111111111111111    20190528T151812491034
 1      10     1.6680      0.0       0.0    -0.0017      0.0    0.0    -666.000   24.5   0b1111111111111111    20190528T151812491502
 2      10     1.6665      0.0       0.0    -0.0009      0.3    0.8    -666.000   24.5   0b1111111111111111    20190528T151812491833
 3      10     1.6680      0.0       0.0    -0.0027      0.4    0.8    -666.000   24.5   0b1111111111111111    20190528T151812492126
 4      10     1.6613      0.0       0.0    -0.0035      0.3    0.8    -666.000   24.5   0b1111111111111111    20190528T151812492462
 5      10     1.6568      0.0       0.0    -0.0022      0.4    0.8    -666.000   24.5   0b1111111111111111    20190528T151812492760
 6      10     1.6755      0.0       0.0    -0.0018      0.3    0.8    -666.000   24.5   0b1111111111111111    20190528T151812493041
 7      10     1.6635      0.0       0.0     0.0007      0.2    0.8    2218.000   24.5   0b1111111111111111    20190528T151812493319
 8      10     1.6785      0.0       0.0    -0.0017      0.2    0.8    -666.000   24.5   0b1111111111111111    20190528T151812493643
 9      10     1.6695      0.0       0.0    -0.0012      0.4    0.8    -666.000   24.5   0b1111111111111111    20190528T151812493971
10      10     1.6724      0.2       0.8    -0.0001      0.2    0.8    -666.000   24.5   0b1111111111111111    20190528T151812494266
11      10     1.6667      0.3       0.8    -0.0018      0.3    0.8    -666.000   24.5   0b1111111111111111    20190528T151812494608
12      10     1.6665      0.0       0.0    -0.0015      0.3    0.8    -666.000   24.5   0b1111111111111111    20190528T151812494893
13      10     1.6628      0.2       0.7    -0.0008      0.0    0.0    -666.000   24.5   0b1111111111111111    20190528T151812495170
14      10     1.6778      0.0       0.0    -0.0008      0.0    0.0    -666.000   24.5   0b1111111111111111    20190528T151812495502
15      10     1.6727      0.3       0.7    -0.0008      0.0    0.0    -666.000   24.5   0b1111111111111111    20190528T151812495783
 0       0     1.6215      0.0       0.0    -0.0029      0.4    0.8    -666.000   24.5   0b1111111111111111    20190528T151815942717
 1       0     1.6185      0.0       0.0    -0.0020      0.4    0.8    -666.000   24.5   0b1111111111111111    20190528T151815943116
 2       0     1.6170      0.0       0.0    -0.0010      0.3    0.8    -666.000   24.5   0b1111111111111111    20190528T151815943509
 3       0     1.6184      0.3       0.8    -0.0029      0.4    0.8    -666.000   24.5   0b1111111111111111    20190528T151815943825
 4       0     1.6118      0.0       0.0    -0.0037      0.4    0.8    -666.000   24.5   0b1111111111111111    20190528T151815944112
 5       0     1.6074      0.3       0.8    -0.0024      0.2    0.8    -666.000   24.5   0b1111111111111111    20190528T151815944425
 6       0     1.6252      0.0       0.0    -0.0022      0.4    0.8    -666.000   24.5   0b1111111111111111    20190528T151815944731
 7       0     1.6148      0.0       0.0     0.0007      0.3    0.8    2422.125   24.5   0b1111111111111111    20190528T151815945012
 8       0     1.6289      0.2       0.8    -0.0017      0.0    0.0    -666.000   24.5   0b1111111111111111    20190528T151815945290
 9       0     1.6200      0.0       0.0    -0.0013      0.4    0.8    -666.000   24.5   0b1111111111111111    20190528T151815945618
10       0     1.6230      0.0       0.0    -0.0002      0.3    0.8    -666.000   24.5   0b1111111111111111    20190528T151815945960
11       0     1.6174      0.4       0.8    -0.0021      0.4    0.8    -666.000   24.5   0b1111111111111111    20190528T151815946246
12       0     1.6178      0.0       0.0    -0.0017      0.0    0.0    -666.000   24.5   0b1111111111111111    20190528T151815946583
13       0     1.6139      0.2       0.8    -0.0008      0.0    0.0    -666.000   24.5   0b1111111111111111    20190528T151815946868
14       0     1.6275      0.0       0.0    -0.0008      0.0    0.0    -666.000   24.5   0b1111111111111111    20190528T151815947143
15       0     1.6234      0.4       0.8    -0.0008      0.0    0.0    -666.000   24.5   0b1111111111111111    20190528T151815947479
