CH# Vset[DAC]   V[V]    dVRMS[mV] dVpp[mV]    I[A]  dIRMS[mA] dIpp[mA]   R[ohm]   T[C]   State                Timestamp
 0     250     2.8575      0.0       0.0     0.5616      2.2    8.3       5.088   24.6   0b1111111111111111    20190523T130226572237
 1     250     2.6813      0.7       2.3     2.5307      0.6    1.7       1.060   24.6   0b1111111111111111    20190523T130226572766
 2     250     2.8500      0.0       0.0     0.5588      3.3   10.0       5.101   24.6   0b1111111111111111    20190523T130226574388
 3     250     2.6844      0.7       2.3     2.5230      0.8    2.5       1.064   24.6   0b1111111111111111    20190523T130226574774
 4     250     2.8575      0.0       0.0     0.5621      2.7    8.3       5.084   24.6   0b1111111111111111    20190523T130226575111
 5     250     2.6875      0.7       2.3     2.5207      0.6    1.7       1.066   24.6   0b1111111111111111    20190523T130226575407
 6     250     2.8666      0.2       0.8     0.5646      3.8   15.0       5.077   24.6   0b1111111111111111    20190523T130226575748
 7     250     2.6576      0.8       2.3     2.5040      0.6    1.7       1.061   24.6   0b1111111111111111    20190523T130226576074
 8     250     2.8500      0.0       0.0     0.5593      1.7    5.0       5.096   24.6   0b1111111111111111    20190523T130226576365
 9     250     2.6879      0.9       3.0     2.5283      0.7    2.5       1.063   24.6   0b1111111111111111    20190523T130226576711
10     250     2.8641      0.3       0.8     0.5646      2.1    7.5       5.073   24.6   0b1111111111111111    20190523T130226577002
11     250     2.6950      0.8       2.3     2.5291      0.7    2.5       1.066   24.6   0b1111111111111111    20190523T130226577486
12     250     2.8575      0.0       0.0     0.5623      4.2   13.3       5.082   24.6   0b1111111111111111    20190523T130226577899
13     250     2.6889      0.7       2.2     2.5214      1.0    2.5       1.066   24.6   0b1111111111111111    20190523T130226578183
14     250     2.8630      0.3       0.7     0.5617      2.7    9.2       5.097   24.6   0b1111111111111111    20190523T130226578462
15     250     2.6913      0.8       2.3     2.5278      0.7    1.7       1.065   24.6   0b1111111111111111    20190523T130226578796
 0     240     2.8140      0.0       0.0     0.5541      2.1    8.3       5.079   24.7   0b1111111111111111    20190523T130230057394
 1     240     2.6765      0.5       1.5     2.5263      0.6    1.7       1.059   24.7   0b1111111111111111    20190523T130230057866
 2     240     2.8050      0.0       0.0     0.5515      2.5    8.3       5.086   24.7   0b1111111111111111    20190523T130230058189
 3     240     2.6796      0.5       1.5     2.5190      0.5    1.7       1.064   24.7   0b1111111111111111    20190523T130230058555
 4     240     2.8140      0.0       0.0     0.5554      1.7    5.0       5.066   24.7   0b1111111111111111    20190523T130230058936
 5     240     2.6833      0.5       1.5     2.5175      0.6    1.7       1.066   24.7   0b1111111111111111    20190523T130230059233
 6     240     2.8260      0.0       0.0     0.5568      2.3    9.2       5.075   24.7   0b1111111111111111    20190523T130230059563
 7     240     2.6543      0.4       1.5     2.5014      0.5    1.7       1.061   24.7   0b1111111111111111    20190523T130230059879
 8     240     2.8036      0.2       0.7     0.5503      1.5    5.0       5.094   24.7   0b1111111111111111    20190523T130230060167
 9     240     2.6823      0.4       0.8     2.5235      0.6    1.7       1.063   24.7   0b1111111111111111    20190523T130230060452
10     240     2.8199      0.2       0.8     0.5557      1.5    5.0       5.074   24.7   0b1111111111111111    20190523T130230060781
11     240     2.6899      0.5       1.5     2.5249      0.4    1.7       1.065   24.7   0b1111111111111111    20190523T130230061093
12     240     2.8121      0.4       0.8     0.5534      1.1    3.3       5.081   24.7   0b1111111111111111    20190523T130230061381
13     240     2.6827      0.5       1.5     2.5163      0.4    0.8       1.066   24.7   0b1111111111111111    20190523T130230061726
14     240     2.8193      0.0       0.0     0.5533      1.9    6.7       5.095   24.7   0b1111111111111111    20190523T130230062028
15     240     2.6860      0.4       0.8     2.5232      0.4    1.7       1.065   24.7   0b1111111111111111    20190523T130230062327
 0     230     2.7668      0.0       0.0     0.5445      0.9    3.3       5.081   24.9   0b1111111111111111    20190523T130233521805
 1     230     2.6700      0.5       1.5     2.5204      0.4    0.8       1.059   24.9   0b1111111111111111    20190523T130233522209
 2     230     2.7585      0.0       0.0     0.5419      0.9    3.3       5.090   24.9   0b1111111111111111    20190523T130233522555
 3     230     2.6732      0.3       0.7     2.5133      0.4    1.7       1.064   24.9   0b1111111111111111    20190523T130233522855
 4     230     2.7681      0.3       0.8     0.5461      1.0    3.3       5.069   24.9   0b1111111111111111    20190523T130233523143
 5     230     2.6780      0.4       0.7     2.5127      0.4    0.8       1.066   24.9   0b1111111111111111    20190523T130233523453
 6     230     2.7796      0.3       0.8     0.5472      1.2    4.2       5.080   24.9   0b1111111111111111    20190523T130233523737
 7     230     2.6504      0.3       0.8     2.4980      0.4    0.8       1.061   24.9   0b1111111111111111    20190523T130233524019
 8     230     2.7563      0.0       0.0     0.5412      0.4    0.8       5.093   24.9   0b1111111111111111    20190523T130233524299
 9     230     2.6747      0.3       0.7     2.5163      0.6    1.7       1.063   24.9   0b1111111111111111    20190523T130233524600
10     230     2.7731      0.4       0.8     0.5464      0.9    3.3       5.075   24.9   0b1111111111111111    20190523T130233524930
11     230     2.6833      0.3       0.8     2.5189      0.4    0.8       1.065   24.9   0b1111111111111111    20190523T130233525218
12     230     2.7652      0.0       0.0     0.5437      0.6    1.7       5.086   24.9   0b1111111111111111    20190523T130233525523
13     230     2.6746      0.4       1.5     2.5088      0.4    0.8       1.066   24.9   0b1111111111111111    20190523T130233525806
14     230     2.7727      0.0       0.0     0.5435      0.7    2.5       5.102   24.9   0b1111111111111111    20190523T130233526084
15     230     2.6791      0.4       1.5     2.5172      0.6    1.7       1.064   24.9   0b1111111111111111    20190523T130233526362
 0     220     2.7183      0.4       0.8     0.5353      0.7    2.5       5.079   25.0   0b1111111111111111    20190523T130236990533
 1     220     2.6588      0.2       0.7     2.5101      0.4    1.7       1.059   25.0   0b1111111111111111    20190523T130236991717
 2     220     2.7104      0.2       0.7     0.5322      0.4    0.8       5.093   25.0   0b1111111111111111    20190523T130236992041
 3     220     2.6621      0.4       0.8     2.5028      0.4    0.8       1.064   25.0   0b1111111111111111    20190523T130236992339
 4     220     2.7188      0.0       0.0     0.5357      0.6    1.7       5.075   25.0   0b1111111111111111    20190523T130236992650
 5     220     2.6688      0.4       0.8     2.5042      0.4    1.7       1.066   25.0   0b1111111111111111    20190523T130236992937
 6     220     2.7308      0.2       0.7     0.5374      0.8    2.5       5.081   25.0   0b1111111111111111    20190523T130236993222
 7     220     2.6439      0.3       0.8     2.4921      0.4    0.8       1.061   25.0   0b1111111111111111    20190523T130236993558
 8     220     2.7067      0.0       0.0     0.5317      0.4    1.7       5.090   25.0   0b1111111111111111    20190523T130236993868
 9     220     2.6612      0.3       0.7     2.5041      0.6    1.7       1.063   25.0   0b1111111111111111    20190523T130236994151
10     220     2.7233      0.0       0.0     0.5367      0.5    1.7       5.074   25.0   0b1111111111111111    20190523T130236994454
11     220     2.6718      0.4       0.8     2.5083      0.4    1.7       1.065   25.0   0b1111111111111111    20190523T130236994736
12     220     2.7173      0.0       0.0     0.5343      0.3    0.8       5.085   25.0   0b1111111111111111    20190523T130236995015
13     220     2.6601      0.3       0.8     2.4951      0.3    0.8       1.066   25.0   0b1111111111111111    20190523T130236995306
14     220     2.7218      0.0       0.0     0.5336      0.5    1.7       5.101   25.0   0b1111111111111111    20190523T130236995682
15     220     2.6675      0.4       0.8     2.5062      0.4    0.8       1.064   25.0   0b1111111111111111    20190523T130236995963
 0     210     2.6693      0.0       0.0     0.5253      0.4    0.8       5.081   25.1   0b1111111111111111    20190523T130240451951
 1     210     2.6385      0.0       0.0     2.4912      0.4    0.8       1.059   25.1   0b1111111111111111    20190523T130240452356
 2     210     2.6610      0.0       0.0     0.5225      0.6    1.7       5.093   25.1   0b1111111111111111    20190523T130240452709
 3     210     2.6423      0.0       0.0     2.4843      0.4    1.7       1.064   25.1   0b1111111111111111    20190523T130240453011
 4     210     2.6700      0.0       0.0     0.5266      0.4    1.7       5.070   25.1   0b1111111111111111    20190523T130240453300
 5     210     2.6522      0.3       0.7     2.4887      0.4    0.8       1.066   25.1   0b1111111111111111    20190523T130240453607
 6     210     2.6819      0.2       0.8     0.5279      0.4    0.8       5.080   25.1   0b1111111111111111    20190523T130240453893
 7     210     2.6325      0.0       0.0     2.4813      0.4    0.8       1.061   25.1   0b1111111111111111    20190523T130240454176
 8     210     2.6573      0.0       0.0     0.5218      0.5    1.7       5.092   25.1   0b1111111111111111    20190523T130240454523
 9     210     2.6370      0.0       0.0     2.4812      0.4    0.8       1.063   25.1   0b1111111111111111    20190523T130240454813
10     210     2.6737      0.0       0.0     0.5272      0.4    0.8       5.072   25.1   0b1111111111111111    20190523T130240455092
11     210     2.6512      0.2       0.8     2.4886      0.4    0.8       1.065   25.1   0b1111111111111111    20190523T130240455371
12     210     2.6678      0.0       0.0     0.5243      0.5    1.7       5.088   25.1   0b1111111111111111    20190523T130240455712
13     210     2.6340      0.0       0.0     2.4709      0.3    0.8       1.066   25.1   0b1111111111111111    20190523T130240455994
14     210     2.6723      0.0       0.0     0.5235      0.3    0.8       5.105   25.1   0b1111111111111111    20190523T130240456273
15     210     2.6463      0.4       0.8     2.4863      0.4    0.8       1.064   25.1   0b1111111111111111    20190523T130240456572
 0     200     2.6192      0.3       0.7     0.5157      0.3    0.8       5.079   25.2   0b1111111111111111    20190523T130243901022
 1     200     2.6032      0.0       0.0     2.4576      0.3    0.8       1.059   25.2   0b1111111111111111    20190523T130243901420
 2     200     2.6115      0.0       0.0     0.5128      0.4    0.8       5.093   25.2   0b1111111111111111    20190523T130243901765
 3     200     2.6070      0.0       0.0     2.4513      0.4    0.8       1.064   25.2   0b1111111111111111    20190523T130243902064
 4     200     2.6205      0.0       0.0     0.5166      0.3    0.8       5.073   25.2   0b1111111111111111    20190523T130243902353
 5     200     2.6220      0.0       0.0     2.4605      0.4    0.8       1.066   25.2   0b1111111111111111    20190523T130243902656
 6     200     2.6318      0.0       0.0     0.5181      0.4    0.8       5.080   25.2   0b1111111111111111    20190523T130243902943
 7     200     2.6107      0.0       0.0     2.4609      0.2    0.8       1.061   25.2   0b1111111111111111    20190523T130243903226
 8     200     2.6070      0.0       0.0     0.5119      0.4    0.8       5.093   25.2   0b1111111111111111    20190523T130243903543
 9     200     2.5972      0.0       0.0     2.4434      0.2    0.8       1.063   25.2   0b1111111111111111    20190523T130243903845
10     200     2.6237      0.3       0.7     0.5174      0.3    0.8       5.071   25.2   0b1111111111111111    20190523T130243904127
11     200     2.6145      0.0       0.0     2.4546      0.4    0.8       1.065   25.2   0b1111111111111111    20190523T130243904405
12     200     2.6182      0.2       0.8     0.5145      0.4    0.8       5.089   25.2   0b1111111111111111    20190523T130243904727
13     200     2.5935      0.0       0.0     2.4327      0.3    0.8       1.066   25.2   0b1111111111111111    20190523T130243905034
14     200     2.6224      0.4       0.8     0.5137      0.4    0.8       5.105   25.2   0b1111111111111111    20190523T130243905321
15     200     2.6100      0.0       0.0     2.4521      0.4    0.8       1.064   25.2   0b1111111111111111    20190523T130243905603
 0     190     2.5710      0.0       0.0     0.5060      0.3    0.8       5.081   25.3   0b1111111111111111    20190523T130247346218
 1     190     2.5575      0.0       0.0     2.4148      0.3    0.8       1.059   25.3   0b1111111111111111    20190523T130247346655
 2     190     2.5635      0.0       0.0     0.5034      0.3    0.8       5.092   25.3   0b1111111111111111    20190523T130247346972
 3     190     2.5613      0.0       0.0     2.4084      0.3    0.8       1.063   25.3   0b1111111111111111    20190523T130247347268
 4     190     2.5737      0.4       0.8     0.5074      0.2    0.8       5.072   25.3   0b1111111111111111    20190523T130247347573
 5     190     2.5806      0.3       0.8     2.4210      0.5    1.7       1.066   25.3   0b1111111111111111    20190523T130247347716
 6     190     2.5838      0.0       0.0     0.5085      0.3    0.8       5.081   25.3   0b1111111111111111    20190523T130247347855
 7     190     2.5733      0.0       0.0     2.4257      0.3    0.8       1.061   25.3   0b1111111111111111    20190523T130247347993
 8     190     2.5583      0.0       0.0     0.5024      0.3    0.8       5.092   25.3   0b1111111111111111    20190523T130247348130
 9     190     2.5500      0.0       0.0     2.3987      0.4    0.8       1.063   25.3   0b1111111111111111    20190523T130247348268
10     190     2.5756      0.2       0.8     0.5077      0.3    0.8       5.073   25.3   0b1111111111111111    20190523T130247348416
11     190     2.5681      0.2       0.8     2.4109      0.3    0.8       1.065   25.3   0b1111111111111111    20190523T130247348553
12     190     2.5703      0.0       0.0     0.5048      0.3    0.8       5.091   25.3   0b1111111111111111    20190523T130247348689
13     190     2.5469      0.3       0.7     2.3889      0.4    0.8       1.066   25.3   0b1111111111111111    20190523T130247348825
14     190     2.5770      0.0       0.0     0.5047      0.4    0.8       5.106   25.3   0b1111111111111111    20190523T130247348960
15     190     2.5640      0.3       0.8     2.4091      0.3    0.8       1.064   25.3   0b1111111111111111    20190523T130247349101
 0     180     2.5216      0.2       0.8     0.4963      0.4    0.8       5.081   25.3   0b1111111111111111    20190523T130250799962
 1     180     2.5084      0.4       0.8     2.3682      0.3    0.8       1.059   25.3   0b1111111111111111    20190523T130250800387
 2     180     2.5140      0.0       0.0     0.4935      0.3    0.8       5.094   25.3   0b1111111111111111    20190523T130250800734
 3     180     2.5125      0.0       0.0     2.3623      0.3    0.8       1.064   25.3   0b1111111111111111    20190523T130250801072
 4     180     2.5245      0.0       0.0     0.4977      0.3    0.8       5.073   25.3   0b1111111111111111    20190523T130250801376
 5     180     2.5312      0.0       0.0     2.3750      0.0    0.0       1.066   25.3   0b1111111111111111    20190523T130250801691
 6     180     2.5343      0.0       0.0     0.4986      0.4    0.8       5.083   25.3   0b1111111111111111    20190523T130250801979
 7     180     2.5259      0.2       0.7     2.3809      0.2    0.8       1.061   25.3   0b1111111111111111    20190523T130250802264
 8     180     2.5087      0.0       0.0     0.4925      0.0    0.0       5.094   25.3   0b1111111111111111    20190523T130250802546
 9     180     2.5005      0.0       0.0     2.3523      0.3    0.8       1.063   25.3   0b1111111111111111    20190523T130250802848
10     180     2.5260      0.0       0.0     0.4982      0.3    0.8       5.071   25.3   0b1111111111111111    20190523T130250803177
11     180     2.5185      0.0       0.0     2.3641      0.2    0.8       1.065   25.3   0b1111111111111111    20190523T130250803474
12     180     2.5201      0.2       0.7     0.4950      0.0    0.0       5.091   25.3   0b1111111111111111    20190523T130250803779
13     180     2.4976      0.3       0.8     2.3430      0.4    0.8       1.066   25.3   0b1111111111111111    20190523T130250804062
14     180     2.5275      0.0       0.0     0.4948      0.3    0.8       5.108   25.3   0b1111111111111111    20190523T130250804340
15     180     2.5147      0.0       0.0     2.3625      0.0    0.0       1.064   25.3   0b1111111111111111    20190523T130250804617
 0     170     2.4720      0.0       0.0     0.4865      0.3    0.8       5.081   25.4   0b1111111111111111    20190523T130254253712
 1     170     2.4592      0.2       0.8     2.3213      0.4    0.8       1.059   25.4   0b1111111111111111    20190523T130254254126
 2     170     2.4645      0.0       0.0     0.4838      0.4    0.8       5.094   25.4   0b1111111111111111    20190523T130254254475
 3     170     2.4630      0.0       0.0     2.3158      0.3    0.8       1.064   25.4   0b1111111111111111    20190523T130254254777
 4     170     2.4750      0.0       0.0     0.4878      0.4    0.8       5.073   25.4   0b1111111111111111    20190523T130254255066
 5     170     2.4818      0.2       0.8     2.3287      0.4    0.8       1.066   25.4   0b1111111111111111    20190523T130254255351
 6     170     2.4848      0.0       0.0     0.4888      0.4    0.8       5.083   25.4   0b1111111111111111    20190523T130254255658
 7     170     2.4765      0.0       0.0     2.3342      0.3    0.8       1.061   25.4   0b1111111111111111    20190523T130254255940
 8     170     2.4592      0.2       0.8     0.4825      0.0    0.0       5.097   25.4   0b1111111111111111    20190523T130254256223
 9     170     2.4510      0.0       0.0     2.3058      0.0    0.0       1.063   25.4   0b1111111111111111    20190523T130254256525
10     170     2.4761      0.4       0.8     0.4882      0.2    0.8       5.071   25.4   0b1111111111111111    20190523T130254256848
11     170     2.4690      0.0       0.0     2.3174      0.3    0.8       1.065   25.4   0b1111111111111111    20190523T130254257144
12     170     2.4708      0.4       0.8     0.4852      0.3    0.8       5.093   25.4   0b1111111111111111    20190523T130254257460
13     170     2.4487      0.0       0.0     2.2969      0.4    0.8       1.066   25.4   0b1111111111111111    20190523T130254257649
14     170     2.4780      0.0       0.0     0.4850      0.0    0.0       5.109   25.4   0b1111111111111111    20190523T130254257785
15     170     2.4653      0.0       0.0     2.3160      0.3    0.8       1.064   25.4   0b1111111111111111    20190523T130254257921
 0     160     2.4224      0.2       0.7     0.4767      0.0    0.0       5.082   25.5   0b1111111111111111    20190523T130257702573
 1     160     2.4095      0.3       0.8     2.2749      0.3    0.8       1.059   25.5   0b1111111111111111    20190523T130257702975
 2     160     2.4150      0.0       0.0     0.4742      0.0    0.0       5.093   25.5   0b1111111111111111    20190523T130257703287
 3     160     2.4131      0.4       0.8     2.2690      0.3    0.8       1.064   25.5   0b1111111111111111    20190523T130257703611
 4     160     2.4261      0.3       0.8     0.4781      0.4    0.8       5.075   25.5   0b1111111111111111    20190523T130257703905
 5     160     2.4322      0.0       0.0     2.2822      0.4    0.8       1.066   25.5   0b1111111111111111    20190523T130257704196
 6     160     2.4352      0.0       0.0     0.4792      0.0    0.0       5.082   25.5   0b1111111111111111    20190523T130257704507
 7     160     2.4270      0.0       0.0     2.2876      0.3    0.8       1.061   25.5   0b1111111111111111    20190523T130257704794
 8     160     2.4090      0.0       0.0     0.4730      0.4    0.8       5.093   25.5   0b1111111111111111    20190523T130257705076
 9     160     2.4015      0.0       0.0     2.2591      0.3    0.8       1.063   25.5   0b1111111111111111    20190523T130257705360
10     160     2.4263      0.0       0.0     0.4783      0.0    0.0       5.072   25.5   0b1111111111111111    20190523T130257705675
11     160     2.4187      0.0       0.0     2.2708      0.3    0.8       1.065   25.5   0b1111111111111111    20190523T130257706012
12     160     2.4211      0.3       0.8     0.4756      0.4    0.8       5.091   25.5   0b1111111111111111    20190523T130257706294
13     160     2.3995      0.4       0.8     2.2510      0.3    0.8       1.066   25.5   0b1111111111111111    20190523T130257706595
14     160     2.4278      0.2       0.8     0.4751      0.2    0.8       5.110   25.5   0b1111111111111111    20190523T130257706877
15     160     2.4157      0.0       0.0     2.2695      0.4    0.8       1.064   25.5   0b1111111111111111    20190523T130257707155
 0     150     2.3753      0.0       0.0     0.4675      0.0    0.0       5.081   25.6   0b1111111111111111    20190523T130301178866
 1     150     2.3625      0.0       0.0     2.2302      0.3    0.8       1.059   25.6   0b1111111111111111    20190523T130301179498
 2     150     2.3670      0.0       0.0     0.4647      0.4    0.8       5.093   25.6   0b1111111111111111    20190523T130301179817
 3     150     2.3655      0.0       0.0     2.2241      0.3    0.8       1.064   25.6   0b1111111111111111    20190523T130301180115
 4     150     2.3783      0.0       0.0     0.4688      0.4    0.8       5.073   25.6   0b1111111111111111    20190523T130301180428
 5     150     2.3843      0.0       0.0     2.2372      0.4    0.8       1.066   25.6   0b1111111111111111    20190523T130301180717
 6     150     2.3888      0.0       0.0     0.4700      0.0    0.0       5.082   25.6   0b1111111111111111    20190523T130301181064
 7     150     2.3790      0.0       0.0     2.2425      0.0    0.0       1.061   25.6   0b1111111111111111    20190523T130301181473
 8     150     2.3618      0.0       0.0     0.4633      0.0    0.0       5.097   25.6   0b1111111111111111    20190523T130301181813
 9     150     2.3550      0.0       0.0     2.2153      0.4    0.8       1.063   25.6   0b1111111111111111    20190523T130301182098
10     150     2.3768      0.0       0.0     0.4684      0.2    0.8       5.074   25.6   0b1111111111111111    20190523T130301182378
11     150     2.3702      0.3       0.8     2.2250      0.0    0.0       1.065   25.6   0b1111111111111111    20190523T130301182680
12     150     2.3738      0.0       0.0     0.4660      0.3    0.8       5.094   25.6   0b1111111111111111    20190523T130301182960
13     150     2.3535      0.0       0.0     2.2082      0.3    0.8       1.066   25.6   0b1111111111111111    20190523T130301183237
14     150     2.3798      0.0       0.0     0.4658      0.0    0.0       5.109   25.6   0b1111111111111111    20190523T130301183534
15     150     2.3678      0.0       0.0     2.2247      0.4    0.8       1.064   25.6   0b1111111111111111    20190523T130301183816
 0     140     2.3257      0.0       0.0     0.4575      0.0    0.0       5.084   25.6   0b1111111111111111    20190523T130304636831
 1     140     2.3130      0.0       0.0     2.1839      0.4    0.8       1.059   25.6   0b1111111111111111    20190523T130304637230
 2     140     2.3182      0.0       0.0     0.4550      0.0    0.0       5.095   25.6   0b1111111111111111    20190523T130304637542
 3     140     2.3160      0.0       0.0     2.1780      0.4    0.8       1.063   25.6   0b1111111111111111    20190523T130304637843
 4     140     2.3295      0.0       0.0     0.4592      0.0    0.0       5.073   25.6   0b1111111111111111    20190523T130304637988
 5     140     2.3355      0.0       0.0     2.1911      0.4    0.8       1.066   25.6   0b1111111111111111    20190523T130304638129
 6     140     2.3393      0.0       0.0     0.4601      0.2    0.8       5.084   25.6   0b1111111111111111    20190523T130304638267
 7     140     2.3300      0.3       0.8     2.1962      0.4    0.8       1.061   25.6   0b1111111111111111    20190523T130304638405
 8     140     2.3122      0.0       0.0     0.4539      0.4    0.8       5.094   25.6   0b1111111111111111    20190523T130304638551
 9     140     2.3056      0.3       0.8     2.1691      0.3    0.8       1.063   25.6   0b1111111111111111    20190523T130304638717
10     140     2.3272      0.0       0.0     0.4591      0.3    0.8       5.069   25.6   0b1111111111111111    20190523T130304638860
11     140     2.3211      0.3       0.8     2.1787      0.4    0.8       1.065   25.6   0b1111111111111111    20190523T130304638997
12     140     2.3242      0.0       0.0     0.4558      0.0    0.0       5.099   25.6   0b1111111111111111    20190523T130304639132
13     140     2.3047      0.0       0.0     2.1625      0.0    0.0       1.066   25.6   0b1111111111111111    20190523T130304639268
14     140     2.3303      0.2       0.8     0.4560      0.3    0.8       5.110   25.6   0b1111111111111111    20190523T130304639426
15     140     2.3190      0.0       0.0     2.1784      0.3    0.8       1.065   25.6   0b1111111111111111    20190523T130304639572
 0     130     2.2763      0.0       0.0     0.4477      0.3    0.8       5.085   25.7   0b1111111111111111    20190523T130308092578
 1     130     2.2643      0.0       0.0     2.1376      0.2    0.8       1.059   25.7   0b1111111111111111    20190523T130308092977
 2     130     2.2688      0.0       0.0     0.4450      0.0    0.0       5.098   25.7   0b1111111111111111    20190523T130308093293
 3     130     2.2673      0.0       0.0     2.1317      0.0    0.0       1.064   25.7   0b1111111111111111    20190523T130308093677
 4     130     2.2808      0.0       0.0     0.4493      0.3    0.8       5.076   25.7   0b1111111111111111    20190523T130308094037
 5     130     2.2862      0.3       0.8     2.1450      0.0    0.0       1.066   25.7   0b1111111111111111    20190523T130308094333
 6     130     2.2901      0.4       0.8     0.4503      0.4    0.8       5.085   25.7   0b1111111111111111    20190523T130308094688
 7     130     2.2808      0.0       0.0     2.1500      0.0    0.0       1.061   25.7   0b1111111111111111    20190523T130308094983
 8     130     2.2632      0.4       0.7     0.4442      0.0    0.0       5.095   25.7   0b1111111111111111    20190523T130308095268
 9     130     2.2567      0.0       0.0     2.1229      0.4    0.8       1.063   25.7   0b1111111111111111    20190523T130308095608
10     130     2.2779      0.3       0.8     0.4492      0.0    0.0       5.071   25.7   0b1111111111111111    20190523T130308095894
11     130     2.2718      0.0       0.0     2.1325      0.0    0.0       1.065   25.7   0b1111111111111111    20190523T130308096177
12     130     2.2755      0.0       0.0     0.4467      0.0    0.0       5.094   25.7   0b1111111111111111    20190523T130308096458
13     130     2.2560      0.0       0.0     2.1167      0.0    0.0       1.066   25.7   0b1111111111111111    20190523T130308096788
14     130     2.2813      0.3       0.8     0.4466      0.2    0.8       5.108   25.7   0b1111111111111111    20190523T130308097069
15     130     2.2701      0.3       0.8     2.1324      0.2    0.8       1.065   25.7   0b1111111111111111    20190523T130308097349
 0     120     2.2267      0.0       0.0     0.4381      0.4    0.8       5.083   25.7   0b1111111111111111    20190523T130311594303
 1     120     2.2155      0.0       0.0     2.0913      0.4    0.8       1.059   25.7   0b1111111111111111    20190523T130311594726
 2     120     2.2200      0.0       0.0     0.4358      0.0    0.0       5.094   25.7   0b1111111111111111    20190523T130311595022
 3     120     2.2175      0.3       0.8     2.0849      0.2    0.8       1.064   25.7   0b1111111111111111    20190523T130311595366
 4     120     2.2326      0.3       0.8     0.4400      0.0    0.0       5.074   25.7   0b1111111111111111    20190523T130311595658
 5     120     2.2372      0.0       0.0     2.0987      0.4    0.8       1.066   25.7   0b1111111111111111    20190523T130311595939
 6     120     2.2410      0.0       0.0     0.4408      0.0    0.0       5.084   25.7   0b1111111111111111    20190523T130311596219
 7     120     2.2321      0.3       0.8     2.1042      0.0    0.0       1.061   25.7   0b1111111111111111    20190523T130311596559
 8     120     2.2140      0.0       0.0     0.4343      0.3    0.8       5.097   25.7   0b1111111111111111    20190523T130311596840
 9     120     2.2072      0.0       0.0     2.0758      0.0    0.0       1.063   25.7   0b1111111111111111    20190523T130311597120
10     120     2.2282      0.0       0.0     0.4392      0.0    0.0       5.074   25.7   0b1111111111111111    20190523T130311597454
11     120     2.2220      0.3       0.8     2.0857      0.3    0.8       1.065   25.7   0b1111111111111111    20190523T130311597740
12     120     2.2268      0.2       0.8     0.4368      0.3    0.8       5.098   25.7   0b1111111111111111    20190523T130311598018
13     120     2.2065      0.0       0.0     2.0700      0.0    0.0       1.066   25.7   0b1111111111111111    20190523T130311598350
14     120     2.2320      0.0       0.0     0.4367      0.2    0.8       5.110   25.7   0b1111111111111111    20190523T130311598633
15     120     2.2207      0.0       0.0     2.0858      0.0    0.0       1.065   25.7   0b1111111111111111    20190523T130311598910
 0     110     2.1802      0.2       0.8     0.4287      0.4    0.8       5.086   25.8   0b1111111111111111    20190523T130315059304
 1     110     2.1688      0.3       0.8     2.0469      0.4    0.8       1.060   25.8   0b1111111111111111    20190523T130315059786
 2     110     2.1731      0.4       0.8     0.4266      0.3    0.8       5.094   25.8   0b1111111111111111    20190523T130315060111
 3     110     2.1713      0.0       0.0     2.0410      0.3    0.8       1.064   25.8   0b1111111111111111    20190523T130315060410
 4     110     2.1863      0.0       0.0     0.4308      0.0    0.0       5.074   25.8   0b1111111111111111    20190523T130315060752
 5     110     2.1906      0.3       0.8     2.0548      0.3    0.8       1.066   25.8   0b1111111111111111    20190523T130315061070
 6     110     2.1945      0.0       0.0     0.4315      0.3    0.8       5.086   25.8   0b1111111111111111    20190523T130315061365
 7     110     2.1860      0.3       0.8     2.0600      0.0    0.0       1.061   25.8   0b1111111111111111    20190523T130315061711
 8     110     2.1670      0.3       0.8     0.4249      0.3    0.8       5.100   25.8   0b1111111111111111    20190523T130315062005
 9     110     2.1608      0.2       0.8     2.0325      0.0    0.0       1.063   25.8   0b1111111111111111    20190523T130315062307
10     110     2.1818      0.0       0.0     0.4300      0.0    0.0       5.074   25.8   0b1111111111111111    20190523T130315062660
11     110     2.1751      0.2       0.8     2.0417      0.3    0.8       1.065   25.8   0b1111111111111111    20190523T130315062948
12     110     2.1797      0.3       0.8     0.4276      0.3    0.8       5.098   25.8   0b1111111111111111    20190523T130315063229
13     110     2.1608      0.0       0.0     2.0267      0.0    0.0       1.066   25.8   0b1111111111111111    20190523T130315063508
14     110     2.1855      0.0       0.0     0.4276      0.3    0.8       5.111   25.8   0b1111111111111111    20190523T130315063839
15     110     2.1743      0.0       0.0     2.0417      0.3    0.8       1.065   25.8   0b1111111111111111    20190523T130315064119
 0     100     2.1310      0.4       0.8     0.4192      0.0    0.0       5.084   25.9   0b1111111111111111    20190523T130318525978
 1     100     2.1202      0.0       0.0     2.0008      0.0    0.0       1.060   25.9   0b1111111111111111    20190523T130318526209
 2     100     2.1241      0.3       0.8     0.4167      0.0    0.0       5.098   25.9   0b1111111111111111    20190523T130318526375
 3     100     2.1225      0.0       0.0     1.9951      0.2    0.8       1.064   25.9   0b1111111111111111    20190523T130318526537
 4     100     2.1382      0.0       0.0     0.4210      0.3    0.8       5.079   25.9   0b1111111111111111    20190523T130318526684
 5     100     2.1420      0.0       0.0     2.0090      0.3    0.8       1.066   25.9   0b1111111111111111    20190523T130318526827
 6     100     2.1458      0.0       0.0     0.4217      0.0    0.0       5.089   25.9   0b1111111111111111    20190523T130318526976
 7     100     2.1375      0.0       0.0     2.0142      0.0    0.0       1.061   25.9   0b1111111111111111    20190523T130318527125
 8     100     2.1180      0.0       0.0     0.4152      0.3    0.8       5.102   25.9   0b1111111111111111    20190523T130318527284
 9     100     2.1120      0.0       0.0     1.9864      0.4    0.8       1.063   25.9   0b1111111111111111    20190523T130318527432
10     100     2.1322      0.0       0.0     0.4201      0.2    0.8       5.076   25.9   0b1111111111111111    20190523T130318527570
11     100     2.1262      0.0       0.0     1.9958      0.0    0.0       1.065   25.9   0b1111111111111111    20190523T130318527709
12     100     2.1310      0.4       0.8     0.4178      0.4    0.8       5.100   25.9   0b1111111111111111    20190523T130318527846
13     100     2.1127      0.0       0.0     1.9808      0.0    0.0       1.067   25.9   0b1111111111111111    20190523T130318527983
14     100     2.1367      0.0       0.0     0.4181      0.4    0.8       5.111   25.9   0b1111111111111111    20190523T130318528126
15     100     2.1255      0.0       0.0     1.9957      0.2    0.8       1.065   25.9   0b1111111111111111    20190523T130318528263
 0      90     2.0820      0.0       0.0     0.4092      0.0    0.0       5.088   25.9   0b1111111111111111    20190523T130321969180
 1      90     2.0710      0.3       0.8     1.9543      0.3    0.8       1.060   25.9   0b1111111111111111    20190523T130321969589
 2      90     2.0745      0.0       0.0     0.4067      0.0    0.0       5.101   25.9   0b1111111111111111    20190523T130321969946
 3      90     2.0730      0.0       0.0     1.9483      0.0    0.0       1.064   25.9   0b1111111111111111    20190523T130321970246
 4      90     2.0895      0.0       0.0     0.4116      0.2    0.8       5.077   25.9   0b1111111111111111    20190523T130321970539
 5      90     2.0940      0.0       0.0     1.9636      0.4    0.8       1.066   25.9   0b1111111111111111    20190523T130321970845
 6      90     2.0978      0.0       0.0     0.4123      0.3    0.8       5.088   25.9   0b1111111111111111    20190523T130321971132
 7      90     2.0888      0.0       0.0     1.9677      0.4    0.8       1.061   25.9   0b1111111111111111    20190523T130321971416
 8      90     2.0692      0.0       0.0     0.4057      0.3    0.8       5.101   25.9   0b1111111111111111    20190523T130321971765
 9      90     2.0625      0.0       0.0     1.9396      0.4    0.8       1.063   25.9   0b1111111111111111    20190523T130321972052
10      90     2.0827      0.2       0.8     0.4103      0.4    0.8       5.076   25.9   0b1111111111111111    20190523T130321972331
11      90     2.0768      0.0       0.0     1.9492      0.0    0.0       1.065   25.9   0b1111111111111111    20190523T130321972611
12      90     2.0825      0.3       0.8     0.4082      0.3    0.8       5.101   25.9   0b1111111111111111    20190523T130321972909
13      90     2.0647      0.2       0.8     1.9357      0.3    0.8       1.067   25.9   0b1111111111111111    20190523T130321973188
14      90     2.0880      0.0       0.0     0.4083      0.0    0.0       5.113   25.9   0b1111111111111111    20190523T130321973466
15      90     2.0760      0.0       0.0     1.9492      0.0    0.0       1.065   25.9   0b1111111111111111    20190523T130321973765
 0      80     2.0325      0.0       0.0     0.3994      0.4    0.8       5.089   26.0   0b1111111111111111    20190523T130325416520
 1      80     2.0212      0.0       0.0     1.9075      0.0    0.0       1.060   26.0   0b1111111111111111    20190523T130325416928
 2      80     2.0242      0.0       0.0     0.3967      0.0    0.0       5.103   26.0   0b1111111111111111    20190523T130325417240
 3      80     2.0228      0.2       0.8     1.9017      0.0    0.0       1.064   26.0   0b1111111111111111    20190523T130325417567
 4      80     2.0415      0.0       0.0     0.4017      0.0    0.0       5.083   26.0   0b1111111111111111    20190523T130325417864
 5      80     2.0454      0.3       0.8     1.9178      0.4    0.8       1.067   26.0   0b1111111111111111    20190523T130325418166
 6      80     2.0490      0.0       0.0     0.4025      0.0    0.0       5.091   26.0   0b1111111111111111    20190523T130325418473
 7      80     2.0406      0.3       0.8     1.9223      0.3    0.8       1.062   26.0   0b1111111111111111    20190523T130325418760
 8      80     2.0190      0.0       0.0     0.3958      0.0    0.0       5.101   26.0   0b1111111111111111    20190523T130325419041
 9      80     2.0129      0.2       0.7     1.8924      0.3    0.8       1.064   26.0   0b1111111111111111    20190523T130325419323
10      80     2.0325      0.0       0.0     0.4006      0.4    0.8       5.074   26.0   0b1111111111111111    20190523T130325419667
11      80     2.0272      0.0       0.0     1.9025      0.0    0.0       1.066   26.0   0b1111111111111111    20190523T130325419953
12      80     2.0325      0.0       0.0     0.3983      0.0    0.0       5.103   26.0   0b1111111111111111    20190523T130325420231
13      80     2.0153      0.0       0.0     1.8892      0.0    0.0       1.067   26.0   0b1111111111111111    20190523T130325420533
14      80     2.0385      0.0       0.0     0.3984      0.3    0.8       5.117   26.0   0b1111111111111111    20190523T130325420814
15      80     2.0272      0.0       0.0     1.9030      0.4    0.8       1.065   26.0   0b1111111111111111    20190523T130325421093
 0      70     1.9829      0.2       0.8     0.3896      0.4    0.8       5.090   26.0   0b1111111111111111    20190523T130328865095
 1      70     1.9715      0.4       0.8     1.8600      0.0    0.0       1.060   26.0   0b1111111111111111    20190523T130328865537
 2      70     1.9740      0.0       0.0     0.3868      0.3    0.8       5.103   26.0   0b1111111111111111    20190523T130328865856
 3      70     1.9734      0.3       0.8     1.8550      0.0    0.0       1.064   26.0   0b1111111111111111    20190523T130328866154
 4      70     1.9950      0.0       0.0     0.3925      0.0    0.0       5.083   26.0   0b1111111111111111    20190523T130328866552
 5      70     1.9989      0.3       0.8     1.8743      0.2    0.8       1.067   26.0   0b1111111111111111    20190523T130328866851
 6      70     2.0024      0.2       0.7     0.3933      0.0    0.0       5.091   26.0   0b1111111111111111    20190523T130328867139
 7      70     1.9935      0.0       0.0     1.8782      0.3    0.8       1.061   26.0   0b1111111111111111    20190523T130328867514
 8      70     1.9686      0.3       0.8     0.3858      0.0    0.0       5.102   26.0   0b1111111111111111    20190523T130328867686
 9      70     1.9643      0.0       0.0     1.8467      0.0    0.0       1.064   26.0   0b1111111111111111    20190523T130328867825
10      70     1.9838      0.0       0.0     0.3908      0.0    0.0       5.076   26.0   0b1111111111111111    20190523T130328867962
11      70     1.9777      0.0       0.0     1.8564      0.4    0.8       1.065   26.0   0b1111111111111111    20190523T130328868099
12      70     1.9823      0.2       0.8     0.3883      0.0    0.0       5.105   26.0   0b1111111111111111    20190523T130328868236
13      70     1.9665      0.0       0.0     1.8433      0.0    0.0       1.067   26.0   0b1111111111111111    20190523T130328868372
14      70     1.9897      0.2       0.8     0.3890      0.3    0.8       5.115   26.0   0b1111111111111111    20190523T130328868522
15      70     1.9777      0.0       0.0     1.8566      0.3    0.8       1.065   26.0   0b1111111111111111    20190523T130328868658
 0      60     1.9312      0.0       0.0     0.3792      0.0    0.0       5.093   26.0   0b1111111111111111    20190523T130332319287
 1      60     1.9192      0.0       0.0     1.8108      0.0    0.0       1.060   26.0   0b1111111111111111    20190523T130332319867
 2      60     1.9222      0.0       0.0     0.3767      0.0    0.0       5.103   26.0   0b1111111111111111    20190523T130332320200
 3      60     1.9210      0.4       0.8     1.8058      0.0    0.0       1.064   26.0   0b1111111111111111    20190523T130332320499
 4      60     1.9458      0.4       0.7     0.3828      0.4    0.8       5.083   26.0   0b1111111111111111    20190523T130332320829
 5      60     1.9492      0.0       0.0     1.8274      0.2    0.8       1.067   26.0   0b1111111111111111    20190523T130332321150
 6      60     1.9522      0.0       0.0     0.3834      0.2    0.8       5.092   26.0   0b1111111111111111    20190523T130332321437
 7      60     1.9447      0.0       0.0     1.8317      0.3    0.8       1.062   26.0   0b1111111111111111    20190523T130332321742
 8      60     1.9164      0.3       0.8     0.3754      0.4    0.8       5.105   26.0   0b1111111111111111    20190523T130332322026
 9      60     1.9117      0.2       0.8     1.7968      0.2    0.8       1.064   26.0   0b1111111111111111    20190523T130332322363
10      60     1.9304      0.2       0.8     0.3800      0.0    0.0       5.080   26.0   0b1111111111111111    20190523T130332322676
11      60     1.9260      0.0       0.0     1.8075      0.0    0.0       1.066   26.0   0b1111111111111111    20190523T130332322960
12      60     1.9312      0.0       0.0     0.3782      0.3    0.8       5.107   26.0   0b1111111111111111    20190523T130332323240
13      60     1.9148      0.0       0.0     1.7948      0.3    0.8       1.067   26.0   0b1111111111111111    20190523T130332323520
14      60     1.9380      0.0       0.0     0.3786      0.4    0.8       5.119   26.0   0b1111111111111111    20190523T130332323819
15      60     1.9252      0.0       0.0     1.8075      0.0    0.0       1.065   26.0   0b1111111111111111    20190523T130332324100
 0      50     1.8788      0.0       0.0     0.3692      0.0    0.0       5.089   26.1   0b1111111111111111    20190523T130335780078
 1      50     1.8674      0.3       0.8     1.7617      0.0    0.0       1.060   26.1   0b1111111111111111    20190523T130335780434
 2      50     1.8694      0.4       0.7     0.3661      0.4    0.8       5.107   26.1   0b1111111111111111    20190523T130335780719
 3      50     1.8690      0.0       0.0     1.7573      0.4    0.8       1.064   26.1   0b1111111111111111    20190523T130335780983
 4      50     1.8948      0.4       0.8     0.3726      0.2    0.8       5.086   26.1   0b1111111111111111    20190523T130335781244
 5      50     1.8983      0.0       0.0     1.7793      0.2    0.8       1.067   26.1   0b1111111111111111    20190523T130335781598
 6      50     1.9013      0.0       0.0     0.3732      0.3    0.8       5.095   26.1   0b1111111111111111    20190523T130335781856
 7      50     1.8938      0.0       0.0     1.7842      0.0    0.0       1.061   26.1   0b1111111111111111    20190523T130335782113
 8      50     1.8639      0.3       0.7     0.3650      0.0    0.0       5.107   26.1   0b1111111111111111    20190523T130335782425
 9      50     1.8595      0.4       0.8     1.7483      0.0    0.0       1.064   26.1   0b1111111111111111    20190523T130335782712
10      50     1.8779      0.2       0.8     0.3697      0.4    0.8       5.080   26.1   0b1111111111111111    20190523T130335782965
11      50     1.8735      0.0       0.0     1.7583      0.0    0.0       1.065   26.1   0b1111111111111111    20190523T130335783215
12      50     1.8788      0.0       0.0     0.3676      0.3    0.8       5.111   26.1   0b1111111111111111    20190523T130335783519
13      50     1.8630      0.0       0.0     1.7462      0.4    0.8       1.067   26.1   0b1111111111111111    20190523T130335783771
14      50     1.8859      0.4       0.8     0.3683      0.0    0.0       5.120   26.1   0b1111111111111111    20190523T130335784020
15      50     1.8729      0.3       0.8     1.7582      0.3    0.8       1.065   26.1   0b1111111111111111    20190523T130335784274
 0      40     1.8255      0.0       0.0     0.3584      0.2    0.8       5.093   26.1   0b1111111111111111    20190523T130339244317
 1      40     1.8150      0.0       0.0     1.7120      0.4    0.8       1.060   26.1   0b1111111111111111    20190523T130339244760
 2      40     1.8173      0.0       0.0     0.3558      0.0    0.0       5.107   26.1   0b1111111111111111    20190523T130339245093
 3      40     1.8164      0.2       0.8     1.7074      0.3    0.8       1.064   26.1   0b1111111111111111    20190523T130339245413
 4      40     1.8420      0.0       0.0     0.3625      0.0    0.0       5.081   26.1   0b1111111111111111    20190523T130339245708
 5      40     1.8454      0.4       0.7     1.7300      0.0    0.0       1.067   26.1   0b1111111111111111    20190523T130339245995
 6      40     1.8479      0.2       0.8     0.3625      0.0    0.0       5.098   26.1   0b1111111111111111    20190523T130339246279
 7      40     1.8413      0.0       0.0     1.7343      0.2    0.8       1.062   26.1   0b1111111111111111    20190523T130339246582
 8      40     1.8113      0.0       0.0     0.3542      0.2    0.8       5.113   26.1   0b1111111111111111    20190523T130339246865
 9      40     1.8060      0.0       0.0     1.6980      0.4    0.8       1.064   26.1   0b1111111111111111    20190523T130339247185
10      40     1.8240      0.0       0.0     0.3592      0.0    0.0       5.078   26.1   0b1111111111111111    20190523T130339247501
11      40     1.8205      0.3       0.8     1.7086      0.4    0.8       1.065   26.1   0b1111111111111111    20190523T130339247669
12      40     1.8263      0.0       0.0     0.3575      0.0    0.0       5.108   26.1   0b1111111111111111    20190523T130339247805
13      40     1.8105      0.0       0.0     1.6968      0.3    0.8       1.067   26.1   0b1111111111111111    20190523T130339247942
14      40     1.8329      0.2       0.8     0.3581      0.4    0.8       5.119   26.1   0b1111111111111111    20190523T130339248076
15      40     1.8210      0.0       0.0     1.7093      0.2    0.8       1.065   26.1   0b1111111111111111    20190523T130339248212
 0      30     1.7741      0.4       0.8     0.3483      0.0    0.0       5.093   26.2   0b1111111111111111    20190523T130342691234
 1      30     1.7617      0.0       0.0     1.6617      0.0    0.0       1.060   26.2   0b1111111111111111    20190523T130342691662
 2      30     1.7662      0.2       0.8     0.3458      0.0    0.0       5.107   26.2   0b1111111111111111    20190523T130342691979
 3      30     1.7650      0.4       0.8     1.6592      0.0    0.0       1.064   26.2   0b1111111111111111    20190523T130342692274
 4      30     1.7895      0.0       0.0     0.3517      0.0    0.0       5.089   26.2   0b1111111111111111    20190523T130342692583
 5      30     1.7925      0.0       0.0     1.6800      0.0    0.0       1.067   26.2   0b1111111111111111    20190523T130342692871
 6      30     1.7963      0.0       0.0     0.3523      0.3    0.8       5.098   26.2   0b1111111111111111    20190523T130342693153
 7      30     1.7873      0.0       0.0     1.6837      0.4    0.8       1.062   26.2   0b1111111111111111    20190523T130342693456
 8      30     1.7602      0.0       0.0     0.3443      0.3    0.8       5.112   26.2   0b1111111111111111    20190523T130342693743
 9      30     1.7558      0.0       0.0     1.6507      0.3    0.8       1.064   26.2   0b1111111111111111    20190523T130342694090
10      30     1.7730      0.0       0.0     0.3492      0.0    0.0       5.078   26.2   0b1111111111111111    20190523T130342694372
11      30     1.7677      0.0       0.0     1.6593      0.3    0.8       1.065   26.2   0b1111111111111111    20190523T130342694676
12      30     1.7745      0.0       0.0     0.3468      0.3    0.8       5.116   26.2   0b1111111111111111    20190523T130342694956
13      30     1.7588      0.2       0.8     1.6484      0.2    0.8       1.067   26.2   0b1111111111111111    20190523T130342695233
14      30     1.7802      0.4       0.8     0.3475      0.0    0.0       5.123   26.2   0b1111111111111111    20190523T130342695534
15      30     1.7692      0.0       0.0     1.6607      0.3    0.8       1.065   26.2   0b1111111111111111    20190523T130342695815
 0      20     1.7228      0.0       0.0     0.3383      0.0    0.0       5.092   26.3   0b1111111111111111    20190523T130346138819
 1      20     1.7102      0.3       0.7     1.6133      0.0    0.0       1.060   26.3   0b1111111111111111    20190523T130346139232
 2      20     1.7145      0.0       0.0     0.3357      0.3    0.8       5.108   26.3   0b1111111111111111    20190523T130346139581
 3      20     1.7141      0.4       0.7     1.6109      0.2    0.8       1.064   26.3   0b1111111111111111    20190523T130346139884
 4      20     1.7375      0.4       0.8     0.3417      0.0    0.0       5.085   26.3   0b1111111111111111    20190523T130346140175
 5      20     1.7394      0.3       0.7     1.6307      0.3    0.8       1.067   26.3   0b1111111111111111    20190523T130346140487
 6      20     1.7437      0.0       0.0     0.3417      0.3    0.8       5.102   26.3   0b1111111111111111    20190523T130346140774
 7      20     1.7355      0.0       0.0     1.6347      0.4    0.8       1.062   26.3   0b1111111111111111    20190523T130346141056
 8      20     1.7093      0.0       0.0     0.3342      0.0    0.0       5.115   26.3   0b1111111111111111    20190523T130346141338
 9      20     1.7047      0.2       0.8     1.6024      0.3    0.8       1.064   26.3   0b1111111111111111    20190523T130346141681
10      20     1.7212      0.0       0.0     0.3389      0.4    0.8       5.079   26.3   0b1111111111111111    20190523T130346142017
11      20     1.7160      0.0       0.0     1.6108      0.3    0.8       1.065   26.3   0b1111111111111111    20190523T130346142306
12      20     1.7228      0.0       0.0     0.3367      0.0    0.0       5.117   26.3   0b1111111111111111    20190523T130346142614
13      20     1.7084      0.2       0.8     1.6008      0.0    0.0       1.067   26.3   0b1111111111111111    20190523T130346142895
14      20     1.7285      0.4       0.8     0.3375      0.0    0.0       5.121   26.3   0b1111111111111111    20190523T130346143173
15      20     1.7175      0.0       0.0     1.6121      0.4    0.8       1.065   26.3   0b1111111111111111    20190523T130346143474
 0      10     1.6710      0.0       0.0     0.3280      0.4    0.8       5.095   26.3   0b1111111111111111    20190523T130349604032
 1      10     1.6590      0.0       0.0     1.5650      0.0    0.0       1.060   26.3   0b1111111111111111    20190523T130349604439
 2      10     1.6630      0.3       0.7     0.3254      0.4    0.8       5.110   26.3   0b1111111111111111    20190523T130349604787
 3      10     1.6628      0.0       0.0     1.5627      0.3    0.8       1.064   26.3   0b1111111111111111    20190523T130349605089
 4      10     1.6852      0.0       0.0     0.3311      0.4    0.8       5.090   26.3   0b1111111111111111    20190523T130349605380
 5      10     1.6875      0.0       0.0     1.5817      0.0    0.0       1.067   26.3   0b1111111111111111    20190523T130349605692
 6      10     1.6913      0.0       0.0     0.3317      0.0    0.0       5.099   26.3   0b1111111111111111    20190523T130349605976
 7      10     1.6830      0.0       0.0     1.5854      0.4    0.8       1.062   26.3   0b1111111111111111    20190523T130349606259
 8      10     1.6575      0.0       0.0     0.3242      0.0    0.0       5.113   26.3   0b1111111111111111    20190523T130349606598
 9      10     1.6530      0.0       0.0     1.5542      0.0    0.0       1.064   26.3   0b1111111111111111    20190523T130349606911
10      10     1.6695      0.0       0.0     0.3284      0.2    0.8       5.083   26.3   0b1111111111111111    20190523T130349607194
11      10     1.6650      0.0       0.0     1.5624      0.2    0.8       1.066   26.3   0b1111111111111111    20190523T130349607476
12      10     1.6710      0.0       0.0     0.3267      0.0    0.0       5.115   26.3   0b1111111111111111    20190523T130349607801
13      10     1.6574      0.3       0.8     1.5529      0.4    0.8       1.067   26.3   0b1111111111111111    20190523T130349607941
14      10     1.6770      0.0       0.0     0.3273      0.4    0.8       5.125   26.3   0b1111111111111111    20190523T130349608076
15      10     1.6665      0.0       0.0     1.5642      0.0    0.0       1.065   26.3   0b1111111111111111    20190523T130349608212
 0       0     1.6192      0.0       0.0     0.3175      0.0    0.0       5.100   26.3   0b1111111111111111    20190523T130353052222
 1       0     1.6080      0.0       0.0     1.5168      0.3    0.8       1.060   26.3   0b1111111111111111    20190523T130353052476
 2       0     1.6120      0.3       0.8     0.3153      0.4    0.8       5.112   26.3   0b1111111111111111    20190523T130353052654
 3       0     1.6115      0.4       0.8     1.5145      0.4    0.8       1.064   26.3   0b1111111111111111    20190523T130353052816
 4       0     1.6335      0.0       0.0     0.3208      0.0    0.0       5.091   26.3   0b1111111111111111    20190523T130353052970
 5       0     1.6350      0.0       0.0     1.5324      0.3    0.8       1.067   26.3   0b1111111111111111    20190523T130353053117
 6       0     1.6384      0.4       0.8     0.3208      0.0    0.0       5.107   26.3   0b1111111111111111    20190523T130353053262
 7       0     1.6313      0.0       0.0     1.5363      0.4    0.8       1.062   26.3   0b1111111111111111    20190523T130353053442
 8       0     1.6058      0.0       0.0     0.3138      0.4    0.8       5.117   26.3   0b1111111111111111    20190523T130353053595
 9       0     1.6013      0.0       0.0     1.5050      0.0    0.0       1.064   26.3   0b1111111111111111    20190523T130353053736
10       0     1.6170      0.0       0.0     0.3183      0.2    0.8       5.081   26.3   0b1111111111111111    20190523T130353053875
11       0     1.6131      0.3       0.8     1.5139      0.4    0.8       1.066   26.3   0b1111111111111111    20190523T130353054014
12       0     1.6200      0.0       0.0     0.3167      0.0    0.0       5.116   26.3   0b1111111111111111    20190523T130353054152
13       0     1.6065      0.0       0.0     1.5050      0.0    0.0       1.067   26.3   0b1111111111111111    20190523T130353054289
14       0     1.6252      0.2       0.8     0.3168      0.3    0.8       5.129   26.3   0b1111111111111111    20190523T130353054430
15       0     1.6157      0.3       0.8     1.5165      0.3    0.8       1.065   26.3   0b1111111111111111    20190523T130353054567
