CH# Vset[DAC]   V[V]    dVRMS[mV] dVpp[mV]    I[A]  dIRMS[mA] dIpp[mA]   R[ohm]   T[C]   State                Timestamp
 0     250     2.8245      0.0       0.0     0.2800      0.4    1.7      10.087   24.9   0b1111111111111111    20190531T150435671234
 1     250     2.8283      0.0       0.0     1.2452      0.6    2.5       2.271   24.9   0b1111111111111111    20190531T150435671729
 2     250     2.8410      0.0       0.0     0.2816      1.1    4.2      10.089   24.9   0b1111111111111111    20190531T150435672043
 3     250     2.8418      0.0       0.0     1.2511      0.5    1.7       2.271   24.9   0b1111111111111111    20190531T150435672362
 4     250     2.8190      0.4       0.8     0.2794      0.7    2.5      10.089   24.9   0b1111111111111111    20190531T150435672715
 5     250     2.8155      0.0       0.0     1.2369      0.5    1.7       2.276   24.9   0b1111111111111111    20190531T150435673010
 6     250     2.8403      0.0       0.0     0.2801      0.7    2.5      10.141   24.9   0b1111111111111111    20190531T150435673297
 7     250     2.8125      0.0       0.0     1.2351      0.4    1.7       2.277   24.9   0b1111111111111111    20190531T150435673638
 8     250     2.8582      0.0       0.0     0.2853      0.4    0.8      10.020   24.9   0b1111111111111111    20190531T150435673931
 9     250     2.8605      0.0       0.0     1.2542      0.7    2.5       2.281   24.9   0b1111111111111111    20190531T150435674215
10     250     2.8468      0.3       0.7     0.2830      0.6    1.7      10.059   24.9   0b1111111111111111    20190531T150435674497
11     250     2.8431      0.3       0.8     1.2510      0.6    1.7       2.273   24.9   0b1111111111111111    20190531T150435674836
12     250     2.8400      0.3       0.7     0.2801      0.7    1.7      10.140   24.9   0b1111111111111111    20190531T150435675119
13     250     2.8433      0.0       0.0     1.2456      0.5    1.7       2.283   24.9   0b1111111111111111    20190531T150435675399
14     250     2.8717      0.0       0.0     0.2850      1.2    5.0      10.076   24.9   0b1111111111111111    20190531T150435675730
15     250     2.8627      0.0       0.0     1.2376      0.9    2.5       2.313   24.9   0b1111111111111111    20190531T150435676016
 0     240     2.7766      0.2       0.8     0.2752      0.4    0.8      10.087   25.0   0b1111111111111111    20190531T150439137640
 1     240     2.7817      0.0       0.0     1.2249      0.4    1.7       2.271   25.0   0b1111111111111111    20190531T150439138024
 2     240     2.7930      0.0       0.0     0.2772      0.4    0.8      10.077   25.0   0b1111111111111111    20190531T150439138322
 3     240     2.7962      0.3       0.8     1.2311      0.4    0.8       2.271   25.0   0b1111111111111111    20190531T150439138679
 4     240     2.7712      0.2       0.8     0.2747      0.4    0.8      10.086   25.0   0b1111111111111111    20190531T150439138971
 5     240     2.7689      0.2       0.7     1.2166      0.3    0.8       2.276   25.0   0b1111111111111111    20190531T150439139255
 6     240     2.7922      0.0       0.0     0.2758      0.4    1.7      10.126   25.0   0b1111111111111111    20190531T150439139591
 7     240     2.7668      0.0       0.0     1.2148      0.3    0.8       2.277   25.0   0b1111111111111111    20190531T150439139881
 8     240     2.8095      0.0       0.0     0.2803      0.4    0.8      10.022   25.0   0b1111111111111111    20190531T150439140161
 9     240     2.8165      0.3       0.8     1.2348      0.6    1.7       2.281   25.0   0b1111111111111111    20190531T150439140537
10     240     2.7982      0.0       0.0     0.2779      0.4    0.8      10.069   25.0   0b1111111111111111    20190531T150439140838
11     240     2.7967      0.0       0.0     1.2308      0.5    1.7       2.272   25.0   0b1111111111111111    20190531T150439141156
12     240     2.7915      0.0       0.0     0.2753      0.4    0.8      10.139   25.0   0b1111111111111111    20190531T150439141506
13     240     2.7967      0.0       0.0     1.2256      0.7    2.5       2.282   25.0   0b1111111111111111    20190531T150439141798
14     240     2.8230      0.0       0.0     0.2799      0.6    1.7      10.085   25.0   0b1111111111111111    20190531T150439142095
15     240     2.8185      0.0       0.0     1.2192      0.5    1.7       2.312   25.0   0b1111111111111111    20190531T150439142376
 0     230     2.7301      0.2       0.8     0.2703      0.4    0.8      10.099   25.1   0b1111111111111111    20190531T150442591850
 1     230     2.7359      0.2       0.8     1.2046      0.4    0.8       2.271   25.1   0b1111111111111111    20190531T150442592258
 2     230     2.7465      0.0       0.0     0.2723      0.5    1.7      10.085   25.1   0b1111111111111111    20190531T150442592558
 3     230     2.7503      0.0       0.0     1.2108      0.4    1.7       2.271   25.1   0b1111111111111111    20190531T150442592921
 4     230     2.7247      0.0       0.0     0.2703      0.4    0.8      10.079   25.1   0b1111111111111111    20190531T150442593216
 5     230     2.7225      0.0       0.0     1.1967      0.0    0.0       2.275   25.1   0b1111111111111111    20190531T150442593502
 6     230     2.7451      0.2       0.8     0.2712      0.4    0.8      10.123   25.1   0b1111111111111111    20190531T150442593838
 7     230     2.7203      0.0       0.0     1.1944      0.4    0.8       2.277   25.1   0b1111111111111111    20190531T150442594125
 8     230     2.7623      0.0       0.0     0.2762      0.4    0.8       9.999   25.1   0b1111111111111111    20190531T150442594522
 9     230     2.7698      0.2       0.8     1.2144      0.4    0.8       2.281   25.1   0b1111111111111111    20190531T150442594869
10     230     2.7510      0.0       0.0     0.2734      0.4    1.7      10.062   25.1   0b1111111111111111    20190531T150442595159
11     230     2.7503      0.0       0.0     1.2100      0.4    1.7       2.273   25.1   0b1111111111111111    20190531T150442595442
12     230     2.7443      0.0       0.0     0.2707      0.3    0.8      10.139   25.1   0b1111111111111111    20190531T150442595780
13     230     2.7495      0.0       0.0     1.2051      0.6    1.7       2.282   25.1   0b1111111111111111    20190531T150442596068
14     230     2.7750      0.0       0.0     0.2759      0.4    1.7      10.057   25.1   0b1111111111111111    20190531T150442596348
15     230     2.7720      0.0       0.0     1.1989      0.4    0.8       2.312   25.1   0b1111111111111111    20190531T150442596629
 0     220     2.6827      0.0       0.0     0.2657      0.3    0.8      10.095   25.1   0b1111111111111111    20190531T150446077782
 1     220     2.6887      0.0       0.0     1.1842      0.0    0.0       2.271   25.1   0b1111111111111111    20190531T150446078094
 2     220     2.6986      0.3       0.8     0.2678      0.4    0.8      10.079   25.1   0b1111111111111111    20190531T150446078368
 3     220     2.7015      0.0       0.0     1.1892      0.3    0.8       2.272   25.1   0b1111111111111111    20190531T150446078621
 4     220     2.6767      0.0       0.0     0.2651      0.3    0.8      10.098   25.1   0b1111111111111111    20190531T150446078880
 5     220     2.6749      0.4       0.7     1.1758      0.2    0.8       2.275   25.1   0b1111111111111111    20190531T150446079130
 6     220     2.6970      0.0       0.0     0.2664      0.4    0.8      10.123   25.1   0b1111111111111111    20190531T150446079398
 7     220     2.6723      0.0       0.0     1.1735      0.3    0.8       2.277   25.1   0b1111111111111111    20190531T150446079652
 8     220     2.7135      0.0       0.0     0.2708      0.0    0.0      10.019   25.1   0b1111111111111111    20190531T150446079903
 9     220     2.7210      0.0       0.0     1.1931      0.4    0.8       2.281   25.1   0b1111111111111111    20190531T150446080170
10     220     2.7022      0.0       0.0     0.2686      0.5    1.7      10.061   25.1   0b1111111111111111    20190531T150446080424
11     220     2.7007      0.0       0.0     1.1887      0.4    0.8       2.272   25.1   0b1111111111111111    20190531T150446080672
12     220     2.6947      0.0       0.0     0.2658      0.0    0.0      10.137   25.1   0b1111111111111111    20190531T150446080908
13     220     2.7007      0.0       0.0     1.1837      0.4    0.8       2.282   25.1   0b1111111111111111    20190531T150446081166
14     220     2.7242      0.3       0.7     0.2705      0.4    0.8      10.071   25.1   0b1111111111111111    20190531T150446081436
15     220     2.7225      0.0       0.0     1.1778      0.4    0.8       2.312   25.1   0b1111111111111111    20190531T150446081691
 0     210     2.6348      0.0       0.0     0.2608      0.0    0.0      10.101   25.2   0b1111111111111111    20190531T150449539831
 1     210     2.6408      0.0       0.0     1.1632      0.3    0.8       2.270   25.2   0b1111111111111111    20190531T150449540237
 2     210     2.6505      0.0       0.0     0.2628      0.4    0.8      10.084   25.2   0b1111111111111111    20190531T150449540544
 3     210     2.6534      0.2       0.8     1.1683      0.2    0.8       2.271   25.2   0b1111111111111111    20190531T150449540940
 4     210     2.6288      0.0       0.0     0.2604      0.4    0.8      10.094   25.2   0b1111111111111111    20190531T150449541240
 5     210     2.6269      0.4       0.8     1.1543      0.3    0.8       2.276   25.2   0b1111111111111111    20190531T150449541526
 6     210     2.6489      0.2       0.8     0.2615      0.3    0.8      10.130   25.2   0b1111111111111111    20190531T150449541870
 7     210     2.6242      0.0       0.0     1.1523      0.3    0.8       2.277   25.2   0b1111111111111111    20190531T150449542218
 8     210     2.6640      0.0       0.0     0.2660      0.3    0.8      10.015   25.2   0b1111111111111111    20190531T150449542510
 9     210     2.6718      0.4       0.8     1.1716      0.2    0.8       2.281   25.2   0b1111111111111111    20190531T150449542857
10     210     2.6535      0.0       0.0     0.2638      0.4    0.8      10.057   25.2   0b1111111111111111    20190531T150449543145
11     210     2.6520      0.0       0.0     1.1671      0.4    0.8       2.272   25.2   0b1111111111111111    20190531T150449543428
12     210     2.6453      0.2       0.8     0.2609      0.3    0.8      10.139   25.2   0b1111111111111111    20190531T150449543769
13     210     2.6517      0.4       0.8     1.1622      0.4    0.8       2.282   25.2   0b1111111111111111    20190531T150449544056
14     210     2.6751      0.3       0.7     0.2657      0.3    0.8      10.066   25.2   0b1111111111111111    20190531T150449544336
15     210     2.6732      0.3       0.7     1.1567      0.0    0.0       2.311   25.2   0b1111111111111111    20190531T150449544617
 0     200     2.5861      0.2       0.7     0.2560      0.3    0.8      10.102   25.3   0b1111111111111111    20190531T150452994348
 1     200     2.5924      0.4       0.8     1.1419      0.4    0.8       2.270   25.3   0b1111111111111111    20190531T150452994834
 2     200     2.6017      0.0       0.0     0.2582      0.3    0.8      10.078   25.3   0b1111111111111111    20190531T150452995148
 3     200     2.6045      0.3       0.8     1.1467      0.2    0.8       2.271   25.3   0b1111111111111111    20190531T150452995505
 4     200     2.5800      0.0       0.0     0.2556      0.4    0.8      10.095   25.3   0b1111111111111111    20190531T150452995801
 5     200     2.5785      0.0       0.0     1.1334      0.2    0.8       2.275   25.3   0b1111111111111111    20190531T150452996091
 6     200     2.6000      0.3       0.7     0.2565      0.3    0.8      10.137   25.3   0b1111111111111111    20190531T150452996374
 7     200     2.5763      0.0       0.0     1.1313      0.4    0.8       2.277   25.3   0b1111111111111111    20190531T150452996710
 8     200     2.6145      0.0       0.0     0.2610      0.3    0.8      10.017   25.3   0b1111111111111111    20190531T150452997049
 9     200     2.6227      0.0       0.0     1.1499      0.3    0.8       2.281   25.3   0b1111111111111111    20190531T150452997340
10     200     2.6047      0.0       0.0     0.2591      0.3    0.8      10.054   25.3   0b1111111111111111    20190531T150452997612
11     200     2.6032      0.0       0.0     1.1457      0.3    0.8       2.272   25.3   0b1111111111111111    20190531T150452997752
12     200     2.5965      0.0       0.0     0.2559      0.2    0.8      10.146   25.3   0b1111111111111111    20190531T150452997895
13     200     2.6025      0.0       0.0     1.1409      0.2    0.8       2.281   25.3   0b1111111111111111    20190531T150452998032
14     200     2.6250      0.0       0.0     0.2607      0.3    0.8      10.070   25.3   0b1111111111111111    20190531T150452998167
15     200     2.6236      0.2       0.7     1.1352      0.3    0.8       2.311   25.3   0b1111111111111111    20190531T150452998303
 0     190     2.5402      0.0       0.0     0.2514      0.4    0.8      10.104   25.3   0b1111111111111111    20190531T150456446507
 1     190     2.5463      0.0       0.0     1.1216      0.3    0.8       2.270   25.3   0b1111111111111111    20190531T150456446928
 2     190     2.5552      0.2       0.8     0.2534      0.2    0.8      10.083   25.3   0b1111111111111111    20190531T150456447242
 3     190     2.5583      0.0       0.0     1.1266      0.2    0.8       2.271   25.3   0b1111111111111111    20190531T150456447572
 4     190     2.5343      0.0       0.0     0.2508      0.0    0.0      10.103   25.3   0b1111111111111111    20190531T150456447719
 5     190     2.5322      0.3       0.8     1.1130      0.4    0.8       2.275   25.3   0b1111111111111111    20190531T150456447861
 6     190     2.5538      0.0       0.0     0.2518      0.3    0.8      10.141   25.3   0b1111111111111111    20190531T150456448002
 7     190     2.5298      0.0       0.0     1.1109      0.2    0.8       2.277   25.3   0b1111111111111111    20190531T150456448201
 8     190     2.5673      0.2       0.7     0.2565      0.3    0.8      10.009   25.3   0b1111111111111111    20190531T150456448345
 9     190     2.5753      0.3       0.8     1.1292      0.0    0.0       2.281   25.3   0b1111111111111111    20190531T150456448513
10     190     2.5575      0.0       0.0     0.2542      0.4    1.7      10.062   25.3   0b1111111111111111    20190531T150456448654
11     190     2.5568      0.0       0.0     1.1251      0.3    0.8       2.272   25.3   0b1111111111111111    20190531T150456448817
12     190     2.5493      0.0       0.0     0.2513      0.4    0.8      10.143   25.3   0b1111111111111111    20190531T150456448957
13     190     2.5553      0.0       0.0     1.1200      0.0    0.0       2.281   25.3   0b1111111111111111    20190531T150456449095
14     190     2.5770      0.0       0.0     0.2558      0.0    0.0      10.073   25.3   0b1111111111111111    20190531T150456449231
15     190     2.5763      0.0       0.0     1.1147      0.4    0.8       2.311   25.3   0b1111111111111111    20190531T150456449367
 0     180     2.4921      0.3       0.8     0.2467      0.0    0.0      10.103   25.4   0b1111111111111111    20190531T150459901365
 1     180     2.4982      0.0       0.0     1.1002      0.3    0.8       2.271   25.4   0b1111111111111111    20190531T150459901849
 2     180     2.5065      0.0       0.0     0.2487      0.4    0.8      10.076   25.4   0b1111111111111111    20190531T150459902164
 3     180     2.5102      0.0       0.0     1.1051      0.2    0.8       2.272   25.4   0b1111111111111111    20190531T150459902522
 4     180     2.4856      0.2       0.7     0.2461      0.4    0.8      10.101   25.4   0b1111111111111111    20190531T150459902819
 5     180     2.4841      0.3       0.8     1.0919      0.4    0.8       2.275   25.4   0b1111111111111111    20190531T150459903105
 6     180     2.5050      0.0       0.0     0.2470      0.4    0.8      10.142   25.4   0b1111111111111111    20190531T150459903410
 7     180     2.4823      0.3       0.8     1.0900      0.0    0.0       2.277   25.4   0b1111111111111111    20190531T150459903784
 8     180     2.5185      0.0       0.0     0.2514      0.4    0.8      10.017   25.4   0b1111111111111111    20190531T150459904076
 9     180     2.5260      0.0       0.0     1.1075      0.0    0.0       2.281   25.4   0b1111111111111111    20190531T150459904359
10     180     2.5087      0.0       0.0     0.2492      0.0    0.0      10.069   25.4   0b1111111111111111    20190531T150459904713
11     180     2.5076      0.4       0.8     1.1035      0.3    0.8       2.272   25.4   0b1111111111111111    20190531T150459905054
12     180     2.5005      0.0       0.0     0.2463      0.4    0.8      10.151   25.4   0b1111111111111111    20190531T150459905337
13     180     2.5057      0.0       0.0     1.0983      0.0    0.0       2.281   25.4   0b1111111111111111    20190531T150459905679
14     180     2.5275      0.0       0.0     0.2508      0.0    0.0      10.076   25.4   0b1111111111111111    20190531T150459905963
15     180     2.5267      0.0       0.0     1.0933      0.0    0.0       2.311   25.4   0b1111111111111111    20190531T150459906249
 0     170     2.4435      0.0       0.0     0.2417      0.0    0.0      10.111   25.5   0b1111111111111111    20190531T150503353602
 1     170     2.4502      0.2       0.7     1.0792      0.0    0.0       2.270   25.5   0b1111111111111111    20190531T150503353807
 2     170     2.4584      0.2       0.8     0.2438      0.4    0.8      10.082   25.5   0b1111111111111111    20190531T150503353953
 3     170     2.4615      0.0       0.0     1.0838      0.4    0.8       2.271   25.5   0b1111111111111111    20190531T150503354095
 4     170     2.4375      0.0       0.0     0.2412      0.4    0.8      10.107   25.5   0b1111111111111111    20190531T150503354235
 5     170     2.4367      0.0       0.0     1.0710      0.3    0.8       2.275   25.5   0b1111111111111111    20190531T150503354518
 6     170     2.4566      0.4       0.8     0.2424      0.2    0.8      10.134   25.5   0b1111111111111111    20190531T150503354666
 7     170     2.4345      0.0       0.0     1.0693      0.2    0.8       2.277   25.5   0b1111111111111111    20190531T150503354805
 8     170     2.4698      0.0       0.0     0.2465      0.3    0.8      10.019   25.5   0b1111111111111111    20190531T150503354942
 9     170     2.4772      0.2       0.8     1.0859      0.2    0.8       2.281   25.5   0b1111111111111111    20190531T150503355080
10     170     2.4600      0.0       0.0     0.2443      0.3    0.8      10.068   25.5   0b1111111111111111    20190531T150503355215
11     170     2.4593      0.0       0.0     1.0820      0.4    0.8       2.273   25.5   0b1111111111111111    20190531T150503355351
12     170     2.4514      0.4       0.8     0.2416      0.2    0.8      10.147   25.5   0b1111111111111111    20190531T150503355497
13     170     2.4570      0.0       0.0     1.0771      0.4    0.8       2.281   25.5   0b1111111111111111    20190531T150503355634
14     170     2.4780      0.0       0.0     0.2459      0.2    0.8      10.077   25.5   0b1111111111111111    20190531T150503355769
15     170     2.4776      0.4       0.8     1.0721      0.4    0.8       2.311   25.5   0b1111111111111111    20190531T150503355905
 0     160     2.3955      0.0       0.0     0.2368      0.3    0.8      10.115   25.5   0b1111111111111111    20190531T150506809941
 1     160     2.4018      0.4       0.8     1.0582      0.3    0.8       2.270   25.5   0b1111111111111111    20190531T150506810348
 2     160     2.4097      0.0       0.0     0.2390      0.3    0.8      10.083   25.5   0b1111111111111111    20190531T150506810746
 3     160     2.4127      0.0       0.0     1.0625      0.0    0.0       2.271   25.5   0b1111111111111111    20190531T150506811108
 4     160     2.3895      0.0       0.0     0.2366      0.2    0.8      10.100   25.5   0b1111111111111111    20190531T150506811460
 5     160     2.3881      0.2       0.8     1.0499      0.3    0.8       2.275   25.5   0b1111111111111111    20190531T150506811770
 6     160     2.4079      0.4       0.7     0.2375      0.0    0.0      10.138   25.5   0b1111111111111111    20190531T150506812055
 7     160     2.3865      0.0       0.0     1.0483      0.3    0.8       2.277   25.5   0b1111111111111111    20190531T150506812415
 8     160     2.4203      0.2       0.8     0.2417      0.0    0.0      10.015   25.5   0b1111111111111111    20190531T150506812739
 9     160     2.4277      0.0       0.0     1.0642      0.0    0.0       2.281   25.5   0b1111111111111111    20190531T150506813030
10     160     2.4106      0.3       0.8     0.2396      0.4    0.8      10.062   25.5   0b1111111111111111    20190531T150506813492
11     160     2.4105      0.0       0.0     1.0608      0.0    0.0       2.272   25.5   0b1111111111111111    20190531T150506813788
12     160     2.4022      0.0       0.0     0.2367      0.0    0.0      10.150   25.5   0b1111111111111111    20190531T150506814069
13     160     2.4077      0.3       0.7     1.0556      0.4    0.8       2.281   25.5   0b1111111111111111    20190531T150506814350
14     160     2.4284      0.2       0.8     0.2409      0.2    0.8      10.080   25.5   0b1111111111111111    20190531T150506814687
15     160     2.4280      0.3       0.8     1.0506      0.4    0.8       2.311   25.5   0b1111111111111111    20190531T150506815022
 0     150     2.3511      0.3       0.8     0.2324      0.2    0.8      10.116   25.6   0b1111111111111111    20190531T150510266561
 1     150     2.3559      0.3       0.8     1.0378      0.4    0.8       2.270   25.6   0b1111111111111111    20190531T150510266958
 2     150     2.3639      0.2       0.8     0.2342      0.0    0.0      10.095   25.6   0b1111111111111111    20190531T150510267256
 3     150     2.3670      0.0       0.0     1.0425      0.0    0.0       2.271   25.6   0b1111111111111111    20190531T150510267573
 4     150     2.3430      0.0       0.0     0.2317      0.0    0.0      10.114   25.6   0b1111111111111111    20190531T150510267716
 5     150     2.3429      0.2       0.8     1.0296      0.4    0.8       2.276   25.6   0b1111111111111111    20190531T150510267855
 6     150     2.3618      0.0       0.0     0.2326      0.2    0.8      10.154   25.6   0b1111111111111111    20190531T150510267993
 7     150     2.3400      0.0       0.0     1.0276      0.2    0.8       2.277   25.6   0b1111111111111111    20190531T150510268129
 8     150     2.3738      0.0       0.0     0.2368      0.3    0.8      10.023   25.6   0b1111111111111111    20190531T150510268265
 9     150     2.3806      0.2       0.8     1.0433      0.0    0.0       2.282   25.6   0b1111111111111111    20190531T150510268429
10     150     2.3642      0.3       0.8     0.2350      0.0    0.0      10.060   25.6   0b1111111111111111    20190531T150510268568
11     150     2.3636      0.4       0.8     1.0400      0.0    0.0       2.273   25.6   0b1111111111111111    20190531T150510268705
12     150     2.3558      0.0       0.0     0.2317      0.0    0.0      10.169   25.6   0b1111111111111111    20190531T150510268840
13     150     2.3605      0.3       0.7     1.0349      0.3    0.8       2.281   25.6   0b1111111111111111    20190531T150510268976
14     150     2.3813      0.0       0.0     0.2363      0.4    0.8      10.076   25.6   0b1111111111111111    20190531T150510269134
15     150     2.3805      0.0       0.0     1.0300      0.0    0.0       2.311   25.6   0b1111111111111111    20190531T150510269279
 0     140     2.3032      0.0       0.0     0.2275      0.0    0.0      10.124   25.6   0b1111111111111111    20190531T150513736377
 1     140     2.3085      0.0       0.0     1.0167      0.0    0.0       2.271   25.6   0b1111111111111111    20190531T150513736825
 2     140     2.3155      0.4       0.8     0.2294      0.4    0.8      10.093   25.6   0b1111111111111111    20190531T150513737115
 3     140     2.3190      0.0       0.0     1.0209      0.3    0.8       2.271   25.6   0b1111111111111111    20190531T150513737418
 4     140     2.2952      0.3       0.7     0.2267      0.0    0.0      10.126   25.6   0b1111111111111111    20190531T150513737713
 5     140     2.2952      0.3       0.7     1.0085      0.3    0.8       2.276   25.6   0b1111111111111111    20190531T150513737857
 6     140     2.3137      0.0       0.0     0.2282      0.3    0.8      10.141   25.6   0b1111111111111111    20190531T150513737996
 7     140     2.2928      0.0       0.0     1.0067      0.0    0.0       2.278   25.6   0b1111111111111111    20190531T150513738136
 8     140     2.3250      0.0       0.0     0.2319      0.4    0.8      10.025   25.6   0b1111111111111111    20190531T150513738281
 9     140     2.3320      0.4       0.8     1.0217      0.0    0.0       2.283   25.6   0b1111111111111111    20190531T150513738420
10     140     2.3160      0.0       0.0     0.2300      0.0    0.0      10.070   25.6   0b1111111111111111    20190531T150513738569
11     140     2.3152      0.0       0.0     1.0187      0.4    0.8       2.273   25.6   0b1111111111111111    20190531T150513738707
12     140     2.3070      0.0       0.0     0.2267      0.3    0.8      10.174   25.6   0b1111111111111111    20190531T150513738843
13     140     2.3116      0.2       0.8     1.0133      0.3    0.8       2.281   25.6   0b1111111111111111    20190531T150513738979
14     140     2.3317      0.0       0.0     0.2312      0.4    0.8      10.087   25.6   0b1111111111111111    20190531T150513739114
15     140     2.3317      0.0       0.0     1.0088      0.4    0.8       2.311   25.6   0b1111111111111111    20190531T150513739250
 0     130     2.2553      0.0       0.0     0.2227      0.3    0.8      10.128   25.7   0b1111111111111111    20190531T150517216278
 1     130     2.2612      0.2       0.8     0.9958      0.0    0.0       2.271   25.7   0b1111111111111111    20190531T150517216712
 2     130     2.2680      0.0       0.0     0.2250      0.0    0.0      10.080   25.7   0b1111111111111111    20190531T150517217031
 3     130     2.2710      0.0       0.0     0.9999      0.3    0.8       2.271   25.7   0b1111111111111111    20190531T150517217327
 4     130     2.2477      0.0       0.0     0.2222      0.4    0.8      10.117   25.7   0b1111111111111111    20190531T150517217649
 5     130     2.2477      0.0       0.0     0.9875      0.0    0.0       2.276   25.7   0b1111111111111111    20190531T150517217809
 6     130     2.2658      0.0       0.0     0.2233      0.2    0.8      10.149   25.7   0b1111111111111111    20190531T150517217949
 7     130     2.2455      0.0       0.0     0.9858      0.0    0.0       2.278   25.7   0b1111111111111111    20190531T150517218087
 8     130     2.2770      0.0       0.0     0.2270      0.4    0.8      10.031   25.7   0b1111111111111111    20190531T150517218224
 9     130     2.2831      0.2       0.7     1.0006      0.4    0.8       2.282   25.7   0b1111111111111111    20190531T150517218360
10     130     2.2673      0.0       0.0     0.2250      0.0    0.0      10.077   25.7   0b1111111111111111    20190531T150517218495
11     130     2.2673      0.0       0.0     0.9974      0.3    0.8       2.273   25.7   0b1111111111111111    20190531T150517218644
12     130     2.2583      0.2       0.8     0.2222      0.4    0.8      10.165   25.7   0b1111111111111111    20190531T150517218780
13     130     2.2635      0.0       0.0     0.9918      0.3    0.8       2.282   25.7   0b1111111111111111    20190531T150517218916
14     130     2.2830      0.0       0.0     0.2264      0.4    0.8      10.083   25.7   0b1111111111111111    20190531T150517219052
15     130     2.2823      0.0       0.0     0.9875      0.0    0.0       2.311   25.7   0b1111111111111111    20190531T150517219187
 0     120     2.2087      0.0       0.0     0.2181      0.4    0.8      10.128   25.7   0b1111111111111111    20190531T150520697589
 1     120     2.2132      0.0       0.0     0.9748      0.3    0.8       2.270   25.7   0b1111111111111111    20190531T150520697822
 2     120     2.2200      0.0       0.0     0.2200      0.0    0.0      10.091   25.7   0b1111111111111111    20190531T150520697981
 3     120     2.2230      0.0       0.0     0.9787      0.4    0.8       2.271   25.7   0b1111111111111111    20190531T150520698131
 4     120     2.2010      0.4       0.8     0.2175      0.0    0.0      10.119   25.7   0b1111111111111111    20190531T150520698288
 5     120     2.2005      0.0       0.0     0.9667      0.3    0.8       2.276   25.7   0b1111111111111111    20190531T150520698429
 6     120     2.2176      0.3       0.8     0.2183      0.0    0.0      10.157   25.7   0b1111111111111111    20190531T150520698569
 7     120     2.1975      0.0       0.0     0.9650      0.0    0.0       2.277   25.7   0b1111111111111111    20190531T150520698715
 8     120     2.2275      0.0       0.0     0.2219      0.4    0.8      10.038   25.7   0b1111111111111111    20190531T150520698854
 9     120     2.2342      0.0       0.0     0.9790      0.3    0.8       2.282   25.7   0b1111111111111111    20190531T150520698990
10     120     2.2199      0.3       0.8     0.2202      0.3    0.8      10.083   25.7   0b1111111111111111    20190531T150520699126
11     120     2.2187      0.3       0.7     0.9758      0.0    0.0       2.274   25.7   0b1111111111111111    20190531T150520699281
12     120     2.2102      0.0       0.0     0.2173      0.3    0.8      10.170   25.7   0b1111111111111111    20190531T150520699419
13     120     2.2147      0.0       0.0     0.9703      0.4    0.8       2.282   25.7   0b1111111111111111    20190531T150520699554
14     120     2.2336      0.3       0.8     0.2215      0.3    0.8      10.084   25.7   0b1111111111111111    20190531T150520699689
15     120     2.2333      0.3       0.8     0.9659      0.3    0.8       2.312   25.7   0b1111111111111111    20190531T150520699824
 0     110     2.1630      0.0       0.0     0.2134      0.2    0.8      10.135   25.8   0b1111111111111111    20190531T150524175364
 1     110     2.1675      0.0       0.0     0.9546      0.4    0.8       2.271   25.8   0b1111111111111111    20190531T150524175803
 2     110     2.1743      0.0       0.0     0.2154      0.4    0.8      10.093   25.8   0b1111111111111111    20190531T150524176117
 3     110     2.1780      0.0       0.0     0.9586      0.4    0.8       2.272   25.8   0b1111111111111111    20190531T150524176412
 4     110     2.1547      0.0       0.0     0.2126      0.3    0.8      10.136   25.8   0b1111111111111111    20190531T150524176725
 5     110     2.1553      0.3       0.8     0.9467      0.0    0.0       2.277   25.8   0b1111111111111111    20190531T150524177014
 6     110     2.1720      0.0       0.0     0.2138      0.4    0.8      10.157   25.8   0b1111111111111111    20190531T150524177298
 7     110     2.1518      0.2       0.7     0.9447      0.4    0.8       2.278   25.8   0b1111111111111111    20190531T150524177580
 8     110     2.1810      0.0       0.0     0.2173      0.3    0.8      10.035   25.8   0b1111111111111111    20190531T150524177848
 9     110     2.1883      0.3       0.7     0.9584      0.2    0.8       2.283   25.8   0b1111111111111111    20190531T150524177985
10     110     2.1735      0.0       0.0     0.2157      0.2    0.8      10.074   25.8   0b1111111111111111    20190531T150524178121
11     110     2.1728      0.0       0.0     0.9557      0.3    0.8       2.273   25.8   0b1111111111111111    20190531T150524178257
12     110     2.1645      0.0       0.0     0.2125      0.0    0.0      10.186   25.8   0b1111111111111111    20190531T150524178393
13     110     2.1683      0.0       0.0     0.9500      0.0    0.0       2.282   25.8   0b1111111111111111    20190531T150524178550
14     110     2.1870      0.0       0.0     0.2167      0.0    0.0      10.094   25.8   0b1111111111111111    20190531T150524178704
15     110     2.1870      0.0       0.0     0.9458      0.0    0.0       2.312   25.8   0b1111111111111111    20190531T150524178841
 0     100     2.1150      0.0       0.0     0.2087      0.4    0.8      10.136   25.8   0b1111111111111111    20190531T150527625686
 1     100     2.1202      0.0       0.0     0.9333      0.0    0.0       2.272   25.8   0b1111111111111111    20190531T150527626095
 2     100     2.1264      0.3       0.7     0.2108      0.2    0.8      10.090   25.8   0b1111111111111111    20190531T150527626403
 3     100     2.1300      0.0       0.0     0.9375      0.0    0.0       2.272   25.8   0b1111111111111111    20190531T150527626772
 4     100     2.1067      0.0       0.0     0.2076      0.2    0.8      10.149   25.8   0b1111111111111111    20190531T150527627071
 5     100     2.1071      0.4       0.8     0.9255      0.4    0.8       2.277   25.8   0b1111111111111111    20190531T150527627359
 6     100     2.1232      0.0       0.0     0.2089      0.4    0.8      10.163   25.8   0b1111111111111111    20190531T150527627691
 7     100     2.1038      0.0       0.0     0.9234      0.3    0.8       2.278   25.8   0b1111111111111111    20190531T150527627833
 8     100     2.1322      0.0       0.0     0.2125      0.0    0.0      10.034   25.8   0b1111111111111111    20190531T150527627972
 9     100     2.1394      0.4       0.8     0.9372      0.4    0.8       2.283   25.8   0b1111111111111111    20190531T150527628108
10     100     2.1255      0.0       0.0     0.2108      0.0    0.0      10.081   25.8   0b1111111111111111    20190531T150527628244
11     100     2.1241      0.3       0.8     0.9342      0.0    0.0       2.274   25.8   0b1111111111111111    20190531T150527628380
12     100     2.1157      0.0       0.0     0.2075      0.0    0.0      10.196   25.8   0b1111111111111111    20190531T150527628531
13     100     2.1195      0.0       0.0     0.9284      0.3    0.8       2.283   25.8   0b1111111111111111    20190531T150527628679
14     100     2.1382      0.0       0.0     0.2117      0.0    0.0      10.102   25.8   0b1111111111111111    20190531T150527628816
15     100     2.1382      0.0       0.0     0.9250      0.0    0.0       2.312   25.8   0b1111111111111111    20190531T150527628952
 0      90     2.0685      0.0       0.0     0.2042      0.0    0.0      10.131   25.8   0b1111111111111111    20190531T150531103725
 1      90     2.0730      0.0       0.0     0.9127      0.3    0.8       2.271   25.8   0b1111111111111111    20190531T150531104150
 2      90     2.0786      0.4       0.8     0.2058      0.0    0.0      10.098   25.8   0b1111111111111111    20190531T150531104461
 3      90     2.0820      0.0       0.0     0.9162      0.4    0.8       2.273   25.8   0b1111111111111111    20190531T150531104831
 4      90     2.0580      0.0       0.0     0.2028      0.4    0.8      10.146   25.8   0b1111111111111111    20190531T150531105127
 5      90     2.0586      0.3       0.7     0.9039      0.4    0.8       2.277   25.8   0b1111111111111111    20190531T150531105415
 6      90     2.0755      0.3       0.7     0.2042      0.0    0.0      10.166   25.8   0b1111111111111111    20190531T150531105752
 7      90     2.0550      0.0       0.0     0.9017      0.0    0.0       2.279   25.8   0b1111111111111111    20190531T150531106042
 8      90     2.0835      0.0       0.0     0.2075      0.0    0.0      10.041   25.8   0b1111111111111111    20190531T150531106324
 9      90     2.0903      0.0       0.0     0.9157      0.3    0.8       2.283   25.8   0b1111111111111111    20190531T150531106666
10      90     2.0768      0.0       0.0     0.2058      0.0    0.0      10.089   25.8   0b1111111111111111    20190531T150531106953
11      90     2.0750      0.3       0.8     0.9125      0.0    0.0       2.274   25.8   0b1111111111111111    20190531T150531107234
12      90     2.0678      0.0       0.0     0.2029      0.4    0.8      10.190   25.8   0b1111111111111111    20190531T150531107547
13      90     2.0707      0.0       0.0     0.9072      0.4    0.8       2.283   25.8   0b1111111111111111    20190531T150531107760
14      90     2.0891      0.4       0.8     0.2067      0.0    0.0      10.109   25.8   0b1111111111111111    20190531T150531107898
15      90     2.0888      0.0       0.0     0.9033      0.0    0.0       2.312   25.8   0b1111111111111111    20190531T150531108035
 0      80     2.0190      0.0       0.0     0.1992      0.0    0.0      10.137   25.9   0b1111111111111111    20190531T150534568446
 1      80     2.0241      0.3       0.8     0.8909      0.3    0.8       2.272   25.9   0b1111111111111111    20190531T150534568899
 2      80     2.0289      0.3       0.8     0.2008      0.0    0.0      10.102   25.9   0b1111111111111111    20190531T150534569223
 3      80     2.0328      0.4       0.7     0.8942      0.0    0.0       2.273   25.9   0b1111111111111111    20190531T150534569524
 4      80     2.0078      0.0       0.0     0.1976      0.2    0.8      10.162   25.9   0b1111111111111111    20190531T150534569837
 5      80     2.0085      0.0       0.0     0.8817      0.0    0.0       2.278   25.9   0b1111111111111111    20190531T150534570144
 6      80     2.0251      0.2       0.8     0.1992      0.0    0.0      10.168   25.9   0b1111111111111111    20190531T150534570432
 7      80     2.0055      0.0       0.0     0.8800      0.0    0.0       2.279   25.9   0b1111111111111111    20190531T150534570738
 8      80     2.0332      0.0       0.0     0.2025      0.0    0.0      10.041   25.9   0b1111111111111111    20190531T150534571024
 9      80     2.0400      0.0       0.0     0.8933      0.0    0.0       2.284   25.9   0b1111111111111111    20190531T150534571344
10      80     2.0265      0.0       0.0     0.2008      0.0    0.0      10.090   25.9   0b1111111111111111    20190531T150534571629
11      80     2.0250      0.0       0.0     0.8908      0.2    0.8       2.273   25.9   0b1111111111111111    20190531T150534571932
12      80     2.0175      0.0       0.0     0.1978      0.4    0.8      10.198   25.9   0b1111111111111111    20190531T150534572213
13      80     2.0212      0.0       0.0     0.8852      0.3    0.8       2.283   25.9   0b1111111111111111    20190531T150534572492
14      80     2.0392      0.0       0.0     0.2017      0.0    0.0      10.112   25.9   0b1111111111111111    20190531T150534572795
15      80     2.0385      0.0       0.0     0.8815      0.3    0.8       2.313   25.9   0b1111111111111111    20190531T150534573076
 0      70     1.9695      0.0       0.0     0.1941      0.2    0.8      10.148   25.9   0b1111111111111111    20190531T150538013820
 1      70     1.9745      0.4       0.8     0.8692      0.0    0.0       2.272   25.9   0b1111111111111111    20190531T150538014210
 2      70     1.9792      0.0       0.0     0.1958      0.0    0.0      10.107   25.9   0b1111111111111111    20190531T150538014532
 3      70     1.9843      0.3       0.8     0.8728      0.4    0.8       2.274   25.9   0b1111111111111111    20190531T150538014832
 4      70     1.9575      0.0       0.0     0.1926      0.2    0.8      10.164   25.9   0b1111111111111111    20190531T150538015123
 5      70     1.9590      0.0       0.0     0.8600      0.0    0.0       2.278   25.9   0b1111111111111111    20190531T150538015437
 6      70     1.9755      0.0       0.0     0.1940      0.3    0.8      10.183   25.9   0b1111111111111111    20190531T150538015727
 7      70     1.9549      0.4       0.8     0.8577      0.3    0.8       2.279   25.9   0b1111111111111111    20190531T150538016062
 8      70     1.9823      0.0       0.0     0.1974      0.2    0.8      10.041   25.9   0b1111111111111111    20190531T150538016351
 9      70     1.9901      0.4       0.8     0.8715      0.3    0.8       2.283   25.9   0b1111111111111111    20190531T150538016658
10      70     1.9763      0.0       0.0     0.1958      0.0    0.0      10.091   25.9   0b1111111111111111    20190531T150538016942
11      70     1.9740      0.0       0.0     0.8682      0.2    0.8       2.274   25.9   0b1111111111111111    20190531T150538017223
12      70     1.9680      0.0       0.0     0.1928      0.4    0.8      10.210   25.9   0b1111111111111111    20190531T150538017531
13      70     1.9703      0.0       0.0     0.8627      0.4    0.8       2.284   25.9   0b1111111111111111    20190531T150538017815
14      70     1.9883      0.0       0.0     0.1966      0.2    0.8      10.114   25.9   0b1111111111111111    20190531T150538018094
15      70     1.9898      0.0       0.0     0.8600      0.0    0.0       2.314   25.9   0b1111111111111111    20190531T150538018374
 0      60     1.9192      0.0       0.0     0.1892      0.0    0.0      10.146   26.0   0b1111111111111111    20190531T150541467224
 1      60     1.9237      0.0       0.0     0.8467      0.3    0.8       2.272   26.0   0b1111111111111111    20190531T150541467671
 2      60     1.9290      0.0       0.0     0.1908      0.0    0.0      10.108   26.0   0b1111111111111111    20190531T150541467992
 3      60     1.9327      0.0       0.0     0.8501      0.3    0.8       2.274   26.0   0b1111111111111111    20190531T150541468289
 4      60     1.9076      0.4       0.8     0.1875      0.0    0.0      10.174   26.0   0b1111111111111111    20190531T150541468613
 5      60     1.9087      0.0       0.0     0.8378      0.4    0.8       2.278   26.0   0b1111111111111111    20190531T150541468905
 6      60     1.9252      0.0       0.0     0.1890      0.3    0.8      10.187   26.0   0b1111111111111111    20190531T150541469191
 7      60     1.9050      0.0       0.0     0.8358      0.0    0.0       2.279   26.0   0b1111111111111111    20190531T150541469497
 8      60     1.9301      0.4       0.8     0.1923      0.3    0.8      10.035   26.0   0b1111111111111111    20190531T150541469783
 9      60     1.9381      0.2       0.8     0.8484      0.3    0.8       2.284   26.0   0b1111111111111111    20190531T150541470107
10      60     1.9252      0.2       0.8     0.1908      0.2    0.8      10.093   26.0   0b1111111111111111    20190531T150541470411
11      60     1.9230      0.0       0.0     0.8456      0.4    0.8       2.274   26.0   0b1111111111111111    20190531T150541470698
12      60     1.9166      0.4       0.8     0.1875      0.0    0.0      10.222   26.0   0b1111111111111111    20190531T150541471015
13      60     1.9185      0.0       0.0     0.8399      0.2    0.8       2.284   26.0   0b1111111111111111    20190531T150541471305
14      60     1.9365      0.0       0.0     0.1915      0.3    0.8      10.112   26.0   0b1111111111111111    20190531T150541471611
15      60     1.9372      0.2       0.8     0.8375      0.0    0.0       2.313   26.0   0b1111111111111111    20190531T150541471891
 0      50     1.8683      0.0       0.0     0.1837      0.4    0.8      10.172   26.0   0b1111111111111111    20190531T150544911922
 1      50     1.8727      0.0       0.0     0.8242      0.0    0.0       2.272   26.0   0b1111111111111111    20190531T150544912316
 2      50     1.8780      0.0       0.0     0.1858      0.0    0.0      10.106   26.0   0b1111111111111111    20190531T150544912662
 3      50     1.8819      0.3       0.8     0.8276      0.2    0.8       2.274   26.0   0b1111111111111111    20190531T150544912964
 4      50     1.8571      0.2       0.8     0.1826      0.2    0.8      10.171   26.0   0b1111111111111111    20190531T150544913256
 5      50     1.8585      0.0       0.0     0.8158      0.0    0.0       2.278   26.0   0b1111111111111111    20190531T150544913567
 6      50     1.8742      0.0       0.0     0.1840      0.3    0.8      10.186   26.0   0b1111111111111111    20190531T150544913856
 7      50     1.8554      0.2       0.8     0.8140      0.3    0.8       2.279   26.0   0b1111111111111111    20190531T150544914139
 8      50     1.8780      0.0       0.0     0.1868      0.3    0.8      10.052   26.0   0b1111111111111111    20190531T150544914444
 9      50     1.8862      0.0       0.0     0.8257      0.3    0.8       2.285   26.0   0b1111111111111111    20190531T150544914771
10      50     1.8735      0.0       0.0     0.1855      0.4    0.8      10.100   26.0   0b1111111111111111    20190531T150544915068
11      50     1.8712      0.0       0.0     0.8226      0.2    0.8       2.275   26.0   0b1111111111111111    20190531T150544915351
12      50     1.8653      0.0       0.0     0.1825      0.0    0.0      10.221   26.0   0b1111111111111111    20190531T150544915659
13      50     1.8668      0.0       0.0     0.8175      0.0    0.0       2.283   26.0   0b1111111111111111    20190531T150544915940
14      50     1.8846      0.3       0.8     0.1860      0.3    0.8      10.132   26.0   0b1111111111111111    20190531T150544916221
15      50     1.8847      0.0       0.0     0.8149      0.3    0.8       2.313   26.0   0b1111111111111111    20190531T150544916521
 0      40     1.8169      0.4       0.8     0.1786      0.4    0.8      10.174   26.0   0b1111111111111111    20190531T150548359220
 1      40     1.8221      0.4       0.8     0.8017      0.0    0.0       2.273   26.0   0b1111111111111111    20190531T150548359648
 2      40     1.8270      0.0       0.0     0.1808      0.2    0.8      10.108   26.0   0b1111111111111111    20190531T150548359974
 3      40     1.8300      0.0       0.0     0.8048      0.3    0.8       2.274   26.0   0b1111111111111111    20190531T150548360271
 4      40     1.8067      0.0       0.0     0.1775      0.0    0.0      10.179   26.0   0b1111111111111111    20190531T150548360580
 5      40     1.8075      0.0       0.0     0.7933      0.0    0.0       2.278   26.0   0b1111111111111111    20190531T150548360870
 6      40     1.8225      0.0       0.0     0.1784      0.2    0.8      10.215   26.0   0b1111111111111111    20190531T150548361155
 7      40     1.8053      0.0       0.0     0.7917      0.0    0.0       2.280   26.0   0b1111111111111111    20190531T150548361461
 8      40     1.8263      0.0       0.0     0.1817      0.3    0.8      10.048   26.0   0b1111111111111111    20190531T150548361788
 9      40     1.8337      0.0       0.0     0.8025      0.0    0.0       2.285   26.0   0b1111111111111111    20190531T150548362073
10      40     1.8210      0.0       0.0     0.1801      0.2    0.8      10.112   26.0   0b1111111111111111    20190531T150548362354
11      40     1.8195      0.0       0.0     0.8000      0.0    0.0       2.274   26.0   0b1111111111111111    20190531T150548362658
12      40     1.8128      0.0       0.0     0.1770      0.4    0.8      10.242   26.0   0b1111111111111111    20190531T150548362938
13      40     1.8149      0.2       0.7     0.7943      0.3    0.8       2.285   26.0   0b1111111111111111    20190531T150548363219
14      40     1.8322      0.0       0.0     0.1808      0.0    0.0      10.132   26.0   0b1111111111111111    20190531T150548363523
15      40     1.8322      0.2       0.7     0.7919      0.4    0.8       2.314   26.0   0b1111111111111111    20190531T150548363807
 0      30     1.7685      0.0       0.0     0.1737      0.4    0.8      10.183   26.1   0b1111111111111111    20190531T150551803709
 1      30     1.7723      0.0       0.0     0.7799      0.2    0.8       2.272   26.1   0b1111111111111111    20190531T150551804106
 2      30     1.7760      0.0       0.0     0.1757      0.3    0.8      10.110   26.1   0b1111111111111111    20190531T150551804454
 3      30     1.7797      0.0       0.0     0.7825      0.0    0.0       2.274   26.1   0b1111111111111111    20190531T150551804756
 4      30     1.7572      0.0       0.0     0.1725      0.0    0.0      10.187   26.1   0b1111111111111111    20190531T150551805048
 5      30     1.7580      0.0       0.0     0.7717      0.0    0.0       2.278   26.1   0b1111111111111111    20190531T150551805335
 6      30     1.7745      0.0       0.0     0.1735      0.3    0.8      10.228   26.1   0b1111111111111111    20190531T150551805643
 7      30     1.7552      0.3       0.8     0.7700      0.0    0.0       2.279   26.1   0b1111111111111111    20190531T150551805927
 8      30     1.7745      0.0       0.0     0.1767      0.0    0.0      10.044   26.1   0b1111111111111111    20190531T150551806210
 9      30     1.7822      0.3       0.8     0.7800      0.0    0.0       2.285   26.1   0b1111111111111111    20190531T150551806596
10      30     1.7715      0.0       0.0     0.1752      0.3    0.8      10.113   26.1   0b1111111111111111    20190531T150551806887
11      30     1.7685      0.0       0.0     0.7775      0.0    0.0       2.275   26.1   0b1111111111111111    20190531T150551807169
12      30     1.7632      0.0       0.0     0.1721      0.4    0.8      10.246   26.1   0b1111111111111111    20190531T150551807487
13      30     1.7647      0.0       0.0     0.7725      0.0    0.0       2.284   26.1   0b1111111111111111    20190531T150551807663
14      30     1.7803      0.3       0.8     0.1758      0.0    0.0      10.125   26.1   0b1111111111111111    20190531T150551807799
15      30     1.7820      0.0       0.0     0.7701      0.3    0.8       2.314   26.1   0b1111111111111111    20190531T150551807935
 0      20     1.7182      0.0       0.0     0.1688      0.4    0.8      10.182   26.1   0b1111111111111111    20190531T150555249878
 1      20     1.7220      0.0       0.0     0.7575      0.0    0.0       2.273   26.1   0b1111111111111111    20190531T150555250215
 2      20     1.7258      0.0       0.0     0.1708      0.2    0.8      10.107   26.1   0b1111111111111111    20190531T150555250500
 3      20     1.7295      0.0       0.0     0.7603      0.4    0.8       2.275   26.1   0b1111111111111111    20190531T150555250759
 4      20     1.7078      0.0       0.0     0.1677      0.3    0.8      10.185   26.1   0b1111111111111111    20190531T150555251006
 5      20     1.7085      0.0       0.0     0.7496      0.4    0.8       2.279   26.1   0b1111111111111111    20190531T150555251250
 6      20     1.7243      0.0       0.0     0.1688      0.4    0.8      10.218   26.1   0b1111111111111111    20190531T150555251499
 7      20     1.7063      0.0       0.0     0.7483      0.0    0.0       2.280   26.1   0b1111111111111111    20190531T150555251714
 8      20     1.7238      0.4       0.8     0.1717      0.0    0.0      10.042   26.1   0b1111111111111111    20190531T150555251925
 9      20     1.7310      0.0       0.0     0.7575      0.0    0.0       2.285   26.1   0b1111111111111111    20190531T150555252136
10      20     1.7205      0.0       0.0     0.1700      0.0    0.0      10.121   26.1   0b1111111111111111    20190531T150555252363
11      20     1.7182      0.0       0.0     0.7552      0.3    0.8       2.275   26.1   0b1111111111111111    20190531T150555252584
12      20     1.7123      0.0       0.0     0.1669      0.4    0.8      10.258   26.1   0b1111111111111111    20190531T150555252790
13      20     1.7138      0.0       0.0     0.7500      0.0    0.0       2.285   26.1   0b1111111111111111    20190531T150555253042
14      20     1.7288      0.0       0.0     0.1707      0.3    0.8      10.129   26.1   0b1111111111111111    20190531T150555253329
15      20     1.7306      0.4       0.8     0.7479      0.4    0.8       2.314   26.1   0b1111111111111111    20190531T150555253623
 0      10     1.6687      0.0       0.0     0.1637      0.4    0.8      10.196   26.1   0b1111111111111111    20190531T150558717471
 1      10     1.6725      0.0       0.0     0.7358      0.0    0.0       2.273   26.1   0b1111111111111111    20190531T150558717783
 2      10     1.6759      0.4       0.8     0.1658      0.0    0.0      10.106   26.1   0b1111111111111111    20190531T150558717970
 3      10     1.6799      0.3       0.8     0.7383      0.0    0.0       2.275   26.1   0b1111111111111111    20190531T150558718136
 4      10     1.6583      0.0       0.0     0.1625      0.0    0.0      10.205   26.1   0b1111111111111111    20190531T150558718289
 5      10     1.6590      0.0       0.0     0.7277      0.3    0.8       2.280   26.1   0b1111111111111111    20190531T150558718439
 6      10     1.6740      0.0       0.0     0.1635      0.3    0.8      10.239   26.1   0b1111111111111111    20190531T150558718583
 7      10     1.6567      0.2       0.7     0.7264      0.4    0.8       2.281   26.1   0b1111111111111111    20190531T150558718759
 8      10     1.6732      0.0       0.0     0.1665      0.3    0.8      10.050   26.1   0b1111111111111111    20190531T150558718904
 9      10     1.6801      0.2       0.8     0.7350      0.0    0.0       2.286   26.1   0b1111111111111111    20190531T150558719045
10      10     1.6699      0.4       0.8     0.1650      0.0    0.0      10.121   26.1   0b1111111111111111    20190531T150558719184
11      10     1.6679      0.2       0.8     0.7332      0.3    0.8       2.275   26.1   0b1111111111111111    20190531T150558719323
12      10     1.6615      0.3       0.8     0.1618      0.2    0.8      10.272   26.1   0b1111111111111111    20190531T150558719462
13      10     1.6628      0.0       0.0     0.7275      0.0    0.0       2.286   26.1   0b1111111111111111    20190531T150558719599
14      10     1.6778      0.0       0.0     0.1655      0.4    0.8      10.137   26.1   0b1111111111111111    20190531T150558719769
15      10     1.6796      0.4       0.8     0.7258      0.0    0.0       2.314   26.1   0b1111111111111111    20190531T150558719908
 0       0     1.6184      0.3       0.8     0.1585      0.3    0.8      10.210   26.1   0b1111111111111111    20190531T150602170023
 1       0     1.6225      0.4       0.8     0.7137      0.4    0.8       2.274   26.1   0b1111111111111111    20190531T150602170499
 2       0     1.6260      0.0       0.0     0.1608      0.2    0.8      10.115   26.1   0b1111111111111111    20190531T150602170838
 3       0     1.6290      0.0       0.0     0.7159      0.3    0.8       2.275   26.1   0b1111111111111111    20190531T150602171137
 4       0     1.6085      0.4       0.7     0.1575      0.0    0.0      10.212   26.1   0b1111111111111111    20190531T150602171486
 5       0     1.6088      0.0       0.0     0.7058      0.0    0.0       2.279   26.1   0b1111111111111111    20190531T150602171783
 6       0     1.6231      0.2       0.8     0.1583      0.0    0.0      10.251   26.1   0b1111111111111111    20190531T150602172070
 7       0     1.6073      0.0       0.0     0.7048      0.3    0.8       2.280   26.1   0b1111111111111111    20190531T150602172355
 8       0     1.6222      0.0       0.0     0.1613      0.4    0.8      10.055   26.1   0b1111111111111111    20190531T150602172706
 9       0     1.6290      0.0       0.0     0.7125      0.0    0.0       2.286   26.1   0b1111111111111111    20190531T150602173049
10       0     1.6190      0.4       0.7     0.1600      0.0    0.0      10.118   26.1   0b1111111111111111    20190531T150602173343
11       0     1.6170      0.0       0.0     0.7108      0.0    0.0       2.275   26.1   0b1111111111111111    20190531T150602173689
12       0     1.6103      0.0       0.0     0.1568      0.2    0.8      10.273   26.1   0b1111111111111111    20190531T150602173974
13       0     1.6125      0.0       0.0     0.7050      0.0    0.0       2.287   26.1   0b1111111111111111    20190531T150602174257
14       0     1.6261      0.2       0.8     0.1602      0.4    0.8      10.147   26.1   0b1111111111111111    20190531T150602174592
15       0     1.6276      0.2       0.8     0.7033      0.0    0.0       2.314   26.1   0b1111111111111111    20190531T150602174880
