CH# Threshold[DAC] Vset[DAC]     V[V]     I[A]     R[ohm]     T[C]           LUstate          Timestamp
 0        610         0        1.6418    0.1644   9.9853    24.9524      0b101010101010100    20190617T131505584225
 1       1293         0        1.6313    0.7212   2.2617    24.9524     0b1101111111011101    20190617T131505627303
 2        609         0        1.6507    0.1632  10.1170    24.9841       0b00010101010000    20190617T131505670605
 3       1288         0        1.6343    0.7175   2.2777    24.9841     0b1101111111010101    20190617T131505713858
 4        605         0        1.6365    0.1618  10.1123    24.9524       0b00000000000000    20190617T131505757497
 5       1293         0        1.6304    0.7209   2.2616    24.9524     0b1101111111011101    20190617T131505801203
 6        608         0        1.6417    0.1608  10.2073    24.9841       0b00000100010000    20190617T131505844345
 7       1287         0        1.6255    0.7142   2.2760    24.9841     0b1101111101010101    20190617T131505884398
 8        606         0        1.6028    0.1578  10.1552    24.9524       0b00000000010000    20190617T131505927390
 9       1273         0        1.5982    0.7070   2.2606    24.9841      0b101110101010101    20190617T131505970247
10        608         0        1.6058    0.1600  10.0359    24.9841       0b00000100010000    20190617T131506013199
11       1271         0        1.5945    0.7042   2.2644    24.9841      0b101010101010101    20190617T131506056003
12        609         0        1.6335    0.1625  10.0523    24.9524       0b00010101010000    20190617T131506098859
13       1299         0        1.6279    0.7200   2.2609    24.9524     0b1101111111111111    20190617T131506141804
14        609         0        1.6341    0.1617  10.1078    24.9841       0b00010101010000    20190617T131506185123
15       1284         0        1.6230    0.7132   2.2758    24.9524      0b101111101010101    20190617T131506228116
 0        641        50        1.9025    0.1908   9.9696    25.1744       0b00010101010000    20190617T131518368865
 1       1433        50        1.8915    0.8366   2.2610    25.1744     0b1101111111111101    20190617T131518411995
 2        642        50        1.9141    0.1899  10.0785    25.1427       0b01010101010001    20190617T131518455409
 3       1429        50        1.8953    0.8324   2.2768    25.1744     0b1101111111110101    20190617T131518498442
 4        636        50        1.8960    0.1882  10.0717    25.1744       0b00000000000000    20190617T131518541439
 5       1428        50        1.8884    0.8354   2.2604    25.1744     0b1101111111010101    20190617T131518584310
 6        640        50        1.9027    0.1874  10.1521    25.1744       0b00010100010000    20190617T131518627153
 7       1424        50        1.8834    0.8282   2.2740    25.1427     0b1101111101010101    20190617T131518669965
 8        636        50        1.8532    0.1833  10.1086    25.1744       0b00000000000000    20190617T131518712798
 9       1411        50        1.8480    0.8176   2.2603    25.2061      0b101110101010101    20190617T131518755539
10        639        50        1.8562    0.1850  10.0334    25.2061       0b00000100010000    20190617T131518798457
11       1404        50        1.8435    0.8143   2.2640    25.1427      0b101010101010101    20190617T131518841291
12        641        50        1.8945    0.1891  10.0194    25.1744       0b00010101010000    20190617T131518884210
13       1435        50        1.8878    0.8351   2.2606    25.1744     0b1101111111111111    20190617T131518927215
14        642        50        1.8948    0.1878  10.0921    25.1744       0b01010101010001    20190617T131518970174
15       1423        50        1.8840    0.8282   2.2747    25.1744      0b101111101010101    20190617T131519013051
 0        673       100        2.1480    0.2158   9.9521    25.3329       0b01010101010000    20190617T131531154500
 1       1561       100        2.1337    0.9442   2.2599    25.3012     0b1101111111010101    20190617T131531197951
 2        673       100        2.1578    0.2143  10.0673    25.3012       0b01010101010000    20190617T131531241034
 3       1565       100        2.1381    0.9392   2.2766    25.3012     0b1101111111110111    20190617T131531284100
 4        669       100        2.1427    0.2133  10.0441    25.2695       0b00000100000000    20190617T131531327055
 5       1563       100        2.1360    0.9453   2.2595    25.3012     0b1101111111010111    20190617T131531369873
 6        672       100        2.1498    0.2123  10.1246    25.2695       0b00010100010000    20190617T131531412759
 7       1557       100        2.1300    0.9368   2.2736    25.2695      0b101111101010101    20190617T131531455894
 8        668       100        2.1082    0.2092  10.0793    25.3012       0b00000000000000    20190617T131531498737
 9       1550       100        2.1015    0.9300   2.2597    25.2695      0b101110101010101    20190617T131531541587
10        670       100        2.1097    0.2108  10.0067    25.2695       0b00000100010000    20190617T131531584490
11       1542       100        2.0970    0.9268   2.2625    25.2695      0b101010101010101    20190617T131531627350
12        672       100        2.1459    0.2142  10.0159    25.2695       0b00010100010000    20190617T131531670111
13       1572       100        2.1382    0.9466   2.2589    25.2695     0b1101111111111111    20190617T131531713016
14        674       100        2.1473    0.2133  10.0656    25.2695       0b01010101010101    20190617T131531755813
15       1559       100        2.1352    0.9387   2.2746    25.3012      0b101111111010101    20190617T131531798598
 0        703       150        2.3896    0.2400   9.9566    25.3329       0b00010101010000    20190617T131543944770
 1       1692       150        2.3730    1.0503   2.2595    25.3329     0b1101111111111101    20190617T131543987710
 2        703       150        2.4022    0.2392  10.0443    25.3329       0b00010101010000    20190617T131544030515
 3       1689       150        2.3775    1.0446   2.2760    25.3329     0b1101111111110101    20190617T131544073263
 4        699       150        2.3828    0.2374  10.0362    25.3329       0b00000000000000    20190617T131544116196
 5       1688       150        2.3760    1.0517   2.2593    25.3329     0b1101111111010101    20190617T131544159035
 6        701       150        2.3909    0.2367  10.1025    25.3329       0b00000100010000    20190617T131544201899
 7       1681       150        2.3687    1.0426   2.2719    25.3329      0b101111101010101    20190617T131544244821
 8        699       150        2.3533    0.2335  10.0786    25.3329       0b00000000000000    20190617T131544287650
 9       1679       150        2.3460    1.0383   2.2596    25.3646      0b101010101010101    20190617T131544330516
10        701       150        2.3537    0.2357   9.9872    25.3329       0b00000100010000    20190617T131544373435
11       1679       150        2.3400    1.0343   2.2623    25.3329      0b101010101010101    20190617T131544416271
12        703       150        2.3895    0.2390   9.9979    25.3329       0b00010101010000    20190617T131544459156
13       1698       150        2.3806    1.0541   2.2584    25.3329     0b1101111111111111    20190617T131544502051
14        704       150        2.3918    0.2383  10.0353    25.3012       0b01010101010101    20190617T131544544900
15       1684       150        2.3783    1.0465   2.2726    25.3646      0b101111111010101    20190617T131544587753
 0        733       200        2.6340    0.2648   9.9459    25.3329       0b00010101010000    20190617T131556732796
 1       1818       200        2.6144    1.1571   2.2595    25.3329     0b1101111111111101    20190617T131556776051
 2        733       200        2.6468    0.2634  10.0478    25.3012       0b00010101010000    20190617T131556819568
 3       1817       200        2.6205    1.1515   2.2757    25.3329     0b1101111111110101    20190617T131556862792
 4        729       200        2.6258    0.2618  10.0283    25.3012       0b00000000000000    20190617T131556906110
 5       1809       200        2.6170    1.1582   2.2596    25.3329      0b101111101010101    20190617T131556948991
 6        731       200        2.6318    0.2608  10.0898    25.3329       0b00000100010000    20190617T131556991839
 7       1809       200        2.6086    1.1483   2.2718    25.3012      0b101111101010101    20190617T131557034625
 8        730       200        2.5942    0.2578  10.0617    25.3329       0b00000000010000    20190617T131557077463
 9       1799       200        2.5852    1.1440   2.2598    25.3329      0b101110101010101    20190617T131557120310
10        731       200        2.5944    0.2598   9.9849    25.3329       0b00000100010000    20190617T131557163475
11       1797       200        2.5793    1.1402   2.2622    25.3329      0b101010101010101    20190617T131557206348
12        734       200        2.6362    0.2635  10.0047    25.3329       0b00010101010101    20190617T131557249188
13       1827       200        2.6251    1.1618   2.2594    25.3329     0b1101111111111111    20190617T131557292116
14        735       200        2.6381    0.2632  10.0245    25.3329       0b01010101010101    20190617T131557334951
15       1815       200        2.6235    1.1541   2.2732    25.3329      0b101111111110101    20190617T131557377805
 0        763       250        2.8777    0.2893   9.9490    25.3012       0b01010101010000    20190617T131609512220
 1       1946       250        2.8212    1.2478   2.2610    25.2695      0b101111111111101    20190617T131609555855
 2        763       250        2.8905    0.2866  10.0861    25.2695       0b01010101010000    20190617T131609598772
 3       1943       250        2.8235    1.2402   2.2767    25.2695      0b101110101010101    20190617T131609641650
 4        760       250        2.8687    0.2866  10.0102    25.2695       0b00000101000000    20190617T131609684586
 5       1945       250        2.8243    1.2491   2.2611    25.2695      0b101110111011101    20190617T131609727402
 6        759       250        2.8770    0.2860  10.0594    25.2695       0b00000000000000    20190617T131609770269
 7       1943       250        2.8195    1.2407   2.2725    25.2695      0b101110101010101    20190617T131609813192
 8        759       250        2.8380    0.2820  10.0638    25.2695       0b00000000000000    20190617T131609856160
 9       1945       250        2.8201    1.2484   2.2589    25.2695      0b101110111011101    20190617T131609899011
10        760       250        2.8373    0.2841   9.9874    25.2695       0b00000101000000    20190617T131609941951
11       1928       250        2.8151    1.2448   2.2615    25.2695      0b101010101010101    20190617T131609984775
12        761       250        2.8829    0.2884   9.9957    25.2695       0b00010101010000    20190617T131610027639
13       1958       250        2.8490    1.2608   2.2596    25.3012     0b1101111111111111    20190617T131610070702
14        765       250        2.8846    0.2896   9.9614    25.2695       0b01010101010101    20190617T131610113774
15       1950       250        2.8479    1.2537   2.2717    25.2695      0b101111111111111    20190617T131610156667
