CH# Vset[DAC]   V[V]    dVRMS[mV] dVpp[mV]    I[A]  dIRMS[mA] dIpp[mA]   R[ohm]   T[C]   State                Timestamp
 0     250     2.8080      0.0       0.0     0.0009      0.3    0.8    3063.273   26.8   0b1111111111111111    20190605T172052975599
 1     250     2.8117      0.0       0.0     0.0007      0.3    0.8    4217.625   26.8   0b1111111111111111    20190605T172052976032
 2     250     2.8366      0.2       0.8     0.0006      0.4    0.8    4862.700   26.8   0b1111111111111111    20190605T172052976380
 3     250     2.8268      0.0       0.0     0.0011      0.4    0.8    2609.308   26.8   0b1111111111111111    20190605T172052976685
 4     250     2.8426      0.2       0.8     0.0017      0.0    0.0    1705.545   26.8   0b1111111111111111    20190605T172052976978
 5     250     2.8225      0.3       0.7     0.0000      0.0    0.0    -666.000   26.8   0b1111111111111111    20190605T172052977290
 6     250     2.8305      0.0       0.0     0.0002      0.5    1.7   11322.000   26.8   0b1111111111111111    20190605T172052977579
 7     250     2.8499      0.2       0.8     0.0022      0.4    0.8    1315.350   26.8   0b1111111111111111    20190605T172052977866
 8     250     2.8245      0.0       0.0    -0.0017      0.2    0.8    -666.000   26.8   0b1111111111111111    20190605T172052978187
 9     250     2.8394      0.2       0.8    -0.0002      0.5    1.7    -666.000   26.8   0b1111111111111111    20190605T172052978447
10     250     2.8237      0.0       0.0    -0.0025      0.0    0.0    -666.000   26.8   0b1111111111111111    20190605T172052978588
11     250     2.8148      0.0       0.0     0.0004      0.4    0.8    6755.400   26.8   0b1111111111111111    20190605T172052978726
12     250     2.8199      0.2       0.8     0.0001      0.2    0.8   33839.100   26.8   0b1111111111111111    20190605T172052978864
13     250     2.8207      0.0       0.0     0.0003      0.4    0.8    8462.250   26.8   0b1111111111111111    20190605T172052979002
14     250     2.8235      0.4       0.7     0.0008      0.4    1.7    3388.140   26.8   0b1111111111111111    20190605T172052979140
15     250     2.8202      0.3       0.7     0.0009      0.3    0.8    3076.527   26.8   0b1111111111111111    20190605T172052979290
 0     240     2.7600      0.0       0.0     0.0010      0.3    0.8    2760.000   26.8   0b1111111111111111    20190605T172056418138
 1     240     2.7638      0.0       0.0     0.0007      0.2    0.8    3685.000   26.8   0b1111111111111111    20190605T172056418597
 2     240     2.7885      0.0       0.0     0.0002      0.4    0.8   11154.000   26.8   0b1111111111111111    20190605T172056418924
 3     240     2.7787      0.0       0.0     0.0012      0.4    0.8    2381.786   26.8   0b1111111111111111    20190605T172056419226
 4     240     2.7943      0.3       0.8     0.0015      0.3    0.8    1862.850   26.8   0b1111111111111111    20190605T172056419545
 5     240     2.7742      0.0       0.0    -0.0001      0.2    0.8    -666.000   26.8   0b1111111111111111    20190605T172056419837
 6     240     2.7825      0.0       0.0     0.0001      0.2    0.8   33390.000   26.8   0b1111111111111111    20190605T172056420124
 7     240     2.8013      0.0       0.0     0.0019      0.4    0.8    1461.522   26.8   0b1111111111111111    20190605T172056420409
 8     240     2.7772      0.0       0.0    -0.0017      0.2    0.8    -666.000   26.8   0b1111111111111111    20190605T172056420713
 9     240     2.7915      0.0       0.0    -0.0002      0.4    0.8    -666.000   26.8   0b1111111111111111    20190605T172056421036
10     240     2.7762      0.4       0.8    -0.0027      0.3    0.8    -666.000   26.8   0b1111111111111111    20190605T172056421322
11     240     2.7675      0.0       0.0     0.0003      0.4    0.8    8302.500   26.8   0b1111111111111111    20190605T172056421629
12     240     2.7720      0.0       0.0     0.0001      0.2    0.8   33264.000   26.8   0b1111111111111111    20190605T172056421956
13     240     2.7733      0.3       0.8     0.0002      0.3    0.8   16639.650   26.8   0b1111111111111111    20190605T172056422245
14     240     2.7757      0.0       0.0     0.0007      0.4    1.7    3701.000   26.8   0b1111111111111111    20190605T172056422563
15     240     2.7727      0.0       0.0     0.0008      0.0    0.0    3327.300   26.8   0b1111111111111111    20190605T172056422849
 0     230     2.7135      0.0       0.0     0.0010      0.3    0.8    2713.500   26.8   0b1111111111111111    20190605T172059868281
 1     230     2.7173      0.0       0.0     0.0006      0.4    0.8    4658.143   26.8   0b1111111111111111    20190605T172059868676
 2     230     2.7420      0.0       0.0     0.0006      0.4    0.8    4700.571   26.8   0b1111111111111111    20190605T172059868991
 3     230     2.7323      0.0       0.0     0.0013      0.4    0.8    2185.800   26.8   0b1111111111111111    20190605T172059869313
 4     230     2.7465      0.0       0.0     0.0013      0.4    0.8    2059.875   26.8   0b1111111111111111    20190605T172059869690
 5     230     2.7277      0.0       0.0    -0.0002      0.3    0.8    -666.000   26.8   0b1111111111111111    20190605T172059870013
 6     230     2.7360      0.0       0.0     0.0001      0.2    0.8   32832.000   26.8   0b1111111111111111    20190605T172059870327
 7     230     2.7540      0.0       0.0     0.0019      0.4    0.8    1436.870   26.8   0b1111111111111111    20190605T172059870663
 8     230     2.7308      0.0       0.0    -0.0019      0.4    0.8    -666.000   26.8   0b1111111111111111    20190605T172059870967
 9     230     2.7450      0.0       0.0    -0.0003      0.4    0.8    -666.000   26.8   0b1111111111111111    20190605T172059871276
10     230     2.7300      0.0       0.0    -0.0028      0.4    0.8    -666.000   26.8   0b1111111111111111    20190605T172059871564
11     230     2.7218      0.0       0.0     0.0002      0.3    0.8   16330.500   26.8   0b1111111111111111    20190605T172059871847
12     230     2.7255      0.0       0.0    -0.0001      0.2    0.8    -666.000   26.8   0b1111111111111111    20190605T172059872152
13     230     2.7268      0.3       0.7    -0.0001      0.2    0.8    -666.000   26.8   0b1111111111111111    20190605T172059872466
14     230     2.7292      0.0       0.0     0.0007      0.2    0.8    3639.000   26.8   0b1111111111111111    20190605T172059872749
15     230     2.7263      0.0       0.0     0.0007      0.2    0.8    3635.000   26.8   0b1111111111111111    20190605T172059873031
 0     220     2.6666      0.4       0.8     0.0008      0.0    0.0    3199.950   26.8   0b1111111111111111    20190605T172103316174
 1     220     2.6700      0.0       0.0     0.0004      0.4    0.8    6408.000   26.8   0b1111111111111111    20190605T172103316427
 2     220     2.6932      0.0       0.0     0.0005      0.4    0.8    5386.500   26.8   0b1111111111111111    20190605T172103316605
 3     220     2.6835      0.0       0.0     0.0011      0.4    0.8    2477.077   26.8   0b1111111111111111    20190605T172103316763
 4     220     2.6985      0.0       0.0     0.0015      0.3    0.8    1799.000   26.8   0b1111111111111111    20190605T172103316912
 5     220     2.6797      0.0       0.0    -0.0003      0.4    0.8    -666.000   26.8   0b1111111111111111    20190605T172103317056
 6     220     2.6875      0.4       0.8     0.0000      0.0    0.0    -666.000   26.8   0b1111111111111111    20190605T172103317198
 7     220     2.7052      0.0       0.0     0.0018      0.3    0.8    1475.591   26.8   0b1111111111111111    20190605T172103317359
 8     220     2.6834      0.2       0.8    -0.0018      0.3    0.8    -666.000   26.8   0b1111111111111111    20190605T172103317500
 9     220     2.6970      0.0       0.0    -0.0004      0.4    0.8    -666.000   26.8   0b1111111111111111    20190605T172103317639
10     220     2.6820      0.0       0.0    -0.0026      0.3    0.8    -666.000   26.8   0b1111111111111111    20190605T172103317777
11     220     2.6745      0.0       0.0     0.0002      0.4    0.8   10698.000   26.8   0b1111111111111111    20190605T172103317915
12     220     2.6782      0.0       0.0    -0.0002      0.3    0.8    -666.000   26.8   0b1111111111111111    20190605T172103318053
13     220     2.6792      0.3       0.8     0.0000      0.0    0.0    -666.000   26.8   0b1111111111111111    20190605T172103318198
14     220     2.6820      0.0       0.0     0.0006      0.4    0.8    4597.714   26.8   0b1111111111111111    20190605T172103318342
15     220     2.6782      0.0       0.0     0.0007      0.2    0.8    3571.000   26.8   0b1111111111111111    20190605T172103318479
 0     210     2.6183      0.0       0.0     0.0008      0.0    0.0    3141.900   26.8   0b1111111111111111    20190605T172106769423
 1     210     2.6214      0.3       0.7     0.0006      0.4    0.8    4493.829   26.8   0b1111111111111111    20190605T172106769821
 2     210     2.6445      0.0       0.0     0.0001      0.2    0.8   31734.000   26.8   0b1111111111111111    20190605T172106770133
 3     210     2.6349      0.3       0.7     0.0011      0.4    0.8    2432.215   26.8   0b1111111111111111    20190605T172106770456
 4     210     2.6498      0.0       0.0     0.0011      0.4    0.8    2445.923   26.8   0b1111111111111111    20190605T172106770749
 5     210     2.6310      0.0       0.0    -0.0002      0.4    0.8    -666.000   26.8   0b1111111111111111    20190605T172106771036
 6     210     2.6393      0.0       0.0    -0.0001      0.2    0.8    -666.000   26.8   0b1111111111111111    20190605T172106771343
 7     210     2.6565      0.0       0.0     0.0016      0.3    0.8    1677.789   26.8   0b1111111111111111    20190605T172106771631
 8     210     2.6355      0.0       0.0    -0.0022      0.4    0.8    -666.000   26.8   0b1111111111111111    20190605T172106771923
 9     210     2.6490      0.0       0.0    -0.0004      0.4    0.8    -666.000   26.8   0b1111111111111111    20190605T172106772259
10     210     2.6341      0.2       0.8    -0.0027      0.4    0.8    -666.000   26.8   0b1111111111111111    20190605T172106772587
11     210     2.6265      0.0       0.0     0.0001      0.2    0.8   31518.000   26.8   0b1111111111111111    20190605T172106772877
12     210     2.6302      0.2       0.8    -0.0002      0.3    0.8    -666.000   26.8   0b1111111111111111    20190605T172106773161
13     210     2.6310      0.0       0.0     0.0000      0.0    0.0    -666.000   26.8   0b1111111111111111    20190605T172106773468
14     210     2.6338      0.3       0.7     0.0007      0.2    0.8    3511.800   26.8   0b1111111111111111    20190605T172106773750
15     210     2.6303      0.0       0.0     0.0006      0.4    0.8    4509.000   26.8   0b1111111111111111    20190605T172106774031
 0     200     2.5697      0.3       0.8     0.0007      0.2    0.8    3426.300   26.8   0b1111111111111111    20190605T172110222444
 1     200     2.5733      0.0       0.0     0.0004      0.4    0.8    6175.800   26.8   0b1111111111111111    20190605T172110222857
 2     200     2.5957      0.0       0.0     0.0004      0.4    0.8    6229.800   26.8   0b1111111111111111    20190605T172110223176
 3     200     2.5867      0.0       0.0     0.0008      0.0    0.0    3104.100   26.8   0b1111111111111111    20190605T172110223502
 4     200     2.6010      0.0       0.0     0.0013      0.4    0.8    1950.750   26.8   0b1111111111111111    20190605T172110223796
 5     200     2.5827      0.4       0.8    -0.0005      0.4    0.8    -666.000   26.8   0b1111111111111111    20190605T172110224084
 6     200     2.5905      0.0       0.0     0.0000      0.0    0.0    -666.000   26.8   0b1111111111111111    20190605T172110224392
 7     200     2.6077      0.0       0.0     0.0018      0.2    0.8    1490.143   26.8   0b1111111111111111    20190605T172110224679
 8     200     2.5867      0.0       0.0    -0.0021      0.4    0.8    -666.000   26.8   0b1111111111111111    20190605T172110224963
 9     200     2.6003      0.2       0.8    -0.0007      0.2    0.8    -666.000   26.8   0b1111111111111111    20190605T172110225312
10     200     2.5860      0.0       0.0    -0.0029      0.4    0.8    -666.000   26.8   0b1111111111111111    20190605T172110225601
11     200     2.5785      0.0       0.0     0.0002      0.5    1.7   15471.000   26.8   0b1111111111111111    20190605T172110225885
12     200     2.5815      0.0       0.0    -0.0006      0.4    0.8    -666.000   26.8   0b1111111111111111    20190605T172110226179
13     200     2.5830      0.0       0.0    -0.0002      0.4    0.8    -666.000   26.8   0b1111111111111111    20190605T172110226486
14     200     2.5852      0.0       0.0     0.0007      0.2    0.8    3447.000   26.8   0b1111111111111111    20190605T172110226768
15     200     2.5817      0.3       0.7     0.0005      0.4    0.8    5163.450   26.8   0b1111111111111111    20190605T172110227049
 0     190     2.5236      0.3       0.7     0.0007      0.2    0.8    3364.800   26.8   0b1111111111111111    20190605T172113669666
 1     190     2.5267      0.0       0.0     0.0002      0.3    0.8   15160.500   26.8   0b1111111111111111    20190605T172113670083
 2     190     2.5492      0.2       0.7     0.0000      0.0    0.0    -666.000   26.8   0b1111111111111111    20190605T172113670432
 3     190     2.5400      0.3       0.7     0.0008      0.0    0.0    3048.030   26.8   0b1111111111111111    20190605T172113670737
 4     190     2.5538      0.0       0.0     0.0010      0.3    0.8    2553.750   26.8   0b1111111111111111    20190605T172113671032
 5     190     2.5358      0.0       0.0    -0.0007      0.2    0.8    -666.000   26.8   0b1111111111111111    20190605T172113671345
 6     190     2.5438      0.3       0.7    -0.0002      0.3    0.8    -666.000   26.8   0b1111111111111111    20190605T172113671634
 7     190     2.5605      0.0       0.0     0.0017      0.0    0.0    1536.300   26.8   0b1111111111111111    20190605T172113671920
 8     190     2.5417      0.0       0.0    -0.0022      0.4    0.8    -666.000   26.8   0b1111111111111111    20190605T172113672269
 9     190     2.5538      0.2       0.8    -0.0007      0.2    0.8    -666.000   26.8   0b1111111111111111    20190605T172113672558
10     190     2.5402      0.0       0.0    -0.0030      0.4    0.8    -666.000   26.8   0b1111111111111111    20190605T172113672840
11     190     2.5320      0.0       0.0     0.0002      0.3    0.8   15192.000   26.8   0b1111111111111111    20190605T172113673123
12     190     2.5350      0.0       0.0    -0.0003      0.4    0.8    -666.000   26.8   0b1111111111111111    20190605T172113673428
13     190     2.5372      0.0       0.0    -0.0001      0.2    0.8    -666.000   26.8   0b1111111111111111    20190605T172113673710
14     190     2.5388      0.0       0.0     0.0003      0.4    0.8    7616.250   26.8   0b1111111111111111    20190605T172113673991
15     190     2.5350      0.0       0.0     0.0005      0.4    0.8    5070.000   26.8   0b1111111111111111    20190605T172113674294
 0     180     2.4751      0.2       0.8     0.0006      0.4    0.8    4242.986   26.8   0b1111111111111111    20190605T172117129614
 1     180     2.4782      0.3       0.7     0.0001      0.2    0.8   29738.700   26.8   0b1111111111111111    20190605T172117130017
 2     180     2.5004      0.2       0.8    -0.0001      0.2    0.8    -666.000   26.8   0b1111111111111111    20190605T172117130326
 3     180     2.4915      0.0       0.0     0.0008      0.0    0.0    2989.800   26.8   0b1111111111111111    20190605T172117130646
 4     180     2.5050      0.0       0.0     0.0008      0.0    0.0    3006.000   26.8   0b1111111111111111    20190605T172117130941
 5     180     2.4870      0.0       0.0    -0.0005      0.4    0.8    -666.000   26.8   0b1111111111111111    20190605T172117131229
 6     180     2.4952      0.0       0.0    -0.0002      0.4    0.8    -666.000   26.8   0b1111111111111111    20190605T172117131537
 7     180     2.5117      0.0       0.0     0.0017      0.0    0.0    1507.050   26.8   0b1111111111111111    20190605T172117131830
 8     180     2.4937      0.0       0.0    -0.0025      0.0    0.0    -666.000   26.8   0b1111111111111111    20190605T172117132176
 9     180     2.5059      0.3       0.7    -0.0008      0.0    0.0    -666.000   26.8   0b1111111111111111    20190605T172117132485
10     180     2.4923      0.2       0.7    -0.0030      0.4    0.8    -666.000   26.8   0b1111111111111111    20190605T172117132772
11     180     2.4848      0.0       0.0    -0.0001      0.2    0.8    -666.000   26.8   0b1111111111111111    20190605T172117133065
12     180     2.4870      0.0       0.0    -0.0007      0.2    0.8    -666.000   26.8   0b1111111111111111    20190605T172117133346
13     180     2.4892      0.0       0.0    -0.0002      0.3    0.8    -666.000   26.8   0b1111111111111111    20190605T172117133649
14     180     2.4907      0.0       0.0     0.0002      0.4    0.8    9963.000   26.8   0b1111111111111111    20190605T172117133946
15     180     2.4870      0.0       0.0     0.0002      0.3    0.8   14922.000   26.8   0b1111111111111111    20190605T172117134237
 0     170     2.4270      0.0       0.0     0.0004      0.4    0.8    5824.800   26.7   0b1111111111111111    20190605T172120576096
 1     170     2.4304      0.4       0.8     0.0001      0.2    0.8   29165.400   26.7   0b1111111111111111    20190605T172120576461
 2     170     2.4518      0.0       0.0     0.0000      0.0    0.0    -666.000   26.7   0b1111111111111111    20190605T172120576733
 3     170     2.4435      0.0       0.0     0.0008      0.0    0.0    2932.200   26.7   0b1111111111111111    20190605T172120576985
 4     170     2.4563      0.0       0.0     0.0009      0.3    0.8    2679.545   26.7   0b1111111111111111    20190605T172120577263
 5     170     2.4390      0.0       0.0    -0.0007      0.2    0.8    -666.000   26.7   0b1111111111111111    20190605T172120577534
 6     170     2.4473      0.0       0.0    -0.0002      0.4    0.8    -666.000   26.7   0b1111111111111111    20190605T172120577790
 7     170     2.4630      0.0       0.0     0.0016      0.3    0.8    1555.579   26.7   0b1111111111111111    20190605T172120578048
 8     170     2.4457      0.0       0.0    -0.0025      0.0    0.0    -666.000   26.7   0b1111111111111111    20190605T172120578307
 9     170     2.4579      0.3       0.8    -0.0008      0.4    1.7    -666.000   26.7   0b1111111111111111    20190605T172120578561
10     170     2.4450      0.0       0.0    -0.0032      0.3    0.8    -666.000   26.7   0b1111111111111111    20190605T172120578876
11     170     2.4367      0.0       0.0     0.0000      0.0    0.0    -666.000   26.7   0b1111111111111111    20190605T172120579138
12     170     2.4393      0.4       0.8    -0.0008      0.0    0.0    -666.000   26.7   0b1111111111111111    20190605T172120579414
13     170     2.4412      0.0       0.0    -0.0001      0.2    0.8    -666.000   26.7   0b1111111111111111    20190605T172120579671
14     170     2.4428      0.0       0.0     0.0004      0.4    0.8    5862.600   26.7   0b1111111111111111    20190605T172120579927
15     170     2.4390      0.0       0.0     0.0001      0.2    0.8   29268.000   26.7   0b1111111111111111    20190605T172120580182
 0     160     2.3790      0.0       0.0     0.0006      0.4    0.8    4078.286   26.7   0b1111111111111111    20190605T172124024203
 1     160     2.3820      0.0       0.0     0.0001      0.2    0.8   28584.000   26.7   0b1111111111111111    20190605T172124024647
 2     160     2.4030      0.0       0.0     0.0000      0.0    0.0    -666.000   26.7   0b1111111111111111    20190605T172124024967
 3     160     2.3947      0.0       0.0     0.0007      0.3    0.8    3592.125   26.7   0b1111111111111111    20190605T172124025289
 4     160     2.4072      0.4       0.8     0.0008      0.0    0.0    2888.640   26.7   0b1111111111111111    20190605T172124025586
 5     160     2.3908      0.3       0.8    -0.0007      0.3    0.8    -666.000   26.7   0b1111111111111111    20190605T172124025876
 6     160     2.3985      0.0       0.0    -0.0005      0.4    0.8    -666.000   26.7   0b1111111111111111    20190605T172124026164
 7     160     2.4142      0.0       0.0     0.0017      0.0    0.0    1448.550   26.7   0b1111111111111111    20190605T172124026472
 8     160     2.3979      0.3       0.7    -0.0025      0.0    0.0    -666.000   26.7   0b1111111111111111    20190605T172124026803
 9     160     2.4099      0.3       0.7    -0.0008      0.0    0.0    -666.000   26.7   0b1111111111111111    20190605T172124027092
10     160     2.3970      0.0       0.0    -0.0033      0.0    0.0    -666.000   26.7   0b1111111111111111    20190605T172124027412
11     160     2.3895      0.0       0.0     0.0000      0.0    0.0    -666.000   26.7   0b1111111111111111    20190605T172124027698
12     160     2.3911      0.2       0.8    -0.0008      0.0    0.0    -666.000   26.7   0b1111111111111111    20190605T172124028008
13     160     2.3933      0.0       0.0    -0.0006      0.4    0.8    -666.000   26.7   0b1111111111111111    20190605T172124028334
14     160     2.3947      0.0       0.0     0.0000      0.0    0.0    -666.000   26.7   0b1111111111111111    20190605T172124028500
15     160     2.3910      0.0       0.0     0.0001      0.2    0.8   28692.000   26.7   0b1111111111111111    20190605T172124028637
 0     150     2.3333      0.0       0.0     0.0002      0.4    0.8    9333.000   26.7   0b1111111111111111    20190605T172127470829
 1     150     2.3363      0.0       0.0     0.0000      0.0    0.0    -666.000   26.7   0b1111111111111111    20190605T172127471240
 2     150     2.3573      0.0       0.0    -0.0002      0.3    0.8    -666.000   26.7   0b1111111111111111    20190605T172127471542
 3     150     2.3485      0.3       0.8     0.0004      0.4    0.8    5636.340   26.7   0b1111111111111111    20190605T172127471834
 4     150     2.3610      0.0       0.0     0.0008      0.0    0.0    2833.200   26.7   0b1111111111111111    20190605T172127472122
 5     150     2.3445      0.0       0.0    -0.0008      0.0    0.0    -666.000   26.7   0b1111111111111111    20190605T172127472427
 6     150     2.3522      0.3       0.8    -0.0006      0.4    0.8    -666.000   26.7   0b1111111111111111    20190605T172127472709
 7     150     2.3678      0.0       0.0     0.0015      0.3    0.8    1578.500   26.7   0b1111111111111111    20190605T172127472993
 8     150     2.3527      0.0       0.0    -0.0025      0.0    0.0    -666.000   26.7   0b1111111111111111    20190605T172127473295
 9     150     2.3640      0.0       0.0    -0.0008      0.0    0.0    -666.000   26.7   0b1111111111111111    20190605T172127473632
10     150     2.3498      0.0       0.0    -0.0033      0.0    0.0    -666.000   26.7   0b1111111111111111    20190605T172127473918
11     150     2.3445      0.0       0.0    -0.0002      0.4    0.8    -666.000   26.7   0b1111111111111111    20190605T172127474198
12     150     2.3460      0.0       0.0    -0.0008      0.0    0.0    -666.000   26.7   0b1111111111111111    20190605T172127474504
13     150     2.3473      0.3       0.8    -0.0007      0.3    0.8    -666.000   26.7   0b1111111111111111    20190605T172127474784
14     150     2.3483      0.0       0.0     0.0000      0.0    0.0    -666.000   26.7   0b1111111111111111    20190605T172127475063
15     150     2.3460      0.0       0.0     0.0000      0.0    0.0    -666.000   26.7   0b1111111111111111    20190605T172127475361
 0     140     2.2853      0.0       0.0     0.0001      0.2    0.8   27423.000   26.7   0b1111111111111111    20190605T172130915350
 1     140     2.2883      0.2       0.8     0.0000      0.0    0.0    -666.000   26.7   0b1111111111111111    20190605T172130915781
 2     140     2.3089      0.4       0.8    -0.0005      0.4    0.8    -666.000   26.7   0b1111111111111111    20190605T172130916097
 3     140     2.3006      0.4       0.7     0.0005      0.4    0.8    4601.250   26.7   0b1111111111111111    20190605T172130916397
 4     140     2.3124      0.3       0.7     0.0008      0.0    0.0    2774.880   26.7   0b1111111111111111    20190605T172130916710
 5     140     2.2965      0.0       0.0    -0.0008      0.0    0.0    -666.000   26.7   0b1111111111111111    20190605T172130916999
 6     140     2.3043      0.4       0.8    -0.0008      0.0    0.0    -666.000   26.7   0b1111111111111111    20190605T172130917285
 7     140     2.3190      0.0       0.0     0.0014      0.4    0.8    1636.941   26.7   0b1111111111111111    20190605T172130917591
 8     140     2.3055      0.0       0.0    -0.0026      0.3    0.8    -666.000   26.7   0b1111111111111111    20190605T172130917887
 9     140     2.3160      0.0       0.0    -0.0010      0.3    0.8    -666.000   26.7   0b1111111111111111    20190605T172130918170
10     140     2.3025      0.0       0.0    -0.0034      0.2    0.8    -666.000   26.7   0b1111111111111111    20190605T172130918532
11     140     2.2972      0.0       0.0    -0.0003      0.4    0.8    -666.000   26.7   0b1111111111111111    20190605T172130918721
12     140     2.2980      0.0       0.0    -0.0008      0.0    0.0    -666.000   26.7   0b1111111111111111    20190605T172130918857
13     140     2.2995      0.0       0.0    -0.0007      0.2    0.8    -666.000   26.7   0b1111111111111111    20190605T172130918993
14     140     2.3002      0.0       0.0     0.0000      0.0    0.0    -666.000   26.7   0b1111111111111111    20190605T172130919130
15     140     2.2980      0.0       0.0     0.0000      0.0    0.0    -666.000   26.7   0b1111111111111111    20190605T172130919266
 0     130     2.2372      0.0       0.0     0.0002      0.3    0.8   13423.500   26.7   0b1111111111111111    20190605T172134363549
 1     130     2.2403      0.0       0.0     0.0000      0.0    0.0    -666.000   26.7   0b1111111111111111    20190605T172134363950
 2     130     2.2605      0.0       0.0    -0.0004      0.4    0.8    -666.000   26.7   0b1111111111111111    20190605T172134364256
 3     130     2.2523      0.0       0.0     0.0001      0.2    0.8   27027.000   26.7   0b1111111111111111    20190605T172134364580
 4     130     2.2643      0.0       0.0     0.0008      0.0    0.0    2717.100   26.7   0b1111111111111111    20190605T172134364874
 5     130     2.2491      0.3       0.8    -0.0008      0.0    0.0    -666.000   26.7   0b1111111111111111    20190605T172134365161
 6     130     2.2565      0.3       0.7    -0.0008      0.0    0.0    -666.000   26.7   0b1111111111111111    20190605T172134365447
 7     130     2.2709      0.2       0.8     0.0012      0.4    0.8    1946.507   26.7   0b1111111111111111    20190605T172134365753
 8     130     2.2579      0.4       0.7    -0.0027      0.4    0.8    -666.000   26.7   0b1111111111111111    20190605T172134366037
 9     130     2.2688      0.0       0.0    -0.0011      0.4    0.8    -666.000   26.7   0b1111111111111111    20190605T172134366378
10     130     2.2553      0.0       0.0    -0.0033      0.0    0.0    -666.000   26.7   0b1111111111111111    20190605T172134366685
11     130     2.2500      0.0       0.0    -0.0007      0.3    0.8    -666.000   26.7   0b1111111111111111    20190605T172134366968
12     130     2.2502      0.3       0.8    -0.0010      0.3    0.8    -666.000   26.7   0b1111111111111111    20190605T172134367248
13     130     2.2515      0.0       0.0    -0.0008      0.0    0.0    -666.000   26.7   0b1111111111111111    20190605T172134367555
14     130     2.2525      0.3       0.8     0.0000      0.0    0.0    -666.000   26.7   0b1111111111111111    20190605T172134367837
15     130     2.2500      0.0       0.0     0.0000      0.0    0.0    -666.000   26.7   0b1111111111111111    20190605T172134368116
 0     120     2.1885      0.0       0.0     0.0001      0.2    0.8   26262.000   26.6   0b1111111111111111    20190605T172137813151
 1     120     2.1915      0.0       0.0     0.0000      0.0    0.0    -666.000   26.6   0b1111111111111111    20190605T172137813399
 2     120     2.2117      0.0       0.0    -0.0006      0.4    0.8    -666.000   26.6   0b1111111111111111    20190605T172137813567
 3     120     2.2040      0.3       0.8     0.0000      0.0    0.0    -666.000   26.6   0b1111111111111111    20190605T172137813720
 4     120     2.2162      0.0       0.0     0.0008      0.0    0.0    2659.500   26.6   0b1111111111111111    20190605T172137813867
 5     120     2.2008      0.4       0.8    -0.0008      0.0    0.0    -666.000   26.6   0b1111111111111111    20190605T172137814010
 6     120     2.2081      0.2       0.7    -0.0008      0.0    0.0    -666.000   26.6   0b1111111111111111    20190605T172137814151
 7     120     2.2221      0.3       0.8     0.0012      0.4    0.8    1904.657   26.6   0b1111111111111111    20190605T172137814321
 8     120     2.2113      0.4       0.8    -0.0026      0.3    0.8    -666.000   26.6   0b1111111111111111    20190605T172137814512
 9     120     2.2215      0.0       0.0    -0.0012      0.4    0.8    -666.000   26.6   0b1111111111111111    20190605T172137814657
10     120     2.2080      0.0       0.0    -0.0033      0.0    0.0    -666.000   26.6   0b1111111111111111    20190605T172137814797
11     120     2.2028      0.0       0.0    -0.0008      0.0    0.0    -666.000   26.6   0b1111111111111111    20190605T172137814935
12     120     2.2028      0.0       0.0    -0.0012      0.4    0.8    -666.000   26.6   0b1111111111111111    20190605T172137815073
13     120     2.2035      0.0       0.0    -0.0008      0.0    0.0    -666.000   26.6   0b1111111111111111    20190605T172137815215
14     120     2.2035      0.0       0.0     0.0000      0.0    0.0    -666.000   26.6   0b1111111111111111    20190605T172137815352
15     120     2.2020      0.0       0.0     0.0000      0.0    0.0    -666.000   26.6   0b1111111111111111    20190605T172137815489
 0     110     2.1405      0.0       0.0     0.0000      0.0    0.0    -666.000   26.6   0b1111111111111111    20190605T172141296438
 1     110     2.1443      0.2       0.8     0.0000      0.0    0.0    -666.000   26.6   0b1111111111111111    20190605T172141296839
 2     110     2.1645      0.0       0.0    -0.0007      0.2    0.8    -666.000   26.6   0b1111111111111111    20190605T172141297142
 3     110     2.1562      0.0       0.0     0.0000      0.0    0.0    -666.000   26.6   0b1111111111111111    20190605T172141297591
 4     110     2.1692      0.3       0.7     0.0005      0.4    0.8    4338.300   26.6   0b1111111111111111    20190605T172141297891
 5     110     2.1547      0.2       0.8    -0.0009      0.3    0.8    -666.000   26.6   0b1111111111111111    20190605T172141298179
 6     110     2.1623      0.0       0.0    -0.0008      0.0    0.0    -666.000   26.6   0b1111111111111111    20190605T172141298522
 7     110     2.1757      0.2       0.8     0.0008      0.0    0.0    2610.810   26.6   0b1111111111111111    20190605T172141298811
 8     110     2.1652      0.0       0.0    -0.0030      0.4    0.8    -666.000   26.6   0b1111111111111111    20190605T172141299094
 9     110     2.1758      0.0       0.0    -0.0016      0.3    0.8    -666.000   26.6   0b1111111111111111    20190605T172141299430
10     110     2.1615      0.0       0.0    -0.0033      0.0    0.0    -666.000   26.6   0b1111111111111111    20190605T172141299716
11     110     2.1566      0.4       0.8    -0.0007      0.2    0.8    -666.000   26.6   0b1111111111111111    20190605T172141299997
12     110     2.1547      0.0       0.0    -0.0015      0.3    0.8    -666.000   26.6   0b1111111111111111    20190605T172141300277
13     110     2.1562      0.0       0.0    -0.0008      0.0    0.0    -666.000   26.6   0b1111111111111111    20190605T172141300604
14     110     2.1562      0.0       0.0     0.0000      0.0    0.0    -666.000   26.6   0b1111111111111111    20190605T172141300885
15     110     2.1545      0.3       0.8    -0.0002      0.3    0.8    -666.000   26.6   0b1111111111111111    20190605T172141301165
 0     100     2.0903      0.0       0.0     0.0000      0.0    0.0    -666.000   26.6   0b1111111111111111    20190605T172144743885
 1     100     2.0941      0.2       0.7    -0.0001      0.2    0.8    -666.000   26.6   0b1111111111111111    20190605T172144744287
 2     100     2.1142      0.0       0.0    -0.0007      0.3    0.8    -666.000   26.6   0b1111111111111111    20190605T172144744636
 3     100     2.1060      0.0       0.0     0.0000      0.0    0.0    -666.000   26.6   0b1111111111111111    20190605T172144744938
 4     100     2.1202      0.0       0.0     0.0003      0.4    0.8    6360.750   26.6   0b1111111111111111    20190605T172144745233
 5     100     2.1056      0.4       0.8    -0.0009      0.3    0.8    -666.000   26.6   0b1111111111111111    20190605T172144745546
 6     100     2.1135      0.0       0.0    -0.0008      0.0    0.0    -666.000   26.6   0b1111111111111111    20190605T172144745846
 7     100     2.1265      0.3       0.7     0.0008      0.0    0.0    2551.770   26.6   0b1111111111111111    20190605T172144746132
 8     100     2.1165      0.0       0.0    -0.0030      0.4    0.8    -666.000   26.6   0b1111111111111111    20190605T172144746416
 9     100     2.1270      0.0       0.0    -0.0015      0.3    0.8    -666.000   26.6   0b1111111111111111    20190605T172144746778
10     100     2.1127      0.0       0.0    -0.0034      0.2    0.8    -666.000   26.6   0b1111111111111111    20190605T172144747071
11     100     2.1082      0.0       0.0    -0.0008      0.0    0.0    -666.000   26.6   0b1111111111111111    20190605T172144747354
12     100     2.1053      0.0       0.0    -0.0016      0.3    0.8    -666.000   26.6   0b1111111111111111    20190605T172144747658
13     100     2.1066      0.3       0.7    -0.0008      0.0    0.0    -666.000   26.6   0b1111111111111111    20190605T172144747942
14     100     2.1060      0.0       0.0     0.0000      0.0    0.0    -666.000   26.6   0b1111111111111111    20190605T172144748223
15     100     2.1044      0.2       0.8    -0.0005      0.4    0.8    -666.000   26.6   0b1111111111111111    20190605T172144748535
 0      90     2.0407      0.0       0.0    -0.0001      0.2    0.8    -666.000   26.6   0b1111111111111111    20190605T172148194015
 1      90     2.0437      0.0       0.0    -0.0002      0.4    0.8    -666.000   26.6   0b1111111111111111    20190605T172148194521
 2      90     2.0626      0.2       0.8    -0.0007      0.2    0.8    -666.000   26.6   0b1111111111111111    20190605T172148194827
 3      90     2.0550      0.0       0.0     0.0000      0.0    0.0    -666.000   26.6   0b1111111111111111    20190605T172148195118
 4      90     2.0712      0.4       0.8     0.0003      0.4    0.8    6213.600   26.6   0b1111111111111111    20190605T172148195429
 5      90     2.0558      0.0       0.0    -0.0010      0.3    0.8    -666.000   26.6   0b1111111111111111    20190605T172148195720
 6      90     2.0640      0.0       0.0    -0.0008      0.0    0.0    -666.000   26.6   0b1111111111111111    20190605T172148196003
 7      90     2.0768      0.0       0.0     0.0008      0.0    0.0    2492.100   26.6   0b1111111111111111    20190605T172148196308
 8      90     2.0685      0.0       0.0    -0.0033      0.3    0.8    -666.000   26.6   0b1111111111111111    20190605T172148196597
 9      90     2.0775      0.0       0.0    -0.0017      0.0    0.0    -666.000   26.6   0b1111111111111111    20190605T172148196931
10      90     2.0633      0.0       0.0    -0.0034      0.2    0.8    -666.000   26.6   0b1111111111111111    20190605T172148197235
11      90     2.0587      0.0       0.0    -0.0008      0.0    0.0    -666.000   26.6   0b1111111111111111    20190605T172148197519
12      90     2.0557      0.2       0.8    -0.0017      0.0    0.0    -666.000   26.6   0b1111111111111111    20190605T172148197799
13      90     2.0565      0.0       0.0    -0.0010      0.3    0.8    -666.000   26.6   0b1111111111111111    20190605T172148198079
14      90     2.0543      0.2       0.8    -0.0002      0.4    0.8    -666.000   26.6   0b1111111111111111    20190605T172148198380
15      90     2.0535      0.0       0.0    -0.0007      0.3    0.8    -666.000   26.6   0b1111111111111111    20190605T172148198517
 0      80     1.9898      0.0       0.0    -0.0004      0.4    0.8    -666.000   26.6   0b1111111111111111    20190605T172151649941
 1      80     1.9920      0.0       0.0    -0.0002      0.4    0.8    -666.000   26.6   0b1111111111111111    20190605T172151650383
 2      80     2.0108      0.0       0.0    -0.0008      0.0    0.0    -666.000   26.6   0b1111111111111111    20190605T172151650708
 3      80     2.0040      0.0       0.0     0.0000      0.0    0.0    -666.000   26.6   0b1111111111111111    20190605T172151651011
 4      80     2.0205      0.0       0.0     0.0002      0.3    0.8   12123.000   26.6   0b1111111111111111    20190605T172151651329
 5      80     2.0048      0.0       0.0    -0.0012      0.4    0.8    -666.000   26.6   0b1111111111111111    20190605T172151651638
 6      80     2.0138      0.0       0.0    -0.0010      0.3    0.8    -666.000   26.6   0b1111111111111111    20190605T172151651938
 7      80     2.0257      0.0       0.0     0.0008      0.0    0.0    2430.900   26.6   0b1111111111111111    20190605T172151652282
 8      80     2.0176      0.3       0.8    -0.0033      0.3    0.8    -666.000   26.6   0b1111111111111111    20190605T172151652630
 9      80     2.0272      0.0       0.0    -0.0016      0.3    0.8    -666.000   26.6   0b1111111111111111    20190605T172151652921
10      80     2.0126      0.4       0.7    -0.0036      0.4    0.8    -666.000   26.6   0b1111111111111111    20190605T172151653205
11      80     2.0084      0.3       0.8    -0.0008      0.0    0.0    -666.000   26.6   0b1111111111111111    20190605T172151653513
12      80     2.0048      0.0       0.0    -0.0017      0.0    0.0    -666.000   26.6   0b1111111111111111    20190605T172151653796
13      80     2.0055      0.0       0.0    -0.0010      0.3    0.8    -666.000   26.6   0b1111111111111111    20190605T172151654077
14      80     2.0033      0.0       0.0    -0.0003      0.4    0.8    -666.000   26.6   0b1111111111111111    20190605T172151654408
15      80     2.0033      0.0       0.0    -0.0007      0.2    0.8    -666.000   26.6   0b1111111111111111    20190605T172151654697
 0      70     1.9403      0.0       0.0    -0.0005      0.4    0.8    -666.000   26.6   0b1111111111111111    20190605T172155104852
 1      70     1.9440      0.0       0.0    -0.0004      0.4    0.8    -666.000   26.6   0b1111111111111111    20190605T172155105090
 2      70     1.9620      0.0       0.0    -0.0009      0.3    0.8    -666.000   26.6   0b1111111111111111    20190605T172155105263
 3      70     1.9545      0.0       0.0    -0.0001      0.2    0.8    -666.000   26.6   0b1111111111111111    20190605T172155105421
 4      70     1.9695      0.0       0.0     0.0001      0.2    0.8   23634.000   26.6   0b1111111111111111    20190605T172155105581
 5      70     1.9552      0.0       0.0    -0.0010      0.3    0.8    -666.000   26.6   0b1111111111111111    20190605T172155105727
 6      70     1.9635      0.0       0.0    -0.0010      0.3    0.8    -666.000   26.6   0b1111111111111111    20190605T172155105869
 7      70     1.9755      0.0       0.0     0.0007      0.2    0.8    2634.000   26.6   0b1111111111111111    20190605T172155106010
 8      70     1.9680      0.0       0.0    -0.0033      0.3    0.8    -666.000   26.6   0b1111111111111111    20190605T172155106151
 9      70     1.9770      0.0       0.0    -0.0017      0.0    0.0    -666.000   26.6   0b1111111111111111    20190605T172155106491
10      70     1.9628      0.0       0.0    -0.0037      0.4    0.8    -666.000   26.6   0b1111111111111111    20190605T172155106712
11      70     1.9590      0.0       0.0    -0.0009      0.3    0.8    -666.000   26.6   0b1111111111111111    20190605T172155106851
12      70     1.9545      0.0       0.0    -0.0017      0.2    0.8    -666.000   26.6   0b1111111111111111    20190605T172155106989
13      70     1.9560      0.0       0.0    -0.0012      0.4    0.8    -666.000   26.6   0b1111111111111111    20190605T172155107199
14      70     1.9545      0.0       0.0    -0.0006      0.4    0.8    -666.000   26.6   0b1111111111111111    20190605T172155107551
15      70     1.9532      0.3       0.8    -0.0008      0.0    0.0    -666.000   26.6   0b1111111111111111    20190605T172155107737
 0      60     1.8909      0.3       0.8    -0.0007      0.3    0.8    -666.000   26.5   0b1111111111111111    20190605T172158562589
 1      60     1.8939      0.3       0.8    -0.0007      0.3    0.8    -666.000   26.5   0b1111111111111111    20190605T172158563003
 2      60     1.9118      0.0       0.0    -0.0009      0.3    0.8    -666.000   26.5   0b1111111111111111    20190605T172158563352
 3      60     1.9042      0.0       0.0    -0.0003      0.4    0.8    -666.000   26.5   0b1111111111111111    20190605T172158563656
 4      60     1.9192      0.0       0.0     0.0000      0.0    0.0    -666.000   26.5   0b1111111111111111    20190605T172158563961
 5      60     1.9050      0.0       0.0    -0.0015      0.3    0.8    -666.000   26.5   0b1111111111111111    20190605T172158564275
 6      60     1.9132      0.2       0.8    -0.0011      0.4    0.8    -666.000   26.5   0b1111111111111111    20190605T172158564563
 7      60     1.9245      0.0       0.0     0.0008      0.0    0.0    2309.400   26.5   0b1111111111111111    20190605T172158564849
 8      60     1.9183      0.3       0.8    -0.0033      0.0    0.0    -666.000   26.5   0b1111111111111111    20190605T172158565197
 9      60     1.9261      0.3       0.8    -0.0017      0.0    0.0    -666.000   26.5   0b1111111111111111    20190605T172158565510
10      60     1.9120      0.3       0.8    -0.0038      0.4    0.8    -666.000   26.5   0b1111111111111111    20190605T172158565794
11      60     1.9087      0.0       0.0    -0.0010      0.3    0.8    -666.000   26.5   0b1111111111111111    20190605T172158566076
12      60     1.9050      0.0       0.0    -0.0017      0.0    0.0    -666.000   26.5   0b1111111111111111    20190605T172158566381
13      60     1.9065      0.0       0.0    -0.0012      0.4    0.8    -666.000   26.5   0b1111111111111111    20190605T172158566665
14      60     1.9050      0.0       0.0    -0.0007      0.2    0.8    -666.000   26.5   0b1111111111111111    20190605T172158566945
15      60     1.9035      0.0       0.0    -0.0008      0.0    0.0    -666.000   26.5   0b1111111111111111    20190605T172158567244
 0      50     1.8413      0.0       0.0    -0.0007      0.2    0.8    -666.000   26.5   0b1111111111111111    20190605T172202011871
 1      50     1.8442      0.0       0.0    -0.0008      0.0    0.0    -666.000   26.5   0b1111111111111111    20190605T172202012344
 2      50     1.8615      0.0       0.0    -0.0011      0.4    0.8    -666.000   26.5   0b1111111111111111    20190605T172202012669
 3      50     1.8540      0.0       0.0    -0.0003      0.4    0.8    -666.000   26.5   0b1111111111111111    20190605T172202012972
 4      50     1.8683      0.0       0.0     0.0000      0.0    0.0    -666.000   26.5   0b1111111111111111    20190605T172202013291
 5      50     1.8545      0.3       0.8    -0.0015      0.3    0.8    -666.000   26.5   0b1111111111111111    20190605T172202013583
 6      50     1.8629      0.2       0.7    -0.0012      0.4    0.8    -666.000   26.5   0b1111111111111111    20190605T172202013873
 7      50     1.8735      0.0       0.0     0.0007      0.2    0.8    2498.000   26.5   0b1111111111111111    20190605T172202014169
 8      50     1.8683      0.0       0.0    -0.0033      0.0    0.0    -666.000   26.5   0b1111111111111111    20190605T172202014478
 9      50     1.8758      0.0       0.0    -0.0018      0.3    0.8    -666.000   26.5   0b1111111111111111    20190605T172202014769
10      50     1.8622      0.0       0.0    -0.0041      0.2    0.8    -666.000   26.5   0b1111111111111111    20190605T172202015134
11      50     1.8591      0.3       0.8    -0.0011      0.4    0.8    -666.000   26.5   0b1111111111111111    20190605T172202015441
12      50     1.8555      0.0       0.0    -0.0017      0.2    0.8    -666.000   26.5   0b1111111111111111    20190605T172202015724
13      50     1.8562      0.0       0.0    -0.0012      0.4    0.8    -666.000   26.5   0b1111111111111111    20190605T172202016005
14      50     1.8547      0.0       0.0    -0.0008      0.0    0.0    -666.000   26.5   0b1111111111111111    20190605T172202016310
15      50     1.8540      0.0       0.0    -0.0008      0.0    0.0    -666.000   26.5   0b1111111111111111    20190605T172202016594
 0      40     1.7910      0.0       0.0    -0.0008      0.0    0.0    -666.000   26.5   0b1111111111111111    20190605T172205468506
 1      40     1.7940      0.0       0.0    -0.0008      0.0    0.0    -666.000   26.5   0b1111111111111111    20190605T172205468918
 2      40     1.8105      0.0       0.0    -0.0012      0.4    0.8    -666.000   26.5   0b1111111111111111    20190605T172205469276
 3      40     1.8038      0.0       0.0    -0.0005      0.4    0.8    -666.000   26.5   0b1111111111111111    20190605T172205469582
 4      40     1.8173      0.0       0.0     0.0000      0.0    0.0    -666.000   26.5   0b1111111111111111    20190605T172205469876
 5      40     1.8038      0.0       0.0    -0.0017      0.0    0.0    -666.000   26.5   0b1111111111111111    20190605T172205470163
 6      40     1.8120      0.0       0.0    -0.0016      0.3    0.8    -666.000   26.5   0b1111111111111111    20190605T172205470469
 7      40     1.8225      0.0       0.0     0.0002      0.4    0.8    7290.000   26.5   0b1111111111111111    20190605T172205470755
 8      40     1.8173      0.0       0.0    -0.0035      0.3    0.8    -666.000   26.5   0b1111111111111111    20190605T172205471077
 9      40     1.8255      0.0       0.0    -0.0021      0.4    0.8    -666.000   26.5   0b1111111111111111    20190605T172205471504
10      40     1.8120      0.0       0.0    -0.0042      0.0    0.0    -666.000   26.5   0b1111111111111111    20190605T172205471798
11      40     1.8082      0.0       0.0    -0.0014      0.4    0.8    -666.000   26.5   0b1111111111111111    20190605T172205472101
12      40     1.8053      0.0       0.0    -0.0022      0.4    0.8    -666.000   26.5   0b1111111111111111    20190605T172205472403
13      40     1.8060      0.0       0.0    -0.0017      0.0    0.0    -666.000   26.5   0b1111111111111111    20190605T172205472689
14      40     1.8045      0.0       0.0    -0.0008      0.0    0.0    -666.000   26.5   0b1111111111111111    20190605T172205472969
15      40     1.8045      0.0       0.0    -0.0008      0.0    0.0    -666.000   26.5   0b1111111111111111    20190605T172205473273
 0      30     1.7430      0.0       0.0    -0.0008      0.0    0.0    -666.000   26.5   0b1111111111111111    20190605T172208939198
 1      30     1.7463      0.4       0.8    -0.0008      0.0    0.0    -666.000   26.5   0b1111111111111111    20190605T172208939677
 2      30     1.7632      0.0       0.0    -0.0014      0.4    0.8    -666.000   26.5   0b1111111111111111    20190605T172208940002
 3      30     1.7543      0.0       0.0    -0.0007      0.2    0.8    -666.000   26.5   0b1111111111111111    20190605T172208940302
 4      30     1.7685      0.0       0.0    -0.0001      0.2    0.8    -666.000   26.5   0b1111111111111111    20190605T172208940661
 5      30     1.7550      0.0       0.0    -0.0017      0.0    0.0    -666.000   26.5   0b1111111111111111    20190605T172208940955
 6      30     1.7625      0.0       0.0    -0.0017      0.0    0.0    -666.000   26.5   0b1111111111111111    20190605T172208941241
 7      30     1.7730      0.0       0.0     0.0005      0.4    0.8    3546.000   26.5   0b1111111111111111    20190605T172208941571
 8      30     1.7695      0.3       0.8    -0.0034      0.2    0.8    -666.000   26.5   0b1111111111111111    20190605T172208941859
 9      30     1.7752      0.2       0.8    -0.0021      0.4    0.8    -666.000   26.5   0b1111111111111111    20190605T172208942142
10      30     1.7632      0.0       0.0    -0.0042      0.0    0.0    -666.000   26.5   0b1111111111111111    20190605T172208942480
11      30     1.7603      0.2       0.8    -0.0016      0.3    0.8    -666.000   26.5   0b1111111111111111    20190605T172208942767
12      30     1.7565      0.0       0.0    -0.0024      0.2    0.8    -666.000   26.5   0b1111111111111111    20190605T172208943049
13      30     1.7577      0.4       0.8    -0.0016      0.3    0.8    -666.000   26.5   0b1111111111111111    20190605T172208943329
14      30     1.7565      0.0       0.0    -0.0008      0.0    0.0    -666.000   26.5   0b1111111111111111    20190605T172208943661
15      30     1.7558      0.0       0.0    -0.0010      0.3    0.8    -666.000   26.5   0b1111111111111111    20190605T172208943942
 0      20     1.6940      0.4       0.7    -0.0008      0.0    0.0    -666.000   26.5   0b1111111111111111    20190605T172212402146
 1      20     1.6972      0.0       0.0    -0.0008      0.0    0.0    -666.000   26.5   0b1111111111111111    20190605T172212402513
 2      20     1.7130      0.0       0.0    -0.0015      0.3    0.8    -666.000   26.5   0b1111111111111111    20190605T172212402780
 3      20     1.7048      0.0       0.0    -0.0008      0.0    0.0    -666.000   26.5   0b1111111111111111    20190605T172212403048
 4      20     1.7182      0.0       0.0     0.0000      0.0    0.0    -666.000   26.5   0b1111111111111111    20190605T172212403310
 5      20     1.7048      0.2       0.8    -0.0017      0.0    0.0    -666.000   26.5   0b1111111111111111    20190605T172212403562
 6      20     1.7128      0.3       0.7    -0.0017      0.0    0.0    -666.000   26.5   0b1111111111111111    20190605T172212403816
 7      20     1.7228      0.0       0.0     0.0001      0.2    0.8   20673.000   26.5   0b1111111111111111    20190605T172212404067
 8      20     1.7205      0.0       0.0    -0.0037      0.4    0.8    -666.000   26.5   0b1111111111111111    20190605T172212404332
 9      20     1.7257      0.2       0.8    -0.0022      0.4    0.8    -666.000   26.5   0b1111111111111111    20190605T172212404647
10      20     1.7138      0.0       0.0    -0.0042      0.0    0.0    -666.000   26.5   0b1111111111111111    20190605T172212404899
11      20     1.7115      0.0       0.0    -0.0013      0.4    0.8    -666.000   26.5   0b1111111111111111    20190605T172212405151
12      20     1.7070      0.0       0.0    -0.0022      0.4    0.8    -666.000   26.5   0b1111111111111111    20190605T172212405404
13      20     1.7085      0.0       0.0    -0.0016      0.3    0.8    -666.000   26.5   0b1111111111111111    20190605T172212405655
14      20     1.7070      0.0       0.0    -0.0008      0.0    0.0    -666.000   26.5   0b1111111111111111    20190605T172212407816
15      20     1.7070      0.0       0.0    -0.0012      0.4    0.8    -666.000   26.5   0b1111111111111111    20190605T172212408184
 0      10     1.6447      0.0       0.0    -0.0008      0.0    0.0    -666.000   26.4   0b1111111111111111    20190605T172215896593
 1      10     1.6477      0.0       0.0    -0.0008      0.0    0.0    -666.000   26.4   0b1111111111111111    20190605T172215896992
 2      10     1.6635      0.0       0.0    -0.0016      0.3    0.8    -666.000   26.4   0b1111111111111111    20190605T172215897381
 3      10     1.6553      0.0       0.0    -0.0008      0.0    0.0    -666.000   26.4   0b1111111111111111    20190605T172215897688
 4      10     1.6680      0.0       0.0    -0.0002      0.3    0.8    -666.000   26.4   0b1111111111111111    20190605T172215897981
 5      10     1.6553      0.2       0.8    -0.0017      0.0    0.0    -666.000   26.4   0b1111111111111111    20190605T172215898280
 6      10     1.6628      0.0       0.0    -0.0017      0.0    0.0    -666.000   26.4   0b1111111111111111    20190605T172215898423
 7      10     1.6725      0.0       0.0     0.0001      0.2    0.8   20070.000   26.4   0b1111111111111111    20190605T172215898563
 8      10     1.6710      0.0       0.0    -0.0038      0.4    0.8    -666.000   26.4   0b1111111111111111    20190605T172215898702
 9      10     1.6755      0.0       0.0    -0.0023      0.3    0.8    -666.000   26.4   0b1111111111111111    20190605T172215898841
10      10     1.6648      0.3       0.7    -0.0042      0.3    0.8    -666.000   26.4   0b1111111111111111    20190605T172215898979
11      10     1.6628      0.0       0.0    -0.0016      0.3    0.8    -666.000   26.4   0b1111111111111111    20190605T172215899146
12      10     1.6576      0.2       0.7    -0.0024      0.2    0.8    -666.000   26.4   0b1111111111111111    20190605T172215899287
13      10     1.6590      0.0       0.0    -0.0017      0.0    0.0    -666.000   26.4   0b1111111111111111    20190605T172215899428
14      10     1.6579      0.4       0.7    -0.0010      0.3    0.8    -666.000   26.4   0b1111111111111111    20190605T172215899565
15      10     1.6576      0.2       0.7    -0.0013      0.4    0.8    -666.000   26.4   0b1111111111111111    20190605T172215899702
 0       0     1.5949      0.4       0.8    -0.0009      0.3    0.8    -666.000   26.4   0b1111111111111111    20190605T172219354614
 1       0     1.5976      0.2       0.7    -0.0008      0.0    0.0    -666.000   26.4   0b1111111111111111    20190605T172219355024
 2       0     1.6133      0.0       0.0    -0.0017      0.0    0.0    -666.000   26.4   0b1111111111111111    20190605T172219355341
 3       0     1.6058      0.0       0.0    -0.0008      0.0    0.0    -666.000   26.4   0b1111111111111111    20190605T172219355663
 4       0     1.6178      0.0       0.0    -0.0002      0.3    0.8    -666.000   26.4   0b1111111111111111    20190605T172219355958
 5       0     1.6055      0.3       0.8    -0.0017      0.0    0.0    -666.000   26.4   0b1111111111111111    20190605T172219356246
 6       0     1.6130      0.4       0.8    -0.0017      0.0    0.0    -666.000   26.4   0b1111111111111111    20190605T172219356555
 7       0     1.6223      0.2       0.8     0.0001      0.2    0.8   19467.900   26.4   0b1111111111111111    20190605T172219356843
 8       0     1.6209      0.3       0.8    -0.0042      0.0    0.0    -666.000   26.4   0b1111111111111111    20190605T172219357127
 9       0     1.6260      0.0       0.0    -0.0025      0.0    0.0    -666.000   26.4   0b1111111111111111    20190605T172219357451
10       0     1.6153      0.3       0.8    -0.0042      0.0    0.0    -666.000   26.4   0b1111111111111111    20190605T172219357757
11       0     1.6133      0.0       0.0    -0.0017      0.0    0.0    -666.000   26.4   0b1111111111111111    20190605T172219358039
12       0     1.6082      0.3       0.7    -0.0025      0.0    0.0    -666.000   26.4   0b1111111111111111    20190605T172219358320
13       0     1.6095      0.0       0.0    -0.0017      0.2    0.8    -666.000   26.4   0b1111111111111111    20190605T172219358633
14       0     1.6087      0.2       0.7    -0.0009      0.3    0.8    -666.000   26.4   0b1111111111111111    20190605T172219358771
15       0     1.6086      0.3       0.7    -0.0015      0.3    0.8    -666.000   26.4   0b1111111111111111    20190605T172219358908
