CH# Vset[DAC]   V[V]    dVRMS[mV] dVpp[mV]    I[A]  dIRMS[mA] dIpp[mA]   R[ohm]   T[C]   State                Timestamp
 0     250     2.8375      0.3       0.8     0.0022      0.4    0.8    1309.604   24.1   0b1111111111111111    20190524T192824591742
 1     250     2.8216      0.3       0.8    -0.0007      0.5    1.7    -666.000   24.1   0b1111111111111111    20190524T192824592159
 2     250     2.8384      0.4       0.8     0.0002      0.3    0.8   17030.250   24.1   0b1111111111111111    20190524T192824592459
 3     250     2.8532      0.3       0.8     0.0001      0.4    1.7   34237.800   24.1   0b1111111111111111    20190524T192824592834
 4     250     2.8860      0.0       0.0     0.0003      0.4    0.8    8658.000   24.1   0b1111111111111111    20190524T192824593132
 5     250     2.8581      0.3       0.7     0.0004      0.6    1.7    6859.440   24.1   0b1111111111111111    20190524T192824593417
 6     250     2.8566      0.3       0.8    -0.0005      0.6    1.7    -666.000   24.1   0b1111111111111111    20190524T192824593758
 7     250     2.8478      0.0       0.0     0.0013      0.6    1.7    2278.200   24.1   0b1111111111111111    20190524T192824594047
 8     250     2.8487      0.3       0.7     0.0000      0.4    1.7    -666.000   24.1   0b1111111111111111    20190524T192824594329
 9     250     2.8648      0.3       0.8     0.0002      0.4    0.8   11459.100   24.1   0b1111111111111111    20190524T192824594726
10     250     2.8778      0.2       0.8     0.0013      0.4    0.8    2158.369   24.1   0b1111111111111111    20190524T192824595019
11     250     2.8593      0.4       0.8    -0.0006      0.4    0.8    -666.000   24.1   0b1111111111111111    20190524T192824595300
12     250     2.8553      0.0       0.0     0.0016      0.3    0.8    1803.316   24.1   0b1111111111111111    20190524T192824595580
13     250     2.8920      0.0       0.0     0.0026      0.6    1.7    1119.484   24.1   0b1111111111111111    20190524T192824595910
14     250     2.8506      0.3       0.8     0.0013      0.4    0.8    2137.950   24.1   0b1111111111111111    20190524T192824596193
15     250     2.8699      0.4       0.8     0.0014      0.5    1.7    2025.847   24.1   0b1111111111111111    20190524T192824596473
 0     240     2.7899      0.2       0.8     0.0021      0.4    0.8    1339.164   24.1   0b1111111111111111    20190524T192828046749
 1     240     2.7741      0.3       0.7    -0.0007      0.2    0.8    -666.000   24.1   0b1111111111111111    20190524T192828047186
 2     240     2.7907      0.0       0.0     0.0001      0.2    0.8   33489.000   24.1   0b1111111111111111    20190524T192828047487
 3     240     2.8050      0.0       0.0     0.0002      0.3    0.8   16830.000   24.1   0b1111111111111111    20190524T192828047821
 4     240     2.8365      0.0       0.0     0.0001      0.2    0.8   34038.000   24.1   0b1111111111111111    20190524T192828047965
 5     240     2.8088      0.2       0.7     0.0005      0.4    0.8    5617.650   24.1   0b1111111111111111    20190524T192828048104
 6     240     2.8079      0.2       0.8    -0.0004      0.4    0.8    -666.000   24.1   0b1111111111111111    20190524T192828048240
 7     240     2.7990      0.0       0.0     0.0014      0.5    1.7    1975.765   24.1   0b1111111111111111    20190524T192828048376
 8     240     2.8005      0.0       0.0     0.0000      0.5    1.7    -666.000   24.1   0b1111111111111111    20190524T192828048513
 9     240     2.8155      0.0       0.0     0.0003      0.4    0.8    8446.500   24.1   0b1111111111111111    20190524T192828048671
10     240     2.8290      0.0       0.0     0.0011      0.4    0.8    2611.385   24.1   0b1111111111111111    20190524T192828048813
11     240     2.8103      0.2       0.8    -0.0008      0.0    0.0    -666.000   24.1   0b1111111111111111    20190524T192828048949
12     240     2.8065      0.0       0.0     0.0018      0.2    0.8    1603.714   24.1   0b1111111111111111    20190524T192828049085
13     240     2.8422      0.4       0.7     0.0023      0.3    0.8    1218.086   24.1   0b1111111111111111    20190524T192828049220
14     240     2.8013      0.0       0.0     0.0013      0.4    0.8    2241.000   24.1   0b1111111111111111    20190524T192828049397
15     240     2.8207      0.0       0.0     0.0013      0.4    0.8    2115.562   24.1   0b1111111111111111    20190524T192828049541
 0     230     2.7428      0.0       0.0     0.0019      0.4    0.8    1431.000   24.1   0b1111111111111111    20190524T192831524478
 1     230     2.7277      0.0       0.0    -0.0009      0.3    0.8    -666.000   24.1   0b1111111111111111    20190524T192831524887
 2     230     2.7443      0.0       0.0    -0.0001      0.2    0.8    -666.000   24.1   0b1111111111111111    20190524T192831525201
 3     230     2.7585      0.0       0.0    -0.0002      0.4    0.8    -666.000   24.1   0b1111111111111111    20190524T192831525557
 4     230     2.7887      0.3       0.8     0.0000      0.0    0.0    -666.000   24.1   0b1111111111111111    20190524T192831525852
 5     230     2.7615      0.0       0.0     0.0002      0.3    0.8   16569.000   24.1   0b1111111111111111    20190524T192831526140
 6     230     2.7600      0.0       0.0     0.0000      0.0    0.0    -666.000   24.1   0b1111111111111111    20190524T192831526577
 7     230     2.7518      0.0       0.0     0.0013      0.4    0.8    2201.400   24.1   0b1111111111111111    20190524T192831526875
 8     230     2.7533      0.0       0.0     0.0000      0.4    1.7    -666.000   24.1   0b1111111111111111    20190524T192831527208
 9     230     2.7683      0.2       0.7     0.0002      0.3    0.8   16609.950   24.1   0b1111111111111111    20190524T192831527560
10     230     2.7810      0.0       0.0     0.0013      0.4    0.8    2224.800   24.1   0b1111111111111111    20190524T192831527704
11     230     2.7630      0.0       0.0    -0.0006      0.4    0.8    -666.000   24.1   0b1111111111111111    20190524T192831527842
12     230     2.7585      0.0       0.0     0.0014      0.4    0.8    1947.176   24.1   0b1111111111111111    20190524T192831527981
13     230     2.7934      0.4       0.8     0.0023      0.4    0.8    1241.500   24.1   0b1111111111111111    20190524T192831528118
14     230     2.7540      0.0       0.0     0.0011      0.4    0.8    2542.154   24.1   0b1111111111111111    20190524T192831528255
15     230     2.7727      0.0       0.0     0.0013      0.4    0.8    2079.562   24.1   0b1111111111111111    20190524T192831528408
 0     220     2.6947      0.0       0.0     0.0020      0.4    0.8    1347.375   24.1   0b1111111111111111    20190524T192834980931
 1     220     2.6805      0.0       0.0    -0.0008      0.0    0.0    -666.000   24.1   0b1111111111111111    20190524T192834981329
 2     220     2.6962      0.0       0.0     0.0000      0.0    0.0    -666.000   24.1   0b1111111111111111    20190524T192834981668
 3     220     2.7105      0.0       0.0    -0.0002      0.4    0.8    -666.000   24.1   0b1111111111111111    20190524T192834981967
 4     220     2.7390      0.0       0.0     0.0000      0.0    0.0    -666.000   24.1   0b1111111111111111    20190524T192834982258
 5     220     2.7130      0.4       0.7     0.0000      0.0    0.0    -666.000   24.1   0b1111111111111111    20190524T192834982587
 6     220     2.7128      0.0       0.0    -0.0004      0.4    0.8    -666.000   24.1   0b1111111111111111    20190524T192834982872
 7     220     2.7022      0.0       0.0     0.0012      0.4    0.8    2316.214   24.1   0b1111111111111111    20190524T192834983154
 8     220     2.7045      0.0       0.0    -0.0001      0.2    0.8    -666.000   24.1   0b1111111111111111    20190524T192834983436
 9     220     2.7195      0.0       0.0     0.0002      0.3    0.8   16317.000   24.1   0b1111111111111111    20190524T192834983740
10     220     2.7315      0.0       0.0     0.0011      0.4    0.8    2521.385   24.1   0b1111111111111111    20190524T192834984022
11     220     2.7134      0.2       0.7    -0.0007      0.2    0.8    -666.000   24.1   0b1111111111111111    20190524T192834984302
12     220     2.7090      0.0       0.0     0.0013      0.4    0.8    2167.200   24.1   0b1111111111111111    20190524T192834984607
13     220     2.7448      0.3       0.8     0.0024      0.2    0.8    1135.769   24.1   0b1111111111111111    20190524T192834984902
14     220     2.7060      0.0       0.0     0.0009      0.3    0.8    2952.000   24.1   0b1111111111111111    20190524T192834985184
15     220     2.7225      0.0       0.0     0.0014      0.4    0.8    1921.765   24.1   0b1111111111111111    20190524T192834985463
 0     210     2.6468      0.0       0.0     0.0018      0.3    0.8    1443.682   24.1   0b1111111111111111    20190524T192838453431
 1     210     2.6319      0.3       0.8    -0.0009      0.3    0.8    -666.000   24.1   0b1111111111111111    20190524T192838453854
 2     210     2.6475      0.0       0.0     0.0000      0.0    0.0    -666.000   24.1   0b1111111111111111    20190524T192838454158
 3     210     2.6618      0.0       0.0    -0.0002      0.4    0.8    -666.000   24.1   0b1111111111111111    20190524T192838454444
 4     210     2.6895      0.0       0.0    -0.0001      0.2    0.8    -666.000   24.1   0b1111111111111111    20190524T192838454749
 5     210     2.6640      0.0       0.0     0.0001      0.2    0.8   31968.000   24.1   0b1111111111111111    20190524T192838455032
 6     210     2.6639      0.2       0.8    -0.0002      0.4    0.8    -666.000   24.1   0b1111111111111111    20190524T192838455311
 7     210     2.6528      0.2       0.8     0.0008      0.0    0.0    3183.390   24.1   0b1111111111111111    20190524T192838455614
 8     210     2.6558      0.0       0.0    -0.0002      0.3    0.8    -666.000   24.1   0b1111111111111111    20190524T192838455896
 9     210     2.6701      0.2       0.7     0.0001      0.2    0.8   32040.900   24.1   0b1111111111111111    20190524T192838456176
10     210     2.6820      0.0       0.0     0.0009      0.3    0.8    2925.818   24.1   0b1111111111111111    20190524T192838456456
11     210     2.6640      0.0       0.0    -0.0008      0.0    0.0    -666.000   24.1   0b1111111111111111    20190524T192838456756
12     210     2.6595      0.0       0.0     0.0013      0.4    0.8    1994.625   24.1   0b1111111111111111    20190524T192838457035
13     210     2.6947      0.2       0.8     0.0023      0.3    0.8    1154.861   24.1   0b1111111111111111    20190524T192838457314
14     210     2.6573      0.0       0.0     0.0009      0.3    0.8    2898.818   24.1   0b1111111111111111    20190524T192838457629
15     210     2.6730      0.0       0.0     0.0013      0.4    0.8    2138.400   24.1   0b1111111111111111    20190524T192838457796
 0     200     2.5981      0.2       0.8     0.0017      0.0    0.0    1558.845   24.1   0b1111111111111111    20190524T192841938189
 1     200     2.5838      0.2       0.7    -0.0011      0.4    0.8    -666.000   24.1   0b1111111111111111    20190524T192841938671
 2     200     2.5995      0.0       0.0    -0.0002      0.3    0.8    -666.000   24.1   0b1111111111111111    20190524T192841938988
 3     200     2.6130      0.0       0.0    -0.0002      0.4    0.8    -666.000   24.1   0b1111111111111111    20190524T192841939285
 4     200     2.6393      0.2       0.8    -0.0002      0.3    0.8    -666.000   24.1   0b1111111111111111    20190524T192841939624
 5     200     2.6145      0.0       0.0     0.0000      0.0    0.0    -666.000   24.1   0b1111111111111111    20190524T192841939950
 6     200     2.6145      0.0       0.0    -0.0007      0.3    0.8    -666.000   24.1   0b1111111111111111    20190524T192841940241
 7     200     2.6040      0.0       0.0     0.0009      0.3    0.8    2840.727   24.1   0b1111111111111111    20190524T192841940586
 8     200     2.6066      0.4       0.8    -0.0004      0.4    0.8    -666.000   24.1   0b1111111111111111    20190524T192841940926
 9     200     2.6212      0.2       0.8     0.0000      0.0    0.0    -666.000   24.1   0b1111111111111111    20190524T192841941215
10     200     2.6325      0.0       0.0     0.0009      0.3    0.8    2871.818   24.1   0b1111111111111111    20190524T192841941565
11     200     2.6145      0.0       0.0    -0.0008      0.0    0.0    -666.000   24.1   0b1111111111111111    20190524T192841941856
12     200     2.6100      0.0       0.0     0.0010      0.3    0.8    2610.000   24.1   0b1111111111111111    20190524T192841942148
13     200     2.6439      0.3       0.8     0.0021      0.4    0.8    1269.072   24.1   0b1111111111111111    20190524T192841942483
14     200     2.6075      0.3       0.8     0.0008      0.4    1.7    3129.030   24.1   0b1111111111111111    20190524T192841942768
15     200     2.6235      0.0       0.0     0.0011      0.4    0.8    2421.692   24.1   0b1111111111111111    20190524T192841943050
 0     190     2.5526      0.4       0.8     0.0017      0.0    0.0    1531.575   24.1   0b1111111111111111    20190524T192845393952
 1     190     2.5388      0.0       0.0    -0.0012      0.4    0.8    -666.000   24.1   0b1111111111111111    20190524T192845394354
 2     190     2.5517      0.3       0.8    -0.0002      0.4    0.8    -666.000   24.1   0b1111111111111111    20190524T192845394757
 3     190     2.5670      0.3       0.8    -0.0006      0.4    0.8    -666.000   24.1   0b1111111111111111    20190524T192845395061
 4     190     2.5920      0.0       0.0    -0.0002      0.3    0.8    -666.000   24.1   0b1111111111111111    20190524T192845395352
 5     190     2.5673      0.0       0.0     0.0000      0.0    0.0    -666.000   24.1   0b1111111111111111    20190524T192845395706
 6     190     2.5673      0.0       0.0    -0.0007      0.3    0.8    -666.000   24.1   0b1111111111111111    20190524T192845395994
 7     190     2.5568      0.0       0.0     0.0008      0.0    0.0    3068.100   24.1   0b1111111111111111    20190524T192845396277
 8     190     2.5591      0.3       0.8    -0.0002      0.3    0.8    -666.000   24.1   0b1111111111111111    20190524T192845396670
 9     190     2.5733      0.0       0.0     0.0000      0.0    0.0    -666.000   24.1   0b1111111111111111    20190524T192845396966
10     190     2.5845      0.0       0.0     0.0010      0.3    0.8    2584.500   24.1   0b1111111111111111    20190524T192845397248
11     190     2.5674      0.3       0.7    -0.0008      0.0    0.0    -666.000   24.1   0b1111111111111111    20190524T192845397599
12     190     2.5635      0.0       0.0     0.0012      0.4    0.8    2197.286   24.1   0b1111111111111111    20190524T192845397890
13     190     2.5965      0.0       0.0     0.0019      0.4    0.8    1354.696   24.1   0b1111111111111111    20190524T192845398173
14     190     2.5605      0.0       0.0     0.0008      0.0    0.0    3072.600   24.1   0b1111111111111111    20190524T192845398509
15     190     2.5763      0.0       0.0     0.0009      0.3    0.8    2810.455   24.1   0b1111111111111111    20190524T192845398795
 0     180     2.5043      0.2       0.8     0.0016      0.3    0.8    1581.679   24.1   0b1111111111111111    20190524T192848837952
 1     180     2.4905      0.3       0.7    -0.0013      0.4    0.8    -666.000   24.1   0b1111111111111111    20190524T192848838350
 2     180     2.5035      0.0       0.0    -0.0004      0.4    0.8    -666.000   24.1   0b1111111111111111    20190524T192848838721
 3     180     2.5185      0.0       0.0    -0.0007      0.3    0.8    -666.000   24.1   0b1111111111111111    20190524T192848839048
 4     180     2.5423      0.3       0.7    -0.0002      0.4    0.8    -666.000   24.1   0b1111111111111111    20190524T192848839338
 5     180     2.5179      0.3       0.7     0.0000      0.0    0.0    -666.000   24.1   0b1111111111111111    20190524T192848839624
 6     180     2.5185      0.0       0.0    -0.0008      0.0    0.0    -666.000   24.1   0b1111111111111111    20190524T192848839962
 7     180     2.5080      0.0       0.0     0.0008      0.0    0.0    3009.600   24.1   0b1111111111111111    20190524T192848840246
 8     180     2.5102      0.0       0.0    -0.0005      0.4    0.8    -666.000   24.1   0b1111111111111111    20190524T192848840588
 9     180     2.5237      0.0       0.0    -0.0001      0.2    0.8    -666.000   24.1   0b1111111111111111    20190524T192848840933
10     180     2.5350      0.0       0.0     0.0008      0.0    0.0    3042.000   24.1   0b1111111111111111    20190524T192848841219
11     180     2.5185      0.0       0.0    -0.0012      0.4    0.8    -666.000   24.1   0b1111111111111111    20190524T192848841510
12     180     2.5140      0.0       0.0     0.0011      0.4    0.8    2320.615   24.1   0b1111111111111111    20190524T192848841848
13     180     2.5463      0.0       0.0     0.0018      0.3    0.8    1388.864   24.1   0b1111111111111111    20190524T192848842136
14     180     2.5110      0.0       0.0     0.0008      0.0    0.0    3013.200   24.1   0b1111111111111111    20190524T192848842417
15     180     2.5267      0.0       0.0     0.0009      0.3    0.8    2756.455   24.1   0b1111111111111111    20190524T192848842750
 0     170     2.4563      0.0       0.0     0.0016      0.3    0.8    1551.316   24.1   0b1111111111111111    20190524T192852284834
 1     170     2.4428      0.0       0.0    -0.0015      0.3    0.8    -666.000   24.1   0b1111111111111111    20190524T192852285234
 2     170     2.4556      0.2       0.8    -0.0003      0.4    0.8    -666.000   24.1   0b1111111111111111    20190524T192852285617
 3     170     2.4702      0.4       0.8    -0.0007      0.3    0.8    -666.000   24.1   0b1111111111111111    20190524T192852285918
 4     170     2.4930      0.0       0.0    -0.0003      0.4    0.8    -666.000   24.1   0b1111111111111111    20190524T192852286207
 5     170     2.4690      0.0       0.0    -0.0002      0.4    0.8    -666.000   24.1   0b1111111111111111    20190524T192852286547
 6     170     2.4690      0.0       0.0    -0.0008      0.0    0.0    -666.000   24.1   0b1111111111111111    20190524T192852286835
 7     170     2.4593      0.0       0.0     0.0008      0.0    0.0    2951.100   24.1   0b1111111111111111    20190524T192852287118
 8     170     2.4615      0.0       0.0    -0.0007      0.3    0.8    -666.000   24.1   0b1111111111111111    20190524T192852287527
 9     170     2.4750      0.0       0.0     0.0000      0.0    0.0    -666.000   24.1   0b1111111111111111    20190524T192852287670
10     170     2.4855      0.0       0.0     0.0007      0.2    0.8    3314.000   24.1   0b1111111111111111    20190524T192852287807
11     170     2.4694      0.4       0.7    -0.0012      0.4    0.8    -666.000   24.1   0b1111111111111111    20190524T192852287944
12     170     2.4653      0.0       0.0     0.0011      0.4    0.8    2275.615   24.1   0b1111111111111111    20190524T192852288081
13     170     2.4960      0.0       0.0     0.0019      0.4    0.8    1302.261   24.1   0b1111111111111111    20190524T192852288218
14     170     2.4621      0.3       0.8     0.0007      0.3    0.8    3693.150   24.1   0b1111111111111111    20190524T192852288353
15     170     2.4777      0.4       0.8     0.0008      0.0    0.0    2973.240   24.1   0b1111111111111111    20190524T192852288514
 0     160     2.4082      0.0       0.0     0.0015      0.3    0.8    1605.500   24.1   0b1111111111111111    20190524T192855730572
 1     160     2.3949      0.3       0.8    -0.0015      0.3    0.8    -666.000   24.1   0b1111111111111111    20190524T192855731018
 2     160     2.4082      0.0       0.0    -0.0007      0.2    0.8    -666.000   24.1   0b1111111111111111    20190524T192855731343
 3     160     2.4217      0.0       0.0    -0.0007      0.2    0.8    -666.000   24.1   0b1111111111111111    20190524T192855731714
 4     160     2.4431      0.4       0.7    -0.0005      0.4    0.8    -666.000   24.1   0b1111111111111111    20190524T192855732011
 5     160     2.4197      0.3       0.8    -0.0002      0.4    0.8    -666.000   24.1   0b1111111111111111    20190524T192855732301
 6     160     2.4202      0.0       0.0    -0.0009      0.3    0.8    -666.000   24.1   0b1111111111111111    20190524T192855732634
 7     160     2.4105      0.0       0.0     0.0003      0.4    0.8    7231.500   24.1   0b1111111111111111    20190524T192855732923
 8     160     2.4129      0.3       0.8    -0.0007      0.2    0.8    -666.000   24.1   0b1111111111111111    20190524T192855733268
 9     160     2.4255      0.0       0.0    -0.0001      0.2    0.8    -666.000   24.1   0b1111111111111111    20190524T192855733614
10     160     2.4360      0.0       0.0     0.0008      0.0    0.0    2923.200   24.1   0b1111111111111111    20190524T192855733921
11     160     2.4202      0.0       0.0    -0.0013      0.4    0.8    -666.000   24.1   0b1111111111111111    20190524T192855734204
12     160     2.4157      0.0       0.0     0.0008      0.0    0.0    2898.900   24.1   0b1111111111111111    20190524T192855734543
13     160     2.4457      0.0       0.0     0.0017      0.0    0.0    1467.450   24.1   0b1111111111111111    20190524T192855734830
14     160     2.4127      0.0       0.0     0.0006      0.4    0.8    4136.143   24.1   0b1111111111111111    20190524T192855735111
15     160     2.4279      0.3       0.8     0.0008      0.0    0.0    2913.480   24.1   0b1111111111111111    20190524T192855735414
 0     150     2.3632      0.2       0.8     0.0016      0.3    0.8    1492.532   24.0   0b1111111111111111    20190524T192859182179
 1     150     2.3498      0.0       0.0    -0.0016      0.3    0.8    -666.000   24.0   0b1111111111111111    20190524T192859182575
 2     150     2.3618      0.0       0.0    -0.0007      0.3    0.8    -666.000   24.0   0b1111111111111111    20190524T192859182951
 3     150     2.3763      0.4       0.8    -0.0008      0.0    0.0    -666.000   24.0   0b1111111111111111    20190524T192859183250
 4     150     2.3947      0.0       0.0    -0.0006      0.4    0.8    -666.000   24.0   0b1111111111111111    20190524T192859183537
 5     150     2.3730      0.0       0.0    -0.0005      0.4    0.8    -666.000   24.0   0b1111111111111111    20190524T192859183870
 6     150     2.3737      0.2       0.8    -0.0008      0.0    0.0    -666.000   24.0   0b1111111111111111    20190524T192859184159
 7     150     2.3633      0.0       0.0     0.0007      0.3    0.8    3544.875   24.0   0b1111111111111111    20190524T192859184442
 8     150     2.3663      0.0       0.0    -0.0008      0.0    0.0    -666.000   24.0   0b1111111111111111    20190524T192859184779
 9     150     2.3790      0.0       0.0    -0.0002      0.4    0.8    -666.000   24.0   0b1111111111111111    20190524T192859185117
10     150     2.3881      0.3       0.8     0.0008      0.0    0.0    2865.780   24.0   0b1111111111111111    20190524T192859185408
11     150     2.3738      0.0       0.0    -0.0016      0.3    0.8    -666.000   24.0   0b1111111111111111    20190524T192859185753
12     150     2.3693      0.0       0.0     0.0008      0.0    0.0    2843.100   24.0   0b1111111111111111    20190524T192859186044
13     150     2.3986      0.3       0.8     0.0017      0.0    0.0    1439.190   24.0   0b1111111111111111    20190524T192859186325
14     150     2.3663      0.2       0.8     0.0003      0.4    0.8    7098.975   24.0   0b1111111111111111    20190524T192859186606
15     150     2.3805      0.0       0.0     0.0008      0.0    0.0    2856.600   24.0   0b1111111111111111    20190524T192859186954
 0     140     2.3152      0.0       0.0     0.0011      0.4    0.8    2137.154   24.1   0b1111111111111111    20190524T192902638134
 1     140     2.3023      0.3       0.7    -0.0017      0.0    0.0    -666.000   24.1   0b1111111111111111    20190524T192902638634
 2     140     2.3145      0.0       0.0    -0.0008      0.0    0.0    -666.000   24.1   0b1111111111111111    20190524T192902638954
 3     140     2.3287      0.0       0.0    -0.0008      0.0    0.0    -666.000   24.1   0b1111111111111111    20190524T192902639329
 4     140     2.3460      0.0       0.0    -0.0007      0.3    0.8    -666.000   24.1   0b1111111111111111    20190524T192902639724
 5     140     2.3248      0.3       0.8    -0.0007      0.3    0.8    -666.000   24.1   0b1111111111111111    20190524T192902640014
 6     140     2.3250      0.0       0.0    -0.0009      0.3    0.8    -666.000   24.1   0b1111111111111111    20190524T192902640296
 7     140     2.3152      0.0       0.0     0.0002      0.4    0.8    9261.000   24.1   0b1111111111111111    20190524T192902640623
 8     140     2.3175      0.0       0.0    -0.0008      0.0    0.0    -666.000   24.1   0b1111111111111111    20190524T192902641010
 9     140     2.3302      0.0       0.0    -0.0005      0.4    0.8    -666.000   24.1   0b1111111111111111    20190524T192902641304
10     140     2.3393      0.0       0.0     0.0008      0.0    0.0    2807.100   24.1   0b1111111111111111    20190524T192902641644
11     140     2.3251      0.3       0.8    -0.0017      0.0    0.0    -666.000   24.1   0b1111111111111111    20190524T192902641930
12     140     2.3205      0.0       0.0     0.0008      0.0    0.0    2784.600   24.1   0b1111111111111111    20190524T192902642212
13     140     2.3490      0.0       0.0     0.0015      0.3    0.8    1566.000   24.1   0b1111111111111111    20190524T192902642547
14     140     2.3175      0.0       0.0     0.0003      0.4    0.8    6952.500   24.1   0b1111111111111111    20190524T192902642832
15     140     2.3317      0.0       0.0     0.0009      0.3    0.8    2543.727   24.1   0b1111111111111111    20190524T192902643112
 0     130     2.2673      0.0       0.0     0.0008      0.0    0.0    2720.700   24.0   0b1111111111111111    20190524T192906091601
 1     130     2.2545      0.0       0.0    -0.0016      0.3    0.8    -666.000   24.0   0b1111111111111111    20190524T192906091995
 2     130     2.2673      0.0       0.0    -0.0008      0.0    0.0    -666.000   24.0   0b1111111111111111    20190524T192906092294
 3     130     2.2808      0.0       0.0    -0.0008      0.0    0.0    -666.000   24.0   0b1111111111111111    20190524T192906092603
 4     130     2.2966      0.2       0.8    -0.0008      0.0    0.0    -666.000   24.0   0b1111111111111111    20190524T192906092890
 5     130     2.2763      0.0       0.0    -0.0006      0.4    0.8    -666.000   24.0   0b1111111111111111    20190524T192906093174
 6     130     2.2763      0.0       0.0    -0.0012      0.4    0.8    -666.000   24.0   0b1111111111111111    20190524T192906093472
 7     130     2.2668      0.4       0.8     0.0002      0.3    0.8   13600.800   24.0   0b1111111111111111    20190524T192906093832
 8     130     2.2695      0.0       0.0    -0.0008      0.0    0.0    -666.000   24.0   0b1111111111111111    20190524T192906094120
 9     130     2.2815      0.0       0.0    -0.0005      0.4    0.8    -666.000   24.0   0b1111111111111111    20190524T192906094412
10     130     2.2905      0.0       0.0     0.0006      0.4    0.8    3926.571   24.0   0b1111111111111111    20190524T192906094747
11     130     2.2768      0.3       0.8    -0.0017      0.0    0.0    -666.000   24.0   0b1111111111111111    20190524T192906095037
12     130     2.2718      0.0       0.0     0.0008      0.0    0.0    2726.100   24.0   0b1111111111111111    20190524T192906095318
13     130     2.2995      0.0       0.0     0.0015      0.3    0.8    1533.000   24.0   0b1111111111111111    20190524T192906095677
14     130     2.2688      0.0       0.0     0.0003      0.4    0.8    6806.250   24.0   0b1111111111111111    20190524T192906095963
15     130     2.2830      0.0       0.0     0.0008      0.0    0.0    2739.600   24.0   0b1111111111111111    20190524T192906096244
 0     120     2.2200      0.0       0.0     0.0008      0.0    0.0    2664.000   24.0   0b1111111111111111    20190524T192909560949
 1     120     2.2072      0.0       0.0    -0.0017      0.0    0.0    -666.000   24.0   0b1111111111111111    20190524T192909561367
 2     120     2.2200      0.0       0.0    -0.0008      0.0    0.0    -666.000   24.0   0b1111111111111111    20190524T192909561746
 3     120     2.2330      0.4       0.8    -0.0008      0.0    0.0    -666.000   24.0   0b1111111111111111    20190524T192909562065
 4     120     2.2486      0.2       0.8    -0.0008      0.0    0.0    -666.000   24.0   0b1111111111111111    20190524T192909562355
 5     120     2.2280      0.3       0.8    -0.0008      0.0    0.0    -666.000   24.0   0b1111111111111111    20190524T192909562665
 6     120     2.2290      0.0       0.0    -0.0010      0.3    0.8    -666.000   24.0   0b1111111111111111    20190524T192909562977
 7     120     2.2180      0.4       0.8     0.0000      0.0    0.0    -666.000   24.0   0b1111111111111111    20190524T192909563272
 8     120     2.2215      0.0       0.0    -0.0008      0.0    0.0    -666.000   24.0   0b1111111111111111    20190524T192909563603
 9     120     2.2327      0.0       0.0    -0.0007      0.2    0.8    -666.000   24.0   0b1111111111111111    20190524T192909563940
10     120     2.2410      0.0       0.0     0.0005      0.4    0.8    4482.000   24.0   0b1111111111111111    20190524T192909564229
11     120     2.2276      0.3       0.8    -0.0017      0.0    0.0    -666.000   24.0   0b1111111111111111    20190524T192909564513
12     120     2.2233      0.4       0.8     0.0007      0.2    0.8    2964.400   24.0   0b1111111111111111    20190524T192909564849
13     120     2.2508      0.0       0.0     0.0013      0.4    0.8    1800.600   24.0   0b1111111111111111    20190524T192909565135
14     120     2.2207      0.0       0.0     0.0001      0.2    0.8   26649.000   24.0   0b1111111111111111    20190524T192909565417
15     120     2.2334      0.2       0.8     0.0008      0.0    0.0    2680.110   24.0   0b1111111111111111    20190524T192909565753
 0     110     2.1731      0.4       0.8     0.0008      0.0    0.0    2607.660   24.0   0b1111111111111111    20190524T192913015120
 1     110     2.1600      0.0       0.0    -0.0017      0.0    0.0    -666.000   24.0   0b1111111111111111    20190524T192913015549
 2     110     2.1735      0.0       0.0    -0.0008      0.0    0.0    -666.000   24.0   0b1111111111111111    20190524T192913015867
 3     110     2.1863      0.0       0.0    -0.0010      0.3    0.8    -666.000   24.0   0b1111111111111111    20190524T192913016164
 4     110     2.2020      0.0       0.0    -0.0008      0.0    0.0    -666.000   24.0   0b1111111111111111    20190524T192913016454
 5     110     2.1818      0.0       0.0    -0.0008      0.0    0.0    -666.000   24.0   0b1111111111111111    20190524T192913016762
 6     110     2.1825      0.0       0.0    -0.0013      0.4    0.8    -666.000   24.0   0b1111111111111111    20190524T192913017044
 7     110     2.1720      0.0       0.0     0.0001      0.2    0.8   26064.000   24.0   0b1111111111111111    20190524T192913017327
 8     110     2.1750      0.0       0.0    -0.0008      0.0    0.0    -666.000   24.0   0b1111111111111111    20190524T192913017640
 9     110     2.1863      0.0       0.0    -0.0007      0.3    0.8    -666.000   24.0   0b1111111111111111    20190524T192913017799
10     110     2.1945      0.0       0.0     0.0005      0.4    0.8    4389.000   24.0   0b1111111111111111    20190524T192913017936
11     110     2.1817      0.2       0.8    -0.0018      0.3    0.8    -666.000   24.0   0b1111111111111111    20190524T192913018072
12     110     2.1768      0.4       0.8     0.0005      0.4    0.8    4353.600   24.0   0b1111111111111111    20190524T192913018208
13     110     2.2035      0.0       0.0     0.0013      0.4    0.8    1652.625   24.0   0b1111111111111111    20190524T192913018344
14     110     2.1743      0.0       0.0     0.0000      0.0    0.0    -666.000   24.0   0b1111111111111111    20190524T192913018479
15     110     2.1863      0.0       0.0     0.0008      0.0    0.0    2623.500   24.0   0b1111111111111111    20190524T192913018628
 0     100     2.1232      0.0       0.0     0.0008      0.0    0.0    2547.900   24.0   0b1111111111111111    20190524T192916486266
 1     100     2.1099      0.3       0.8    -0.0017      0.0    0.0    -666.000   24.0   0b1111111111111111    20190524T192916486730
 2     100     2.1240      0.0       0.0    -0.0009      0.3    0.8    -666.000   24.0   0b1111111111111111    20190524T192916487050
 3     100     2.1367      0.0       0.0    -0.0011      0.4    0.8    -666.000   24.0   0b1111111111111111    20190524T192916487346
 4     100     2.1532      0.0       0.0    -0.0009      0.3    0.8    -666.000   24.0   0b1111111111111111    20190524T192916487618
 5     100     2.1330      0.0       0.0    -0.0008      0.0    0.0    -666.000   24.0   0b1111111111111111    20190524T192916487760
 6     100     2.1337      0.0       0.0    -0.0013      0.4    0.8    -666.000   24.0   0b1111111111111111    20190524T192916487908
 7     100     2.1232      0.0       0.0     0.0000      0.0    0.0    -666.000   24.0   0b1111111111111111    20190524T192916488047
 8     100     2.1270      0.0       0.0    -0.0009      0.3    0.8    -666.000   24.0   0b1111111111111111    20190524T192916488186
 9     100     2.1375      0.0       0.0    -0.0008      0.0    0.0    -666.000   24.0   0b1111111111111111    20190524T192916488324
10     100     2.1453      0.4       0.7     0.0002      0.3    0.8   12871.800   24.0   0b1111111111111111    20190524T192916488489
11     100     2.1322      0.0       0.0    -0.0017      0.0    0.0    -666.000   24.0   0b1111111111111111    20190524T192916488629
12     100     2.1277      0.0       0.0     0.0006      0.4    0.8    3647.571   24.0   0b1111111111111111    20190524T192916488767
13     100     2.1538      0.3       0.8     0.0010      0.3    0.8    2153.850   24.0   0b1111111111111111    20190524T192916488904
14     100     2.1247      0.0       0.0     0.0000      0.0    0.0    -666.000   24.0   0b1111111111111111    20190524T192916489088
15     100     2.1374      0.2       0.8     0.0005      0.4    0.8    4274.850   24.0   0b1111111111111111    20190524T192916489251
 0      90     2.0737      0.0       0.0     0.0007      0.2    0.8    2765.000   24.0   0b1111111111111111    20190524T192919940591
 1      90     2.0603      0.2       0.8    -0.0017      0.0    0.0    -666.000   24.0   0b1111111111111111    20190524T192919941032
 2      90     2.0730      0.0       0.0    -0.0010      0.3    0.8    -666.000   24.0   0b1111111111111111    20190524T192919941354
 3      90     2.0865      0.0       0.0    -0.0010      0.3    0.8    -666.000   24.0   0b1111111111111111    20190524T192919941731
 4      90     2.1031      0.2       0.8    -0.0008      0.0    0.0    -666.000   24.0   0b1111111111111111    20190524T192919942028
 5      90     2.0835      0.0       0.0    -0.0008      0.0    0.0    -666.000   24.0   0b1111111111111111    20190524T192919942317
 6      90     2.0850      0.0       0.0    -0.0015      0.3    0.8    -666.000   24.0   0b1111111111111111    20190524T192919942650
 7      90     2.0736      0.3       0.8     0.0000      0.0    0.0    -666.000   24.0   0b1111111111111111    20190524T192919942937
 8      90     2.0768      0.0       0.0    -0.0010      0.3    0.8    -666.000   24.0   0b1111111111111111    20190524T192919943268
 9      90     2.0880      0.0       0.0    -0.0008      0.0    0.0    -666.000   24.0   0b1111111111111111    20190524T192919943613
10      90     2.0963      0.0       0.0     0.0002      0.3    0.8   12577.500   24.0   0b1111111111111111    20190524T192919943906
11      90     2.0835      0.0       0.0    -0.0021      0.4    0.8    -666.000   24.0   0b1111111111111111    20190524T192919944189
12      90     2.0783      0.0       0.0     0.0002      0.3    0.8   12469.500   24.0   0b1111111111111111    20190524T192919944533
13      90     2.1050      0.4       0.8     0.0010      0.3    0.8    2104.950   24.0   0b1111111111111111    20190524T192919944823
14      90     2.0758      0.3       0.7     0.0000      0.0    0.0    -666.000   24.0   0b1111111111111111    20190524T192919945105
15      90     2.0876      0.4       0.8     0.0006      0.4    0.8    3578.657   24.0   0b1111111111111111    20190524T192919945386
 0      80     2.0220      0.0       0.0     0.0007      0.2    0.8    2696.000   24.0   0b1111111111111111    20190524T192923386615
 1      80     2.0093      0.0       0.0    -0.0017      0.2    0.8    -666.000   24.0   0b1111111111111111    20190524T192923387015
 2      80     2.0215      0.4       0.8    -0.0011      0.4    0.8    -666.000   24.0   0b1111111111111111    20190524T192923387332
 3      80     2.0347      0.0       0.0    -0.0011      0.4    0.8    -666.000   24.0   0b1111111111111111    20190524T192923387671
 4      80     2.0528      0.0       0.0    -0.0012      0.4    0.8    -666.000   24.0   0b1111111111111111    20190524T192923387817
 5      80     2.0332      0.0       0.0    -0.0009      0.3    0.8    -666.000   24.0   0b1111111111111111    20190524T192923387967
 6      80     2.0344      0.4       0.8    -0.0017      0.0    0.0    -666.000   24.0   0b1111111111111111    20190524T192923388108
 7      80     2.0227      0.0       0.0     0.0000      0.0    0.0    -666.000   24.0   0b1111111111111111    20190524T192923388246
 8      80     2.0265      0.0       0.0    -0.0012      0.4    0.8    -666.000   24.0   0b1111111111111111    20190524T192923388383
 9      80     2.0377      0.0       0.0    -0.0008      0.0    0.0    -666.000   24.0   0b1111111111111111    20190524T192923388533
10      80     2.0452      0.0       0.0     0.0000      0.0    0.0    -666.000   24.0   0b1111111111111111    20190524T192923388671
11      80     2.0325      0.0       0.0    -0.0020      0.4    0.8    -666.000   24.0   0b1111111111111111    20190524T192923388808
12      80     2.0272      0.0       0.0     0.0003      0.4    0.8    6081.750   24.0   0b1111111111111111    20190524T192923388945
13      80     2.0535      0.0       0.0     0.0009      0.3    0.8    2240.182   24.0   0b1111111111111111    20190524T192923389084
14      80     2.0250      0.0       0.0     0.0000      0.0    0.0    -666.000   24.0   0b1111111111111111    20190524T192923389220
15      80     2.0369      0.2       0.8     0.0003      0.4    0.8    6110.775   24.0   0b1111111111111111    20190524T192923389355
 0      70     1.9710      0.0       0.0     0.0004      0.4    0.8    4730.400   24.0   0b1111111111111111    20190524T192926852900
 1      70     1.9587      0.4       0.8    -0.0021      0.4    0.8    -666.000   24.0   0b1111111111111111    20190524T192926853315
 2      70     1.9710      0.0       0.0    -0.0013      0.4    0.8    -666.000   24.0   0b1111111111111111    20190524T192926854962
 3      70     1.9838      0.0       0.0    -0.0016      0.3    0.8    -666.000   24.0   0b1111111111111111    20190524T192926855299
 4      70     2.0022      0.4       0.7    -0.0014      0.4    0.8    -666.000   24.0   0b1111111111111111    20190524T192926855629
 5      70     1.9823      0.0       0.0    -0.0008      0.0    0.0    -666.000   24.0   0b1111111111111111    20190524T192926855930
 6      70     1.9835      0.3       0.7    -0.0017      0.0    0.0    -666.000   24.0   0b1111111111111111    20190524T192926856218
 7      70     1.9725      0.0       0.0    -0.0001      0.2    0.8    -666.000   24.0   0b1111111111111111    20190524T192926856501
 8      70     1.9763      0.0       0.0    -0.0013      0.4    0.8    -666.000   24.0   0b1111111111111111    20190524T192926856810
 9      70     1.9868      0.0       0.0    -0.0009      0.3    0.8    -666.000   24.0   0b1111111111111111    20190524T192926857093
10      70     1.9937      0.3       0.7     0.0000      0.0    0.0    -666.000   24.0   0b1111111111111111    20190524T192926857374
11      70     1.9815      0.0       0.0    -0.0020      0.4    0.8    -666.000   24.0   0b1111111111111111    20190524T192926857682
12      70     1.9763      0.0       0.0     0.0001      0.2    0.8   23715.000   24.0   0b1111111111111111    20190524T192926858108
13      70     2.0018      0.0       0.0     0.0008      0.0    0.0    2402.100   24.0   0b1111111111111111    20190524T192926858464
14      70     1.9733      0.0       0.0     0.0000      0.0    0.0    -666.000   24.0   0b1111111111111111    20190524T192926858770
15      70     1.9859      0.3       0.8     0.0002      0.3    0.8   11915.100   24.0   0b1111111111111111    20190524T192926859049
 0      60     1.9202      0.3       0.7     0.0006      0.4    0.8    3291.686   24.0   0b1111111111111111    20190524T192930335075
 1      60     1.9088      0.2       0.8    -0.0022      0.4    0.8    -666.000   24.0   0b1111111111111111    20190524T192930335500
 2      60     1.9200      0.0       0.0    -0.0015      0.3    0.8    -666.000   24.0   0b1111111111111111    20190524T192930335818
 3      60     1.9324      0.4       0.8    -0.0017      0.0    0.0    -666.000   24.0   0b1111111111111111    20190524T192930336115
 4      60     1.9500      0.0       0.0    -0.0013      0.4    0.8    -666.000   24.0   0b1111111111111111    20190524T192930336439
 5      60     1.9307      0.3       0.8    -0.0010      0.3    0.8    -666.000   24.0   0b1111111111111111    20190524T192930336730
 6      60     1.9312      0.0       0.0    -0.0017      0.0    0.0    -666.000   24.0   0b1111111111111111    20190524T192930337014
 7      60     1.9207      0.0       0.0    -0.0002      0.4    0.8    -666.000   24.0   0b1111111111111111    20190524T192930337325
 8      60     1.9237      0.0       0.0    -0.0016      0.3    0.8    -666.000   24.0   0b1111111111111111    20190524T192930337612
 9      60     1.9343      0.0       0.0    -0.0008      0.0    0.0    -666.000   24.0   0b1111111111111111    20190524T192930337893
10      60     1.9418      0.0       0.0     0.0000      0.0    0.0    -666.000   24.0   0b1111111111111111    20190524T192930338174
11      60     1.9297      0.0       0.0    -0.0025      0.0    0.0    -666.000   24.0   0b1111111111111111    20190524T192930338478
12      60     1.9238      0.2       0.8     0.0000      0.0    0.0    -666.000   24.0   0b1111111111111111    20190524T192930338760
13      60     1.9507      0.0       0.0     0.0008      0.0    0.0    2340.900   24.0   0b1111111111111111    20190524T192930339041
14      60     1.9222      0.0       0.0    -0.0002      0.3    0.8    -666.000   24.0   0b1111111111111111    20190524T192930339342
15      60     1.9335      0.0       0.0     0.0001      0.2    0.8   23202.000   24.0   0b1111111111111111    20190524T192930339625
 0      50     1.8698      0.2       0.8     0.0003      0.4    0.8    5609.475   24.0   0b1111111111111111    20190524T192933820909
 1      50     1.8585      0.0       0.0    -0.0024      0.2    0.8    -666.000   24.0   0b1111111111111111    20190524T192933821328
 2      50     1.8690      0.0       0.0    -0.0016      0.3    0.8    -666.000   24.0   0b1111111111111111    20190524T192933821631
 3      50     1.8812      0.3       0.7    -0.0014      0.4    0.8    -666.000   24.0   0b1111111111111111    20190524T192933821921
 4      50     1.8975      0.0       0.0    -0.0016      0.3    0.8    -666.000   24.0   0b1111111111111111    20190524T192933822207
 5      50     1.8788      0.0       0.0    -0.0012      0.4    0.8    -666.000   24.0   0b1111111111111111    20190524T192933822514
 6      50     1.8795      0.0       0.0    -0.0017      0.0    0.0    -666.000   24.0   0b1111111111111111    20190524T192933822795
 7      50     1.8696      0.3       0.7    -0.0005      0.4    0.8    -666.000   24.0   0b1111111111111111    20190524T192933823075
 8      50     1.8724      0.4       0.8    -0.0016      0.3    0.8    -666.000   24.0   0b1111111111111111    20190524T192933823378
 9      50     1.8825      0.0       0.0    -0.0008      0.0    0.0    -666.000   24.0   0b1111111111111111    20190524T192933823660
10      50     1.8893      0.0       0.0     0.0000      0.0    0.0    -666.000   24.0   0b1111111111111111    20190524T192933823939
11      50     1.8780      0.0       0.0    -0.0025      0.0    0.0    -666.000   24.0   0b1111111111111111    20190524T192933824217
12      50     1.8727      0.2       0.8     0.0000      0.0    0.0    -666.000   24.0   0b1111111111111111    20190524T192933824518
13      50     1.8976      0.2       0.8     0.0008      0.0    0.0    2277.090   24.0   0b1111111111111111    20190524T192933824798
14      50     1.8704      0.2       0.8    -0.0006      0.4    0.8    -666.000   24.0   0b1111111111111111    20190524T192933825077
15      50     1.8817      0.0       0.0     0.0001      0.2    0.8   22581.000   24.0   0b1111111111111111    20190524T192933825378
 0      40     1.8188      0.0       0.0     0.0001      0.2    0.8   21825.000   24.0   0b1111111111111111    20190524T192937276551
 1      40     1.8085      0.4       0.8    -0.0024      0.2    0.8    -666.000   24.0   0b1111111111111111    20190524T192937276940
 2      40     1.8188      0.0       0.0    -0.0017      0.0    0.0    -666.000   24.0   0b1111111111111111    20190524T192937277251
 3      40     1.8300      0.0       0.0    -0.0017      0.0    0.0    -666.000   24.0   0b1111111111111111    20190524T192937277574
 4      40     1.8450      0.0       0.0    -0.0016      0.3    0.8    -666.000   24.0   0b1111111111111111    20190524T192937277717
 5      40     1.8270      0.0       0.0    -0.0012      0.4    0.8    -666.000   24.0   0b1111111111111111    20190524T192937277856
 6      40     1.8278      0.0       0.0    -0.0017      0.2    0.8    -666.000   24.0   0b1111111111111111    20190524T192937277992
 7      40     1.8178      0.3       0.8    -0.0007      0.2    0.8    -666.000   24.0   0b1111111111111111    20190524T192937278128
 8      40     1.8209      0.2       0.8    -0.0017      0.0    0.0    -666.000   24.0   0b1111111111111111    20190524T192937278264
 9      40     1.8308      0.0       0.0    -0.0013      0.4    0.8    -666.000   24.0   0b1111111111111111    20190524T192937278424
10      40     1.8375      0.0       0.0     0.0000      0.0    0.0    -666.000   24.0   0b1111111111111111    20190524T192937278564
11      40     1.8263      0.0       0.0    -0.0025      0.0    0.0    -666.000   24.0   0b1111111111111111    20190524T192937278699
12      40     1.8206      0.4       0.8     0.0000      0.0    0.0    -666.000   24.0   0b1111111111111111    20190524T192937278834
13      40     1.8450      0.0       0.0     0.0007      0.2    0.8    2460.000   24.0   0b1111111111111111    20190524T192937278969
14      40     1.8188      0.0       0.0    -0.0007      0.3    0.8    -666.000   24.0   0b1111111111111111    20190524T192937279104
15      40     1.8293      0.0       0.0     0.0000      0.0    0.0    -666.000   24.0   0b1111111111111111    20190524T192937279239
 0      30     1.7700      0.0       0.0     0.0000      0.0    0.0    -666.000   23.9   0b1111111111111111    20190524T192940726921
 1      30     1.7595      0.0       0.0    -0.0025      0.0    0.0    -666.000   23.9   0b1111111111111111    20190524T192940727320
 2      30     1.7698      0.3       0.8    -0.0016      0.3    0.8    -666.000   23.9   0b1111111111111111    20190524T192940727705
 3      30     1.7812      0.0       0.0    -0.0017      0.0    0.0    -666.000   23.9   0b1111111111111111    20190524T192940728007
 4      30     1.7943      0.4       0.7    -0.0017      0.0    0.0    -666.000   23.9   0b1111111111111111    20190524T192940728296
 5      30     1.7768      0.0       0.0    -0.0016      0.3    0.8    -666.000   23.9   0b1111111111111111    20190524T192940728632
 6      30     1.7782      0.0       0.0    -0.0018      0.3    0.8    -666.000   23.9   0b1111111111111111    20190524T192940728920
 7      30     1.7677      0.0       0.0    -0.0008      0.0    0.0    -666.000   23.9   0b1111111111111111    20190524T192940729319
 8      30     1.7716      0.2       0.8    -0.0017      0.0    0.0    -666.000   23.9   0b1111111111111111    20190524T192940729703
 9      30     1.7797      0.0       0.0    -0.0013      0.4    0.8    -666.000   23.9   0b1111111111111111    20190524T192940729994
10      30     1.7864      0.2       0.8     0.0000      0.0    0.0    -666.000   23.9   0b1111111111111111    20190524T192940730275
11      30     1.7760      0.0       0.0    -0.0025      0.0    0.0    -666.000   23.9   0b1111111111111111    20190524T192940730610
12      30     1.7700      0.0       0.0     0.0000      0.0    0.0    -666.000   23.9   0b1111111111111111    20190524T192940730946
13      30     1.7948      0.0       0.0     0.0005      0.4    0.8    3589.500   23.9   0b1111111111111111    20190524T192940731237
14      30     1.7685      0.0       0.0    -0.0008      0.0    0.0    -666.000   23.9   0b1111111111111111    20190524T192940731576
15      30     1.7782      0.0       0.0     0.0000      0.0    0.0    -666.000   23.9   0b1111111111111111    20190524T192940731867
 0      20     1.7205      0.0       0.0     0.0000      0.0    0.0    -666.000   24.0   0b1111111111111111    20190524T192944182713
 1      20     1.7100      0.0       0.0    -0.0025      0.0    0.0    -666.000   24.0   0b1111111111111111    20190524T192944183130
 2      20     1.7197      0.0       0.0    -0.0017      0.0    0.0    -666.000   24.0   0b1111111111111111    20190524T192944183539
 3      20     1.7315      0.4       0.7    -0.0017      0.0    0.0    -666.000   24.0   0b1111111111111111    20190524T192944183849
 4      20     1.7430      0.0       0.0    -0.0017      0.0    0.0    -666.000   24.0   0b1111111111111111    20190524T192944184140
 5      20     1.7258      0.0       0.0    -0.0016      0.3    0.8    -666.000   24.0   0b1111111111111111    20190524T192944184484
 6      20     1.7273      0.0       0.0    -0.0019      0.4    0.8    -666.000   24.0   0b1111111111111111    20190524T192944184774
 7      20     1.7173      0.3       0.8    -0.0008      0.0    0.0    -666.000   24.0   0b1111111111111111    20190524T192944185112
 8      20     1.7212      0.0       0.0    -0.0017      0.0    0.0    -666.000   24.0   0b1111111111111111    20190524T192944185451
 9      20     1.7288      0.0       0.0    -0.0015      0.3    0.8    -666.000   24.0   0b1111111111111111    20190524T192944185753
10      20     1.7348      0.0       0.0     0.0000      0.0    0.0    -666.000   24.0   0b1111111111111111    20190524T192944186035
11      20     1.7257      0.2       0.8    -0.0027      0.3    0.8    -666.000   24.0   0b1111111111111111    20190524T192944186315
12      20     1.7190      0.0       0.0     0.0000      0.0    0.0    -666.000   24.0   0b1111111111111111    20190524T192944186641
13      20     1.7429      0.2       0.8     0.0004      0.4    0.8    4183.020   24.0   0b1111111111111111    20190524T192944186924
14      20     1.7176      0.3       0.8    -0.0008      0.0    0.0    -666.000   24.0   0b1111111111111111    20190524T192944187205
15      20     1.7273      0.0       0.0     0.0000      0.0    0.0    -666.000   24.0   0b1111111111111111    20190524T192944187542
 0      10     1.6710      0.0       0.0     0.0000      0.0    0.0    -666.000   23.9   0b1111111111111111    20190524T192947638601
 1      10     1.6605      0.0       0.0    -0.0025      0.0    0.0    -666.000   23.9   0b1111111111111111    20190524T192947638996
 2      10     1.6702      0.0       0.0    -0.0017      0.0    0.0    -666.000   23.9   0b1111111111111111    20190524T192947639299
 3      10     1.6815      0.0       0.0    -0.0017      0.2    0.8    -666.000   23.9   0b1111111111111111    20190524T192947639646
 4      10     1.6920      0.0       0.0    -0.0017      0.0    0.0    -666.000   23.9   0b1111111111111111    20190524T192947639939
 5      10     1.6748      0.2       0.7    -0.0016      0.3    0.8    -666.000   23.9   0b1111111111111111    20190524T192947640223
 6      10     1.6763      0.0       0.0    -0.0022      0.4    0.8    -666.000   23.9   0b1111111111111111    20190524T192947640558
 7      10     1.6665      0.0       0.0    -0.0008      0.0    0.0    -666.000   23.9   0b1111111111111111    20190524T192947640924
 8      10     1.6710      0.0       0.0    -0.0017      0.0    0.0    -666.000   23.9   0b1111111111111111    20190524T192947641214
 9      10     1.6778      0.0       0.0    -0.0017      0.0    0.0    -666.000   23.9   0b1111111111111111    20190524T192947641560
10      10     1.6837      0.0       0.0    -0.0001      0.2    0.8    -666.000   23.9   0b1111111111111111    20190524T192947641849
11      10     1.6747      0.0       0.0    -0.0026      0.3    0.8    -666.000   23.9   0b1111111111111111    20190524T192947642129
12      10     1.6687      0.0       0.0     0.0000      0.0    0.0    -666.000   23.9   0b1111111111111111    20190524T192947642451
13      10     1.6913      0.0       0.0     0.0002      0.3    0.8   10147.500   23.9   0b1111111111111111    20190524T192947642746
14      10     1.6672      0.0       0.0    -0.0008      0.0    0.0    -666.000   23.9   0b1111111111111111    20190524T192947643027
15      10     1.6763      0.0       0.0    -0.0001      0.2    0.8    -666.000   23.9   0b1111111111111111    20190524T192947643304
 0       0     1.6207      0.0       0.0    -0.0001      0.2    0.8    -666.000   23.9   0b1111111111111111    20190524T192951115506
 1       0     1.6115      0.3       0.8    -0.0025      0.0    0.0    -666.000   23.9   0b1111111111111111    20190524T192951116088
 2       0     1.6207      0.0       0.0    -0.0017      0.0    0.0    -666.000   23.9   0b1111111111111111    20190524T192951116636
 3       0     1.6313      0.0       0.0    -0.0018      0.3    0.8    -666.000   23.9   0b1111111111111111    20190524T192951117148
 4       0     1.6402      0.0       0.0    -0.0017      0.2    0.8    -666.000   23.9   0b1111111111111111    20190524T192951117672
 5       0     1.6245      0.0       0.0    -0.0017      0.0    0.0    -666.000   23.9   0b1111111111111111    20190524T192951118208
 6       0     1.6256      0.4       0.7    -0.0022      0.4    0.8    -666.000   23.9   0b1111111111111111    20190524T192951118765
 7       0     1.6163      0.0       0.0    -0.0008      0.0    0.0    -666.000   23.9   0b1111111111111111    20190524T192951119294
 8       0     1.6207      0.0       0.0    -0.0017      0.0    0.0    -666.000   23.9   0b1111111111111111    20190524T192951119806
 9       0     1.6273      0.3       0.7    -0.0017      0.0    0.0    -666.000   23.9   0b1111111111111111    20190524T192951120430
10       0     1.6328      0.0       0.0    -0.0005      0.4    0.8    -666.000   23.9   0b1111111111111111    20190524T192951121030
11       0     1.6237      0.0       0.0    -0.0025      0.0    0.0    -666.000   23.9   0b1111111111111111    20190524T192951121554
12       0     1.6177      0.2       0.8     0.0000      0.0    0.0    -666.000   23.9   0b1111111111111111    20190524T192951122069
13       0     1.6388      0.0       0.0     0.0002      0.3    0.8    9832.500   23.9   0b1111111111111111    20190524T192951122613
14       0     1.6163      0.0       0.0    -0.0008      0.0    0.0    -666.000   23.9   0b1111111111111111    20190524T192951123124
15       0     1.6251      0.3       0.8     0.0000      0.0    0.0    -666.000   23.9   0b1111111111111111    20190524T192951123637
