CH# Vset[DAC]   V[V]    dVRMS[mV] dVpp[mV]    I[A]  dIRMS[mA] dIpp[mA]   R[ohm]   T[C]   State                Timestamp
 0     250     2.8954      0.4       0.7     0.2879      1.1    3.3      10.057   24.1   0b1111111111111111    20190607T124613113119
 1     250     2.8590      0.0       0.0     1.2627      1.0    3.3       2.264   24.1   0b1111111111111111    20190607T124613113373
 2     250     2.8792      0.0       0.0     0.2884      0.8    2.5       9.983   24.1   0b1111111111111111    20190607T124613113541
 3     250     2.8554      0.3       0.7     1.2565      1.0    2.5       2.273   24.1   0b1111111111111111    20190607T124613113686
 4     250     2.8381      0.2       0.8     0.2828      0.6    1.7      10.034   24.1   0b1111111111111111    20190607T124613113828
 5     250     2.8418      0.0       0.0     1.2562      0.8    2.5       2.262   24.1   0b1111111111111111    20190607T124613113969
 6     250     2.8331      0.4       0.8     0.2840      0.5    1.7       9.976   24.1   0b1111111111111111    20190607T124613114109
 7     250     2.8290      0.0       0.0     1.2490      0.6    1.7       2.265   24.1   0b1111111111111111    20190607T124613114249
 8     250     2.8582      0.0       0.0     0.2833      0.5    1.7      10.088   24.1   0b1111111111111111    20190607T124613114389
 9     250     2.8575      0.0       0.0     1.2622      0.9    3.3       2.264   24.1   0b1111111111111111    20190607T124613114541
10     250     2.8822      0.0       0.0     0.2851      1.3    5.0      10.110   24.1   0b1111111111111111    20190607T124613114682
11     250     2.8605      0.0       0.0     1.2609      0.6    1.7       2.269   24.1   0b1111111111111111    20190607T124613114822
12     250     2.8645      0.4       0.8     0.2853      0.9    2.5      10.039   24.1   0b1111111111111111    20190607T124613114960
13     250     2.8328      0.2       0.8     1.2497      0.7    1.7       2.267   24.1   0b1111111111111111    20190607T124613115099
14     250     2.8635      0.0       0.0     0.2856      0.8    2.5      10.027   24.1   0b1111111111111111    20190607T124613115238
15     250     2.8425      0.0       0.0     1.2532      0.5    1.7       2.268   24.1   0b1111111111111111    20190607T124613115377
 0     240     2.8455      0.0       0.0     0.2835      0.5    1.7      10.037   24.2   0b1111111111111111    20190607T124616627398
 1     240     2.8155      0.0       0.0     1.2433      0.3    0.8       2.265   24.2   0b1111111111111111    20190607T124616627658
 2     240     2.8298      0.0       0.0     0.2839      0.8    2.5       9.967   24.2   0b1111111111111111    20190607T124616627842
 3     240     2.8117      0.0       0.0     1.2375      0.5    1.7       2.272   24.2   0b1111111111111111    20190607T124616628010
 4     240     2.7899      0.2       0.8     0.2778      0.4    0.8      10.042   24.2   0b1111111111111111    20190607T124616628174
 5     240     2.7954      0.3       0.8     1.2360      0.8    2.5       2.262   24.2   0b1111111111111111    20190607T124616628327
 6     240     2.7847      0.0       0.0     0.2795      0.4    0.8       9.963   24.2   0b1111111111111111    20190607T124616628475
 7     240     2.7821      0.4       0.8     1.2280      0.6    1.7       2.266   24.2   0b1111111111111111    20190607T124616628622
 8     240     2.8095      0.0       0.0     0.2784      0.3    0.8      10.091   24.2   0b1111111111111111    20190607T124616628765
 9     240     2.8128      0.4       0.8     1.2431      0.7    2.5       2.263   24.2   0b1111111111111111    20190607T124616628909
10     240     2.8328      0.0       0.0     0.2802      0.6    1.7      10.111   24.2   0b1111111111111111    20190607T124616629050
11     240     2.8163      0.0       0.0     1.2415      0.6    2.5       2.268   24.2   0b1111111111111111    20190607T124616629200
12     240     2.8154      0.2       0.8     0.2804      0.7    2.5      10.040   24.2   0b1111111111111111    20190607T124616629342
13     240     2.7867      0.4       0.8     1.2289      0.5    1.7       2.268   24.2   0b1111111111111111    20190607T124616629483
14     240     2.8142      0.3       0.8     0.2807      0.7    1.7      10.024   24.2   0b1111111111111111    20190607T124616629632
15     240     2.7967      0.0       0.0     1.2333      0.4    1.7       2.268   24.2   0b1111111111111111    20190607T124616629772
 0     230     2.7967      0.0       0.0     0.2788      0.4    0.8      10.033   24.3   0b1111111111111111    20190607T124620113473
 1     230     2.7687      0.4       0.7     1.2223      0.4    0.8       2.265   24.3   0b1111111111111111    20190607T124620113821
 2     230     2.7817      0.0       0.0     0.2784      0.6    1.7       9.991   24.3   0b1111111111111111    20190607T124620114086
 3     230     2.7645      0.0       0.0     1.2166      0.4    1.7       2.272   24.3   0b1111111111111111    20190607T124620114349
 4     230     2.7420      0.0       0.0     0.2731      0.4    0.8      10.041   24.3   0b1111111111111111    20190607T124620114615
 5     230     2.7488      0.0       0.0     1.2156      0.4    0.8       2.261   24.3   0b1111111111111111    20190607T124620114867
 6     230     2.7383      0.0       0.0     0.2746      0.4    0.8       9.972   24.3   0b1111111111111111    20190607T124620115125
 7     230     2.7353      0.0       0.0     1.2075      0.6    1.7       2.265   24.3   0b1111111111111111    20190607T124620115376
 8     230     2.7615      0.0       0.0     0.2736      0.4    0.8      10.094   24.3   0b1111111111111111    20190607T124620115641
 9     230     2.7659      0.2       0.8     1.2220      0.4    0.8       2.263   24.3   0b1111111111111111    20190607T124620115884
10     230     2.7847      0.0       0.0     0.2755      0.4    0.8      10.108   24.3   0b1111111111111111    20190607T124620116124
11     230     2.7697      0.0       0.0     1.2211      0.4    0.8       2.268   24.3   0b1111111111111111    20190607T124620116364
12     230     2.7675      0.0       0.0     0.2755      0.4    0.8      10.045   24.3   0b1111111111111111    20190607T124620116623
13     230     2.7391      0.2       0.8     1.2082      0.3    0.8       2.267   24.3   0b1111111111111111    20190607T124620116867
14     230     2.7668      0.0       0.0     0.2762      0.4    0.8      10.018   24.3   0b1111111111111111    20190607T124620117125
15     230     2.7495      0.0       0.0     1.2127      0.3    0.8       2.267   24.3   0b1111111111111111    20190607T124620117384
 0     220     2.7473      0.0       0.0     0.2733      0.0    0.0      10.051   24.4   0b1111111111111111    20190607T124623593842
 1     220     2.7195      0.0       0.0     1.2006      0.4    0.8       2.265   24.4   0b1111111111111111    20190607T124623594078
 2     220     2.7317      0.3       0.7     0.2737      0.4    0.8       9.982   24.4   0b1111111111111111    20190607T124623594258
 3     220     2.7150      0.0       0.0     1.1950      0.4    1.7       2.272   24.4   0b1111111111111111    20190607T124623594413
 4     220     2.6947      0.0       0.0     0.2682      0.2    0.8      10.046   24.4   0b1111111111111111    20190607T124623594564
 5     220     2.7004      0.4       0.8     1.1943      0.2    0.8       2.261   24.4   0b1111111111111111    20190607T124623594712
 6     220     2.6902      0.0       0.0     0.2700      0.4    1.7       9.964   24.4   0b1111111111111111    20190607T124623594859
 7     220     2.6871      0.3       0.7     1.1863      0.4    0.8       2.265   24.4   0b1111111111111111    20190607T124623595005
 8     220     2.7133      0.3       0.7     0.2690      0.3    0.8      10.087   24.4   0b1111111111111111    20190607T124623595150
 9     220     2.7157      0.0       0.0     1.2001      0.4    1.7       2.263   24.4   0b1111111111111111    20190607T124623595301
10     220     2.7345      0.0       0.0     0.2702      0.3    0.8      10.122   24.4   0b1111111111111111    20190607T124623595447
11     220     2.7195      0.0       0.0     1.1991      0.3    0.8       2.268   24.4   0b1111111111111111    20190607T124623595591
12     220     2.7180      0.0       0.0     0.2707      0.2    0.8      10.039   24.4   0b1111111111111111    20190607T124623595735
13     220     2.6917      0.2       0.7     1.1870      0.4    0.8       2.268   24.4   0b1111111111111111    20190607T124623595887
14     220     2.7173      0.0       0.0     0.2712      0.4    0.8      10.018   24.4   0b1111111111111111    20190607T124623596031
15     220     2.7018      0.4       0.8     1.1917      0.4    1.7       2.267   24.4   0b1111111111111111    20190607T124623596175
 0     210     2.6970      0.0       0.0     0.2684      0.3    0.8      10.048   24.4   0b1111111111111111    20190607T124627071498
 1     210     2.6700      0.0       0.0     1.1786      0.4    0.8       2.265   24.4   0b1111111111111111    20190607T124627071791
 2     210     2.6820      0.0       0.0     0.2685      0.3    0.8       9.989   24.4   0b1111111111111111    20190607T124627072068
 3     210     2.6655      0.0       0.0     1.1732      0.3    0.8       2.272   24.4   0b1111111111111111    20190607T124627072289
 4     210     2.6460      0.0       0.0     0.2636      0.4    0.8      10.039   24.4   0b1111111111111111    20190607T124627072596
 5     210     2.6513      0.0       0.0     1.1726      0.3    0.8       2.261   24.4   0b1111111111111111    20190607T124627072784
 6     210     2.6415      0.0       0.0     0.2650      0.0    0.0       9.968   24.4   0b1111111111111111    20190607T124627072935
 7     210     2.6385      0.0       0.0     1.1648      0.3    0.8       2.265   24.4   0b1111111111111111    20190607T124627073083
 8     210     2.6639      0.2       0.8     0.2639      0.4    0.8      10.094   24.4   0b1111111111111111    20190607T124627073234
 9     210     2.6663      0.0       0.0     1.1783      0.3    0.8       2.263   24.4   0b1111111111111111    20190607T124627073455
10     210     2.6842      0.0       0.0     0.2656      0.4    0.8      10.107   24.4   0b1111111111111111    20190607T124627073735
11     210     2.6700      0.0       0.0     1.1772      0.4    0.8       2.268   24.4   0b1111111111111111    20190607T124627074039
12     210     2.6685      0.0       0.0     0.2657      0.3    0.8      10.045   24.4   0b1111111111111111    20190607T124627074329
13     210     2.6430      0.0       0.0     1.1653      0.4    0.8       2.268   24.4   0b1111111111111111    20190607T124627074626
14     210     2.6678      0.0       0.0     0.2661      0.4    0.8      10.026   24.4   0b1111111111111111    20190607T124627074927
15     210     2.6528      0.0       0.0     1.1701      0.3    0.8       2.267   24.4   0b1111111111111111    20190607T124627075217
 0     200     2.6468      0.0       0.0     0.2633      0.4    1.7      10.051   24.5   0b1111111111111111    20190607T124630535546
 1     200     2.6197      0.0       0.0     1.1567      0.0    0.0       2.265   24.5   0b1111111111111111    20190607T124630536197
 2     200     2.6318      0.0       0.0     0.2635      0.3    0.8       9.988   24.5   0b1111111111111111    20190607T124630536783
 3     200     2.6160      0.0       0.0     1.1512      0.4    0.8       2.272   24.5   0b1111111111111111    20190607T124630537328
 4     200     2.5969      0.4       0.8     0.2584      0.3    0.8      10.049   24.5   0b1111111111111111    20190607T124630537883
 5     200     2.6023      0.3       0.8     1.1508      0.0    0.0       2.261   24.5   0b1111111111111111    20190607T124630538534
 6     200     2.5927      0.0       0.0     0.2600      0.0    0.0       9.972   24.5   0b1111111111111111    20190607T124630538851
 7     200     2.5897      0.0       0.0     1.1434      0.3    0.8       2.265   24.5   0b1111111111111111    20190607T124630539113
 8     200     2.6138      0.0       0.0     0.2590      0.3    0.8      10.092   24.5   0b1111111111111111    20190607T124630539349
 9     200     2.6163      0.4       0.7     1.1559      0.2    0.8       2.263   24.5   0b1111111111111111    20190607T124630539597
10     200     2.6341      0.2       0.8     0.2602      0.4    0.8      10.121   24.5   0b1111111111111111    20190607T124630539831
11     200     2.6205      0.0       0.0     1.1552      0.4    0.8       2.268   24.5   0b1111111111111111    20190607T124630540073
12     200     2.6190      0.0       0.0     0.2609      0.3    0.8      10.038   24.5   0b1111111111111111    20190607T124630540405
13     200     2.5935      0.0       0.0     1.1437      0.4    0.8       2.268   24.5   0b1111111111111111    20190607T124630540646
14     200     2.6180      0.3       0.8     0.2612      0.4    0.8      10.024   24.5   0b1111111111111111    20190607T124630540886
15     200     2.6032      0.0       0.0     1.1483      0.3    0.8       2.267   24.5   0b1111111111111111    20190607T124630541132
 0     190     2.5980      0.0       0.0     0.2585      0.3    0.8      10.050   24.6   0b1111111111111111    20190607T124634010706
 1     190     2.5725      0.0       0.0     1.1353      0.6    1.7       2.266   24.6   0b1111111111111111    20190607T124634011207
 2     190     2.5845      0.0       0.0     0.2585      0.3    0.8       9.998   24.6   0b1111111111111111    20190607T124634011736
 3     190     2.5674      0.3       0.7     1.1300      0.0    0.0       2.272   24.6   0b1111111111111111    20190607T124634012252
 4     190     2.5494      0.3       0.8     0.2538      0.4    0.8      10.047   24.6   0b1111111111111111    20190607T124634012791
 5     190     2.5545      0.0       0.0     1.1298      0.3    0.8       2.261   24.6   0b1111111111111111    20190607T124634013299
 6     190     2.5448      0.0       0.0     0.2551      0.2    0.8       9.976   24.6   0b1111111111111111    20190607T124634013636
 7     190     2.5425      0.0       0.0     1.1224      0.2    0.8       2.265   24.6   0b1111111111111111    20190607T124634013937
 8     190     2.5658      0.2       0.8     0.2542      0.0    0.0      10.095   24.6   0b1111111111111111    20190607T124634014238
 9     190     2.5688      0.0       0.0     1.1350      0.0    0.0       2.263   24.6   0b1111111111111111    20190607T124634014548
10     190     2.5860      0.0       0.0     0.2556      0.4    0.8      10.118   24.6   0b1111111111111111    20190607T124634014840
11     190     2.5710      0.0       0.0     1.1336      0.4    0.8       2.268   24.6   0b1111111111111111    20190607T124634015130
12     190     2.5703      0.0       0.0     0.2559      0.2    0.8      10.043   24.6   0b1111111111111111    20190607T124634015419
13     190     2.5470      0.0       0.0     1.1232      0.3    0.8       2.268   24.6   0b1111111111111111    20190607T124634015745
14     190     2.5710      0.0       0.0     0.2563      0.4    0.8      10.030   24.6   0b1111111111111111    20190607T124634016143
15     190     2.5553      0.0       0.0     1.1273      0.4    0.8       2.267   24.6   0b1111111111111111    20190607T124634016435
 0     180     2.5478      0.0       0.0     0.2537      0.4    0.8      10.044   24.6   0b1111111111111111    20190607T124637490567
 1     180     2.5228      0.3       0.7     1.1135      0.3    0.8       2.266   24.6   0b1111111111111111    20190607T124637490835
 2     180     2.5343      0.0       0.0     0.2537      0.4    0.8       9.990   24.6   0b1111111111111111    20190607T124637491022
 3     180     2.5183      0.3       0.7     1.1085      0.3    0.8       2.272   24.6   0b1111111111111111    20190607T124637491195
 4     180     2.5006      0.3       0.8     0.2487      0.4    0.8      10.056   24.6   0b1111111111111111    20190607T124637491390
 5     180     2.5057      0.0       0.0     1.1081      0.4    0.8       2.261   24.6   0b1111111111111111    20190607T124637491550
 6     180     2.4960      0.0       0.0     0.2503      0.4    0.8       9.971   24.6   0b1111111111111111    20190607T124637491705
 7     180     2.4937      0.0       0.0     1.1010      0.3    0.8       2.265   24.6   0b1111111111111111    20190607T124637491855
 8     180     2.5164      0.3       0.8     0.2492      0.0    0.0      10.099   24.6   0b1111111111111111    20190607T124637492020
 9     180     2.5192      0.0       0.0     1.1133      0.2    0.8       2.263   24.6   0b1111111111111111    20190607T124637492168
10     180     2.5358      0.0       0.0     0.2503      0.4    0.8      10.129   24.6   0b1111111111111111    20190607T124637492329
11     180     2.5215      0.0       0.0     1.1117      0.0    0.0       2.268   24.6   0b1111111111111111    20190607T124637492481
12     180     2.5208      0.0       0.0     0.2509      0.3    0.8      10.046   24.6   0b1111111111111111    20190607T124637492624
13     180     2.4982      0.0       0.0     1.1017      0.0    0.0       2.268   24.6   0b1111111111111111    20190607T124637492767
14     180     2.5211      0.4       0.7     0.2516      0.3    0.8      10.021   24.6   0b1111111111111111    20190607T124637492908
15     180     2.5064      0.2       0.7     1.1057      0.3    0.8       2.267   24.6   0b1111111111111111    20190607T124637493050
 0     170     2.4975      0.0       0.0     0.2483      0.0    0.0      10.057   24.8   0b1111111111111111    20190607T124640956068
 1     170     2.4730      0.3       0.8     1.0917      0.0    0.0       2.265   24.8   0b1111111111111111    20190607T124640956524
 2     170     2.4848      0.0       0.0     0.2484      0.2    0.8      10.002   24.8   0b1111111111111111    20190607T124640956856
 3     170     2.4688      0.3       0.8     1.0867      0.0    0.0       2.272   24.8   0b1111111111111111    20190607T124640957165
 4     170     2.4518      0.0       0.0     0.2441      0.2    0.8      10.045   24.8   0b1111111111111111    20190607T124640957487
 5     170     2.4565      0.3       0.8     1.0865      0.3    0.8       2.261   24.8   0b1111111111111111    20190607T124640957788
 6     170     2.4473      0.0       0.0     0.2453      0.4    0.8       9.975   24.8   0b1111111111111111    20190607T124640958082
 7     170     2.4457      0.2       0.7     1.0796      0.4    0.8       2.265   24.8   0b1111111111111111    20190607T124640958405
 8     170     2.4673      0.3       0.7     0.2443      0.3    0.8      10.098   24.8   0b1111111111111111    20190607T124640958705
 9     170     2.4698      0.0       0.0     1.0912      0.4    0.8       2.263   24.8   0b1111111111111111    20190607T124640958998
10     170     2.4862      0.0       0.0     0.2454      0.4    0.8      10.131   24.8   0b1111111111111111    20190607T124640959296
11     170     2.4720      0.0       0.0     1.0900      0.0    0.0       2.268   24.8   0b1111111111111111    20190607T124640959665
12     170     2.4713      0.0       0.0     0.2458      0.0    0.0      10.053   24.8   0b1111111111111111    20190607T124640959960
13     170     2.4489      0.3       0.8     1.0797      0.4    0.8       2.268   24.8   0b1111111111111111    20190607T124640960250
14     170     2.4720      0.0       0.0     0.2465      0.3    0.8      10.028   24.8   0b1111111111111111    20190607T124640960562
15     170     2.4572      0.3       0.8     1.0842      0.0    0.0       2.266   24.8   0b1111111111111111    20190607T124640960853
 0     160     2.4473      0.0       0.0     0.2433      0.0    0.0      10.057   24.8   0b1111111111111111    20190607T124644423897
 1     160     2.4232      0.0       0.0     1.0696      0.4    0.8       2.266   24.8   0b1111111111111111    20190607T124644424325
 2     160     2.4345      0.0       0.0     0.2434      0.2    0.8      10.001   24.8   0b1111111111111111    20190607T124644424634
 3     160     2.4187      0.0       0.0     1.0647      0.4    0.8       2.272   24.8   0b1111111111111111    20190607T124644424972
 4     160     2.4030      0.0       0.0     0.2392      0.0    0.0      10.047   24.8   0b1111111111111111    20190607T124644425288
 5     160     2.4075      0.0       0.0     1.0650      0.0    0.0       2.261   24.8   0b1111111111111111    20190607T124644425585
 6     160     2.3991      0.3       0.8     0.2403      0.4    0.8       9.982   24.8   0b1111111111111111    20190607T124644425877
 7     160     2.3962      0.0       0.0     1.0579      0.4    0.8       2.265   24.8   0b1111111111111111    20190607T124644426167
 8     160     2.4180      0.0       0.0     0.2392      0.0    0.0      10.110   24.8   0b1111111111111111    20190607T124644426643
 9     160     2.4202      0.0       0.0     1.0694      0.4    0.8       2.263   24.8   0b1111111111111111    20190607T124644426986
10     160     2.4360      0.0       0.0     0.2405      0.4    0.8      10.129   24.8   0b1111111111111111    20190607T124644427337
11     160     2.4225      0.0       0.0     1.0680      0.4    0.8       2.268   24.8   0b1111111111111111    20190607T124644427752
12     160     2.4217      0.0       0.0     0.2410      0.3    0.8      10.049   24.8   0b1111111111111111    20190607T124644428081
13     160     2.4000      0.0       0.0     1.0583      0.2    0.8       2.268   24.8   0b1111111111111111    20190607T124644428391
14     160     2.4225      0.0       0.0     0.2417      0.0    0.0      10.024   24.8   0b1111111111111111    20190607T124644428533
15     160     2.4082      0.0       0.0     1.0625      0.0    0.0       2.267   24.8   0b1111111111111111    20190607T124644428672
 0     150     2.3992      0.0       0.0     0.2384      0.2    0.8      10.063   24.9   0b1111111111111111    20190607T124647880207
 1     150     2.3760      0.0       0.0     1.0484      0.2    0.8       2.266   24.9   0b1111111111111111    20190607T124647880664
 2     150     2.3865      0.0       0.0     0.2383      0.0    0.0      10.013   24.9   0b1111111111111111    20190607T124647880989
 3     150     2.3715      0.0       0.0     1.0437      0.4    0.8       2.272   24.9   0b1111111111111111    20190607T124647881321
 4     150     2.3565      0.0       0.0     0.2343      0.2    0.8      10.060   24.9   0b1111111111111111    20190607T124647881623
 5     150     2.3603      0.2       0.7     1.0442      0.0    0.0       2.260   24.9   0b1111111111111111    20190607T124647881939
 6     150     2.3520      0.0       0.0     0.2357      0.2    0.8       9.977   24.9   0b1111111111111111    20190607T124647882275
 7     150     2.3498      0.0       0.0     1.0375      0.0    0.0       2.265   24.9   0b1111111111111111    20190607T124647882569
 8     150     2.3708      0.0       0.0     0.2344      0.4    0.8      10.113   24.9   0b1111111111111111    20190607T124647882859
 9     150     2.3729      0.2       0.8     1.0484      0.2    0.8       2.263   24.9   0b1111111111111111    20190607T124647883149
10     150     2.3880      0.0       0.0     0.2358      0.0    0.0      10.126   24.9   0b1111111111111111    20190607T124647883508
11     150     2.3760      0.0       0.0     1.0475      0.0    0.0       2.268   24.9   0b1111111111111111    20190607T124647883806
12     150     2.3747      0.3       0.8     0.2363      0.4    0.8      10.048   24.9   0b1111111111111111    20190607T124647884096
13     150     2.3542      0.0       0.0     1.0377      0.4    0.8       2.269   24.9   0b1111111111111111    20190607T124647884408
14     150     2.3753      0.0       0.0     0.2367      0.0    0.0      10.036   24.9   0b1111111111111111    20190607T124647884699
15     150     2.3618      0.0       0.0     1.0417      0.3    0.8       2.267   24.9   0b1111111111111111    20190607T124647884987
 0     140     2.3498      0.0       0.0     0.2334      0.3    0.8      10.067   25.0   0b1111111111111111    20190607T124651338675
 1     140     2.3265      0.0       0.0     1.0267      0.0    0.0       2.266   25.0   0b1111111111111111    20190607T124651339076
 2     140     2.3370      0.0       0.0     0.2333      0.0    0.0      10.016   25.0   0b1111111111111111    20190607T124651339416
 3     140     2.3227      0.2       0.8     1.0223      0.3    0.8       2.272   25.0   0b1111111111111111    20190607T124651339720
 4     140     2.3081      0.4       0.8     0.2296      0.4    0.8      10.054   25.0   0b1111111111111111    20190607T124651340015
 5     140     2.3122      0.0       0.0     1.0225      0.0    0.0       2.261   25.0   0b1111111111111111    20190607T124651340331
 6     140     2.3035      0.3       0.8     0.2308      0.0    0.0       9.979   25.0   0b1111111111111111    20190607T124651340624
 7     140     2.3017      0.0       0.0     1.0162      0.4    0.8       2.265   25.0   0b1111111111111111    20190607T124651340915
 8     140     2.3220      0.0       0.0     0.2294      0.4    0.8      10.121   25.0   0b1111111111111111    20190607T124651341284
 9     140     2.3235      0.0       0.0     1.0267      0.0    0.0       2.263   25.0   0b1111111111111111    20190607T124651341583
10     140     2.3385      0.0       0.0     0.2308      0.0    0.0      10.131   25.0   0b1111111111111111    20190607T124651341873
11     140     2.3272      0.0       0.0     1.0259      0.3    0.8       2.268   25.0   0b1111111111111111    20190607T124651342194
12     140     2.3257      0.0       0.0     0.2313      0.4    0.8      10.057   25.0   0b1111111111111111    20190607T124651342512
13     140     2.3055      0.0       0.0     1.0162      0.4    0.8       2.269   25.0   0b1111111111111111    20190607T124651342801
14     140     2.3263      0.3       0.8     0.2317      0.0    0.0      10.042   25.0   0b1111111111111111    20190607T124651343088
15     140     2.3130      0.0       0.0     1.0205      0.4    0.8       2.267   25.0   0b1111111111111111    20190607T124651343395
 0     130     2.3002      0.0       0.0     0.2283      0.0    0.0      10.074   25.0   0b1111111111111111    20190607T124654811730
 1     130     2.2778      0.0       0.0     1.0049      0.2    0.8       2.267   25.0   0b1111111111111111    20190607T124654812121
 2     130     2.2875      0.0       0.0     0.2284      0.2    0.8      10.015   25.0   0b1111111111111111    20190607T124654812421
 3     130     2.2733      0.0       0.0     1.0002      0.3    0.8       2.273   25.0   0b1111111111111111    20190607T124654812699
 4     130     2.2597      0.0       0.0     0.2247      0.4    0.8      10.058   25.0   0b1111111111111111    20190607T124654812967
 5     130     2.2635      0.0       0.0     1.0010      0.3    0.8       2.261   25.0   0b1111111111111111    20190607T124654813286
 6     130     2.2554      0.3       0.8     0.2260      0.3    0.8       9.980   25.0   0b1111111111111111    20190607T124654813548
 7     130     2.2531      0.2       0.8     0.9945      0.4    0.8       2.266   25.0   0b1111111111111111    20190607T124654813801
 8     130     2.2733      0.0       0.0     0.2246      0.4    0.8      10.122   25.0   0b1111111111111111    20190607T124654814112
 9     130     2.2748      0.0       0.0     1.0050      0.0    0.0       2.263   25.0   0b1111111111111111    20190607T124654814363
10     130     2.2891      0.2       0.8     0.2258      0.0    0.0      10.136   25.0   0b1111111111111111    20190607T124654814603
11     130     2.2779      0.3       0.8     1.0042      0.2    0.8       2.268   25.0   0b1111111111111111    20190607T124654814840
12     130     2.2770      0.0       0.0     0.2266      0.2    0.8      10.049   25.0   0b1111111111111111    20190607T124654815074
13     130     2.2571      0.4       0.8     0.9950      0.0    0.0       2.268   25.0   0b1111111111111111    20190607T124654815335
14     130     2.2770      0.0       0.0     0.2267      0.0    0.0      10.046   25.0   0b1111111111111111    20190607T124654815578
15     130     2.2643      0.2       0.7     0.9992      0.0    0.0       2.266   25.0   0b1111111111111111    20190607T124654815808
 0     120     2.2508      0.2       0.8     0.2233      0.0    0.0      10.078   25.0   0b1111111111111111    20190607T124658272237
 1     120     2.2282      0.0       0.0     0.9833      0.0    0.0       2.266   25.0   0b1111111111111111    20190607T124658272688
 2     120     2.2388      0.0       0.0     0.2236      0.4    0.8      10.013   25.0   0b1111111111111111    20190607T124658273018
 3     120     2.2245      0.0       0.0     0.9788      0.4    0.8       2.273   25.0   0b1111111111111111    20190607T124658273323
 4     120     2.2117      0.0       0.0     0.2198      0.3    0.8      10.061   25.0   0b1111111111111111    20190607T124658273643
 5     120     2.2155      0.0       0.0     0.9797      0.4    0.8       2.261   25.0   0b1111111111111111    20190607T124658273940
 6     120     2.2072      0.0       0.0     0.2208      0.0    0.0       9.995   25.0   0b1111111111111111    20190607T124658274229
 7     120     2.2058      0.0       0.0     0.9734      0.3    0.8       2.266   25.0   0b1111111111111111    20190607T124658274556
 8     120     2.2252      0.0       0.0     0.2200      0.0    0.0      10.115   25.0   0b1111111111111111    20190607T124658274897
 9     120     2.2260      0.0       0.0     0.9833      0.0    0.0       2.264   25.0   0b1111111111111111    20190607T124658275191
10     120     2.2410      0.0       0.0     0.2208      0.0    0.0      10.148   25.0   0b1111111111111111    20190607T124658275502
11     120     2.2295      0.3       0.8     0.9826      0.3    0.8       2.269   25.0   0b1111111111111111    20190607T124658275794
12     120     2.2288      0.3       0.8     0.2217      0.0    0.0      10.055   25.0   0b1111111111111111    20190607T124658276081
13     120     2.2102      0.0       0.0     0.9742      0.0    0.0       2.269   25.0   0b1111111111111111    20190607T124658276370
14     120     2.2290      0.0       0.0     0.2218      0.2    0.8      10.052   25.0   0b1111111111111111    20190607T124658276680
15     120     2.2147      0.0       0.0     0.9773      0.4    0.8       2.266   25.0   0b1111111111111111    20190607T124658276970
 0     110     2.2035      0.0       0.0     0.2190      0.3    0.8      10.062   25.1   0b1111111111111111    20190607T124701738388
 1     110     2.1818      0.0       0.0     0.9625      0.0    0.0       2.267   25.1   0b1111111111111111    20190607T124701738786
 2     110     2.1917      0.3       0.8     0.2188      0.4    0.8      10.019   25.1   0b1111111111111111    20190607T124701739121
 3     110     2.1776      0.4       0.8     0.9582      0.3    0.8       2.273   25.1   0b1111111111111111    20190607T124701739446
 4     110     2.1652      0.0       0.0     0.2150      0.0    0.0      10.071   25.1   0b1111111111111111    20190607T124701739743
 5     110     2.1689      0.2       0.8     0.9589      0.4    0.8       2.262   25.1   0b1111111111111111    20190607T124701740038
 6     110     2.1608      0.0       0.0     0.2164      0.4    0.8       9.984   25.1   0b1111111111111111    20190607T124701740384
 7     110     2.1593      0.0       0.0     0.9530      0.4    0.8       2.266   25.1   0b1111111111111111    20190607T124701740678
 8     110     2.1788      0.0       0.0     0.2150      0.0    0.0      10.134   25.1   0b1111111111111111    20190607T124701740968
 9     110     2.1795      0.0       0.0     0.9625      0.0    0.0       2.264   25.1   0b1111111111111111    20190607T124701741306
10     110     2.1938      0.2       0.8     0.2162      0.4    0.8      10.145   25.1   0b1111111111111111    20190607T124701741654
11     110     2.1833      0.0       0.0     0.9621      0.4    0.8       2.269   25.1   0b1111111111111111    20190607T124701741952
12     110     2.1818      0.0       0.0     0.2167      0.0    0.0      10.070   25.1   0b1111111111111111    20190607T124701742309
13     110     2.1639      0.3       0.7     0.9534      0.3    0.8       2.270   25.1   0b1111111111111111    20190607T124701742608
14     110     2.1819      0.3       0.8     0.2171      0.4    0.8      10.051   25.1   0b1111111111111111    20190607T124701742898
15     110     2.1687      0.4       0.8     0.9567      0.0    0.0       2.267   25.1   0b1111111111111111    20190607T124701743242
 0     100     2.1540      0.0       0.0     0.2139      0.4    0.8      10.069   25.2   0b1111111111111111    20190607T124705214799
 1     100     2.1323      0.2       0.8     0.9408      0.3    0.8       2.267   25.2   0b1111111111111111    20190607T124705215404
 2     100     2.1424      0.4       0.8     0.2139      0.4    0.8      10.015   25.2   0b1111111111111111    20190607T124705215954
 3     100     2.1285      0.0       0.0     0.9367      0.0    0.0       2.272   25.2   0b1111111111111111    20190607T124705216439
 4     100     2.1157      0.2       0.8     0.2100      0.0    0.0      10.075   25.2   0b1111111111111111    20190607T124705216930
 5     100     2.1195      0.0       0.0     0.9370      0.4    0.8       2.262   25.2   0b1111111111111111    20190607T124705218769
 6     100     2.1112      0.0       0.0     0.2115      0.3    0.8       9.982   25.2   0b1111111111111111    20190607T124705219161
 7     100     2.1097      0.0       0.0     0.9308      0.0    0.0       2.267   25.2   0b1111111111111111    20190607T124705219479
 8     100     2.1301      0.2       0.8     0.2100      0.0    0.0      10.143   25.2   0b1111111111111111    20190607T124705219846
 9     100     2.1307      0.0       0.0     0.9409      0.3    0.8       2.265   25.2   0b1111111111111111    20190607T124705220095
10     100     2.1451      0.2       0.7     0.2115      0.3    0.8      10.142   25.2   0b1111111111111111    20190607T124705220356
11     100     2.1345      0.0       0.0     0.9406      0.4    0.8       2.269   25.2   0b1111111111111111    20190607T124705220611
12     100     2.1330      0.0       0.0     0.2118      0.3    0.8      10.069   25.2   0b1111111111111111    20190607T124705220850
13     100     2.1157      0.0       0.0     0.9319      0.4    0.8       2.270   25.2   0b1111111111111111    20190607T124705221086
14     100     2.1330      0.0       0.0     0.2122      0.4    0.8      10.053   25.2   0b1111111111111111    20190607T124705221385
15     100     2.1202      0.0       0.0     0.9350      0.0    0.0       2.268   25.2   0b1111111111111111    20190607T124705221610
 0      90     2.1053      0.0       0.0     0.2088      0.4    0.8      10.081   25.3   0b1111111111111111    20190607T124708690245
 1      90     2.0843      0.0       0.0     0.9191      0.3    0.8       2.268   25.3   0b1111111111111111    20190607T124708690470
 2      90     2.0925      0.0       0.0     0.2086      0.4    0.8      10.032   25.3   0b1111111111111111    20190607T124708690702
 3      90     2.0790      0.0       0.0     0.9148      0.3    0.8       2.273   25.3   0b1111111111111111    20190607T124708690908
 4      90     2.0656      0.2       0.8     0.2050      0.0    0.0      10.076   25.3   0b1111111111111111    20190607T124708691098
 5      90     2.0700      0.0       0.0     0.9150      0.0    0.0       2.262   25.3   0b1111111111111111    20190607T124708691271
 6      90     2.0610      0.0       0.0     0.2064      0.4    0.8       9.985   25.3   0b1111111111111111    20190607T124708691423
 7      90     2.0595      0.0       0.0     0.9087      0.4    0.8       2.267   25.3   0b1111111111111111    20190607T124708691577
 8      90     2.0813      0.0       0.0     0.2051      0.2    0.8      10.148   25.3   0b1111111111111111    20190607T124708691722
 9      90     2.0820      0.0       0.0     0.9194      0.4    0.8       2.264   25.3   0b1111111111111111    20190607T124708691863
10      90     2.0957      0.3       0.7     0.2063      0.4    0.8      10.157   25.3   0b1111111111111111    20190607T124708692035
11      90     2.0843      0.0       0.0     0.9183      0.0    0.0       2.270   25.3   0b1111111111111111    20190607T124708692184
12      90     2.0850      0.0       0.0     0.2068      0.3    0.8      10.081   25.3   0b1111111111111111    20190607T124708692331
13      90     2.0670      0.0       0.0     0.9107      0.3    0.8       2.270   25.3   0b1111111111111111    20190607T124708692472
14      90     2.0858      0.0       0.0     0.2074      0.2    0.8      10.056   25.3   0b1111111111111111    20190607T124708692613
15      90     2.0731      0.2       0.8     0.9143      0.3    0.8       2.268   25.3   0b1111111111111111    20190607T124708692754
 0      80     2.0543      0.0       0.0     0.2036      0.4    0.8      10.090   25.3   0b1111111111111111    20190607T124712161279
 1      80     2.0333      0.2       0.8     0.8967      0.0    0.0       2.268   25.3   0b1111111111111111    20190607T124712161720
 2      80     2.0422      0.0       0.0     0.2035      0.3    0.8      10.036   25.3   0b1111111111111111    20190607T124712162088
 3      80     2.0287      0.0       0.0     0.8925      0.0    0.0       2.273   25.3   0b1111111111111111    20190607T124712162394
 4      80     2.0145      0.0       0.0     0.1998      0.3    0.8      10.081   25.3   0b1111111111111111    20190607T124712162712
 5      80     2.0183      0.0       0.0     0.8925      0.0    0.0       2.261   25.3   0b1111111111111111    20190607T124712163020
 6      80     2.0100      0.0       0.0     0.2012      0.4    0.8       9.992   25.3   0b1111111111111111    20190607T124712163311
 7      80     2.0081      0.4       0.8     0.8858      0.0    0.0       2.267   25.3   0b1111111111111111    20190607T124712163620
 8      80     2.0317      0.2       0.7     0.2000      0.0    0.0      10.158   25.3   0b1111111111111111    20190607T124712163912
 9      80     2.0321      0.4       0.8     0.8972      0.4    0.8       2.265   25.3   0b1111111111111111    20190607T124712164262
10      80     2.0458      0.3       0.8     0.2012      0.4    0.8      10.170   25.3   0b1111111111111111    20190607T124712164580
11      80     2.0341      0.2       0.8     0.8962      0.4    0.8       2.270   25.3   0b1111111111111111    20190607T124712164870
12      80     2.0347      0.0       0.0     0.2018      0.2    0.8      10.086   25.3   0b1111111111111111    20190607T124712165157
13      80     2.0175      0.0       0.0     0.8884      0.3    0.8       2.271   25.3   0b1111111111111111    20190607T124712165445
14      80     2.0355      0.0       0.0     0.2023      0.3    0.8      10.060   25.3   0b1111111111111111    20190607T124712165757
15      80     2.0235      0.0       0.0     0.8925      0.0    0.0       2.267   25.3   0b1111111111111111    20190607T124712166044
 0      70     2.0039      0.3       0.8     0.1986      0.4    0.8      10.091   25.3   0b1111111111111111    20190607T124715628182
 1      70     1.9830      0.0       0.0     0.8742      0.0    0.0       2.268   25.3   0b1111111111111111    20190607T124715628400
 2      70     1.9913      0.0       0.0     0.1983      0.0    0.0      10.040   25.3   0b1111111111111111    20190607T124715628559
 3      70     1.9778      0.2       0.8     0.8700      0.0    0.0       2.273   25.3   0b1111111111111111    20190607T124715628705
 4      70     1.9635      0.0       0.0     0.1948      0.4    0.8      10.082   25.3   0b1111111111111111    20190607T124715628849
 5      70     1.9680      0.0       0.0     0.8700      0.0    0.0       2.262   25.3   0b1111111111111111    20190607T124715629035
 6      70     1.9594      0.4       0.8     0.1959      0.2    0.8      10.001   25.3   0b1111111111111111    20190607T124715629278
 7      70     1.9575      0.0       0.0     0.8634      0.3    0.8       2.267   25.3   0b1111111111111111    20190607T124715629597
 8      70     1.9813      0.3       0.8     0.1950      0.0    0.0      10.160   25.3   0b1111111111111111    20190607T124715630064
 9      70     1.9823      0.0       0.0     0.8750      0.0    0.0       2.265   25.3   0b1111111111111111    20190607T124715630367
10      70     1.9957      0.2       0.7     0.1960      0.3    0.8      10.182   25.3   0b1111111111111111    20190607T124715630668
11      70     1.9845      0.0       0.0     0.8741      0.2    0.8       2.270   25.3   0b1111111111111111    20190607T124715630978
12      70     1.9845      0.0       0.0     0.1968      0.2    0.8      10.086   25.3   0b1111111111111111    20190607T124715631262
13      70     1.9672      0.0       0.0     0.8660      0.3    0.8       2.272   25.3   0b1111111111111111    20190607T124715631456
14      70     1.9853      0.0       0.0     0.1973      0.3    0.8      10.060   25.3   0b1111111111111111    20190607T124715631608
15      70     1.9733      0.0       0.0     0.8702      0.3    0.8       2.268   25.3   0b1111111111111111    20190607T124715631750
 0      60     1.9492      0.0       0.0     0.1933      0.2    0.8      10.087   25.4   0b1111111111111111    20190607T124719092174
 1      60     1.9312      0.0       0.0     0.8512      0.4    0.8       2.269   25.4   0b1111111111111111    20190607T124719092629
 2      60     1.9388      0.0       0.0     0.1933      0.0    0.0      10.028   25.4   0b1111111111111111    20190607T124719093123
 3      60     1.9252      0.0       0.0     0.8468      0.3    0.8       2.274   25.4   0b1111111111111111    20190607T124719093500
 4      60     1.9120      0.3       0.8     0.1893      0.3    0.8      10.098   25.4   0b1111111111111111    20190607T124719093825
 5      60     1.9163      0.0       0.0     0.8471      0.4    0.8       2.262   25.4   0b1111111111111111    20190607T124719094129
 6      60     1.9080      0.0       0.0     0.1908      0.2    0.8      10.003   25.4   0b1111111111111111    20190607T124719094473
 7      60     1.9058      0.0       0.0     0.8408      0.0    0.0       2.267   25.4   0b1111111111111111    20190607T124719094774
 8      60     1.9290      0.0       0.0     0.1899      0.2    0.8      10.157   25.4   0b1111111111111111    20190607T124719095118
 9      60     1.9291      0.3       0.8     0.8516      0.2    0.8       2.265   25.4   0b1111111111111111    20190607T124719095472
10      60     1.9433      0.0       0.0     0.1908      0.0    0.0      10.183   25.4   0b1111111111111111    20190607T124719095767
11      60     1.9324      0.4       0.8     0.8511      0.4    0.8       2.270   25.4   0b1111111111111111    20190607T124719096059
12      60     1.9320      0.0       0.0     0.1917      0.0    0.0      10.080   25.4   0b1111111111111111    20190607T124719096402
13      60     1.9170      0.0       0.0     0.8442      0.0    0.0       2.271   25.4   0b1111111111111111    20190607T124719096697
14      60     1.9343      0.0       0.0     0.1918      0.3    0.8      10.087   25.4   0b1111111111111111    20190607T124719096985
15      60     1.9215      0.0       0.0     0.8474      0.3    0.8       2.267   25.4   0b1111111111111111    20190607T124719097331
 0      50     1.8967      0.2       0.8     0.1876      0.2    0.8      10.111   25.5   0b1111111111111111    20190607T124722570260
 1      50     1.8785      0.4       0.8     0.8280      0.4    0.8       2.269   25.5   0b1111111111111111    20190607T124722570601
 2      50     1.8855      0.0       0.0     0.1876      0.2    0.8      10.052   25.5   0b1111111111111111    20190607T124722570851
 3      50     1.8727      0.0       0.0     0.8241      0.3    0.8       2.273   25.5   0b1111111111111111    20190607T124722571090
 4      50     1.8607      0.0       0.0     0.1842      0.0    0.0      10.104   25.5   0b1111111111111111    20190607T124722571339
 5      50     1.8645      0.0       0.0     0.8242      0.0    0.0       2.262   25.5   0b1111111111111111    20190607T124722571509
 6      50     1.8570      0.0       0.0     0.1857      0.3    0.8      10.002   25.5   0b1111111111111111    20190607T124722571655
 7      50     1.8555      0.0       0.0     0.8184      0.3    0.8       2.267   25.5   0b1111111111111111    20190607T124722571797
 8      50     1.8765      0.0       0.0     0.1845      0.4    0.8      10.171   25.5   0b1111111111111111    20190607T124722571950
 9      50     1.8773      0.0       0.0     0.8283      0.0    0.0       2.266   25.5   0b1111111111111111    20190607T124722572093
10      50     1.8908      0.0       0.0     0.1858      0.0    0.0      10.174   25.5   0b1111111111111111    20190607T124722572239
11      50     1.8795      0.0       0.0     0.8277      0.4    0.8       2.271   25.5   0b1111111111111111    20190607T124722572380
12      50     1.8795      0.0       0.0     0.1864      0.4    0.8      10.082   25.5   0b1111111111111111    20190607T124722572518
13      50     1.8656      0.4       0.8     0.8211      0.4    0.8       2.272   25.5   0b1111111111111111    20190607T124722572657
14      50     1.8817      0.0       0.0     0.1867      0.0    0.0      10.081   25.5   0b1111111111111111    20190607T124722572828
15      50     1.8691      0.2       0.7     0.8242      0.3    0.8       2.268   25.5   0b1111111111111111    20190607T124722572972
 0      40     1.8428      0.0       0.0     0.1825      0.0    0.0      10.097   25.5   0b1111111111111111    20190607T124726060152
 1      40     1.8255      0.0       0.0     0.8046      0.4    0.8       2.269   25.5   0b1111111111111111    20190607T124726060391
 2      40     1.8330      0.0       0.0     0.1824      0.3    0.8      10.048   25.5   0b1111111111111111    20190607T124726060552
 3      40     1.8203      0.0       0.0     0.8008      0.0    0.0       2.273   25.5   0b1111111111111111    20190607T124726060703
 4      40     1.8097      0.0       0.0     0.1792      0.0    0.0      10.101   25.5   0b1111111111111111    20190607T124726060850
 5      40     1.8135      0.0       0.0     0.8016      0.3    0.8       2.262   25.5   0b1111111111111111    20190607T124726060995
 6      40     1.8060      0.0       0.0     0.1805      0.4    0.8      10.006   25.5   0b1111111111111111    20190607T124726061139
 7      40     1.8039      0.3       0.8     0.7958      0.0    0.0       2.267   25.5   0b1111111111111111    20190607T124726061290
 8      40     1.8242      0.3       0.8     0.1792      0.0    0.0      10.182   25.5   0b1111111111111111    20190607T124726061438
 9      40     1.8240      0.0       0.0     0.8050      0.0    0.0       2.266   25.5   0b1111111111111111    20190607T124726061582
10      40     1.8375      0.0       0.0     0.1805      0.4    0.8      10.180   25.5   0b1111111111111111    20190607T124726061723
11      40     1.8270      0.0       0.0     0.8050      0.0    0.0       2.270   25.5   0b1111111111111111    20190607T124726061863
12      40     1.8270      0.0       0.0     0.1810      0.3    0.8      10.094   25.5   0b1111111111111111    20190607T124726062018
13      40     1.8135      0.0       0.0     0.7982      0.3    0.8       2.272   25.5   0b1111111111111111    20190607T124726062161
14      40     1.8293      0.0       0.0     0.1816      0.2    0.8      10.074   25.5   0b1111111111111111    20190607T124726062304
15      40     1.8173      0.0       0.0     0.8011      0.4    0.8       2.268   25.5   0b1111111111111111    20190607T124726062446
 0      30     1.7917      0.2       0.8     0.1771      0.4    0.8      10.118   25.6   0b1111111111111111    20190607T124729541545
 1      30     1.7740      0.3       0.8     0.7817      0.3    0.8       2.269   25.6   0b1111111111111111    20190607T124729541979
 2      30     1.7813      0.2       0.8     0.1773      0.3    0.8      10.045   25.6   0b1111111111111111    20190607T124729542317
 3      30     1.7692      0.0       0.0     0.7782      0.3    0.8       2.273   25.6   0b1111111111111111    20190607T124729542623
 4      30     1.7602      0.0       0.0     0.1742      0.0    0.0      10.107   25.6   0b1111111111111111    20190607T124729542921
 5      30     1.7625      0.0       0.0     0.7792      0.0    0.0       2.262   25.6   0b1111111111111111    20190607T124729543233
 6      30     1.7565      0.0       0.0     0.1758      0.2    0.8       9.994   25.6   0b1111111111111111    20190607T124729543531
 7      30     1.7543      0.0       0.0     0.7733      0.0    0.0       2.268   25.6   0b1111111111111111    20190607T124729543822
 8      30     1.7730      0.0       0.0     0.1742      0.0    0.0      10.180   25.6   0b1111111111111111    20190607T124729544146
 9      30     1.7730      0.0       0.0     0.7824      0.3    0.8       2.266   25.6   0b1111111111111111    20190607T124729544450
10      30     1.7857      0.0       0.0     0.1751      0.2    0.8      10.199   25.6   0b1111111111111111    20190607T124729544797
11      30     1.7753      0.0       0.0     0.7817      0.0    0.0       2.271   25.6   0b1111111111111111    20190607T124729545089
12      30     1.7768      0.0       0.0     0.1758      0.0    0.0      10.105   25.6   0b1111111111111111    20190607T124729545451
13      30     1.7632      0.0       0.0     0.7757      0.3    0.8       2.273   25.6   0b1111111111111111    20190607T124729545746
14      30     1.7797      0.0       0.0     0.1765      0.3    0.8      10.084   25.6   0b1111111111111111    20190607T124729546037
15      30     1.7670      0.0       0.0     0.7791      0.3    0.8       2.268   25.6   0b1111111111111111    20190607T124729546336
 0      20     1.7393      0.0       0.0     0.1718      0.2    0.8      10.127   25.6   0b1111111111111111    20190607T124733001166
 1      20     1.7221      0.2       0.8     0.7591      0.3    0.8       2.269   25.6   0b1111111111111111    20190607T124733001410
 2      20     1.7295      0.0       0.0     0.1718      0.3    0.8      10.065   25.6   0b1111111111111111    20190607T124733001560
 3      20     1.7175      0.0       0.0     0.7558      0.3    0.8       2.273   25.6   0b1111111111111111    20190607T124733001705
 4      20     1.7100      0.0       0.0     0.1691      0.2    0.8      10.113   25.6   0b1111111111111111    20190607T124733001848
 5      20     1.7117      0.3       0.8     0.7567      0.0    0.0       2.262   25.6   0b1111111111111111    20190607T124733001990
 6      20     1.7064      0.3       0.8     0.1703      0.4    0.8      10.018   25.6   0b1111111111111111    20190607T124733002131
 7      20     1.7040      0.0       0.0     0.7517      0.0    0.0       2.267   25.6   0b1111111111111111    20190607T124733002290
 8      20     1.7214      0.3       0.8     0.1689      0.4    0.8      10.191   25.6   0b1111111111111111    20190607T124733002432
 9      20     1.7212      0.0       0.0     0.7592      0.0    0.0       2.267   25.6   0b1111111111111111    20190607T124733002572
10      20     1.7335      0.3       0.8     0.1700      0.0    0.0      10.197   25.6   0b1111111111111111    20190607T124733002713
11      20     1.7235      0.0       0.0     0.7588      0.4    0.8       2.271   25.6   0b1111111111111111    20190607T124733002853
12      20     1.7250      0.0       0.0     0.1708      0.2    0.8      10.102   25.6   0b1111111111111111    20190607T124733002991
13      20     1.7123      0.0       0.0     0.7533      0.3    0.8       2.273   25.6   0b1111111111111111    20190607T124733003131
14      20     1.7280      0.0       0.0     0.1709      0.3    0.8      10.110   25.6   0b1111111111111111    20190607T124733003284
15      20     1.7155      0.4       0.8     0.7567      0.0    0.0       2.267   25.6   0b1111111111111111    20190607T124733003425
 0      10     1.6874      0.2       0.8     0.1667      0.0    0.0      10.125   25.6   0b1111111111111111    20190607T124736452118
 1      10     1.6710      0.0       0.0     0.7359      0.3    0.8       2.271   25.6   0b1111111111111111    20190607T124736452595
 2      10     1.6778      0.2       0.8     0.1667      0.0    0.0      10.067   25.6   0b1111111111111111    20190607T124736452930
 3      10     1.6665      0.0       0.0     0.7333      0.0    0.0       2.272   25.6   0b1111111111111111    20190607T124736453239
 4      10     1.6598      0.0       0.0     0.1641      0.2    0.8      10.115   25.6   0b1111111111111111    20190607T124736453562
 5      10     1.6613      0.0       0.0     0.7342      0.0    0.0       2.263   25.6   0b1111111111111111    20190607T124736453863
 6      10     1.6568      0.0       0.0     0.1653      0.4    0.8      10.021   25.6   0b1111111111111111    20190607T124736454158
 7      10     1.6545      0.0       0.0     0.7293      0.3    0.8       2.269   25.6   0b1111111111111111    20190607T124736454449
 8      10     1.6702      0.0       0.0     0.1638      0.4    0.8      10.195   25.6   0b1111111111111111    20190607T124736454762
 9      10     1.6702      0.2       0.8     0.7367      0.0    0.0       2.267   25.6   0b1111111111111111    20190607T124736455054
10      10     1.6819      0.4       0.7     0.1650      0.0    0.0      10.194   25.6   0b1111111111111111    20190607T124736455399
11      10     1.6725      0.0       0.0     0.7363      0.4    0.8       2.272   25.6   0b1111111111111111    20190607T124736455711
12      10     1.6740      0.0       0.0     0.1658      0.2    0.8      10.100   25.6   0b1111111111111111    20190607T124736456000
13      10     1.6613      0.0       0.0     0.7308      0.0    0.0       2.273   25.6   0b1111111111111111    20190607T124736456288
14      10     1.6770      0.0       0.0     0.1658      0.0    0.0      10.113   25.6   0b1111111111111111    20190607T124736456597
15      10     1.6650      0.0       0.0     0.7342      0.0    0.0       2.268   25.6   0b1111111111111111    20190607T124736456889
 0       0     1.6350      0.0       0.0     0.1616      0.3    0.8      10.119   25.7   0b1111111111111111    20190607T124739927784
 1       0     1.6192      0.0       0.0     0.7133      0.0    0.0       2.270   25.7   0b1111111111111111    20190607T124739928191
 2       0     1.6261      0.2       0.8     0.1615      0.3    0.8      10.069   25.7   0b1111111111111111    20190607T124739928548
 3       0     1.6148      0.0       0.0     0.7103      0.4    0.8       2.273   25.7   0b1111111111111111    20190607T124739928861
 4       0     1.6094      0.3       0.8     0.1590      0.3    0.8      10.122   25.7   0b1111111111111111    20190607T124739929163
 5       0     1.6110      0.0       0.0     0.7118      0.3    0.8       2.263   25.7   0b1111111111111111    20190607T124739929458
 6       0     1.6065      0.0       0.0     0.1602      0.3    0.8      10.030   25.7   0b1111111111111111    20190607T124739929773
 7       0     1.6035      0.0       0.0     0.7071      0.4    0.8       2.268   25.7   0b1111111111111111    20190607T124739930066
 8       0     1.6192      0.0       0.0     0.1584      0.2    0.8      10.221   25.7   0b1111111111111111    20190607T124739930353
 9       0     1.6185      0.0       0.0     0.7138      0.4    0.8       2.267   25.7   0b1111111111111111    20190607T124739930666
10       0     1.6305      0.0       0.0     0.1598      0.3    0.8      10.201   25.7   0b1111111111111111    20190607T124739931010
11       0     1.6207      0.0       0.0     0.7134      0.3    0.8       2.272   25.7   0b1111111111111111    20190607T124739931315
12       0     1.6222      0.0       0.0     0.1604      0.4    0.8      10.113   25.7   0b1111111111111111    20190607T124739931627
13       0     1.6106      0.4       0.8     0.7083      0.0    0.0       2.274   25.7   0b1111111111111111    20190607T124739931919
14       0     1.6252      0.0       0.0     0.1607      0.3    0.8      10.116   25.7   0b1111111111111111    20190607T124739932207
15       0     1.6140      0.0       0.0     0.7117      0.0    0.0       2.268   25.7   0b1111111111111111    20190607T124739932515
