CH# Vset[DAC]   V[V]    dVRMS[mV] dVpp[mV]    I[A]  dIRMS[mA] dIpp[mA]   R[ohm]   T[C]   State                Timestamp
 0     250     2.8386      0.3       0.8     0.0022      0.4    0.8    1310.123   26.2   0b1111111111111111    20190614T141246127501
 1     250     2.8605      0.0       0.0     0.0033      0.5    1.7     858.150   26.2   0b1111111111111111    20190614T141246127926
 2     250     2.8620      0.0       0.0    -0.0007      0.4    1.7    -666.000   26.2   0b1111111111111111    20190614T141246129556
 3     250     2.8642      0.0       0.0     0.0030      0.4    0.8     954.750   26.2   0b1111111111111111    20190614T141246129894
 4     250     2.8523      0.0       0.0     0.0011      0.4    0.8    2632.846   26.2   0b1111111111111111    20190614T141246130268
 5     250     2.8909      0.4       0.8     0.0021      0.4    0.8    1387.620   26.2   0b1111111111111111    20190614T141246130575
 6     250     2.8777      0.0       0.0     0.0033      0.0    0.0     863.325   26.2   0b1111111111111111    20190614T141246130864
 7     250     2.8792      0.0       0.0     0.0009      0.4    1.7    3141.000   26.2   0b1111111111111111    20190614T141246131181
 8     250     2.8854      0.3       0.8    -0.0004      0.6    1.7    -666.000   26.2   0b1111111111111111    20190614T141246131469
 9     250     2.8657      0.0       0.0     0.0015      0.5    1.7    1910.500   26.2   0b1111111111111111    20190614T141246131751
10     250     2.8702      0.0       0.0     0.0004      0.7    2.5    6888.600   26.2   0b1111111111111111    20190614T141246132063
11     250     2.8569      0.3       0.8     0.0021      0.4    0.8    1371.312   26.2   0b1111111111111111    20190614T141246132395
12     250     2.8299      0.3       0.7     0.0019      0.4    0.8    1476.470   26.2   0b1111111111111111    20190614T141246132771
13     250     2.8196      0.4       0.8     0.0021      0.4    0.8    1353.384   26.2   0b1111111111111111    20190614T141246133055
14     250     2.8269      0.3       0.8     0.0013      0.4    0.8    2261.520   26.2   0b1111111111111111    20190614T141246133360
15     250     2.8373      0.0       0.0    -0.0002      0.5    1.7    -666.000   26.2   0b1111111111111111    20190614T141246133642
 0     240     2.7901      0.3       0.8     0.0022      0.4    0.8    1287.762   26.2   0b1111111111111111    20190614T141249609628
 1     240     2.8117      0.0       0.0     0.0032      0.3    0.8     887.921   26.2   0b1111111111111111    20190614T141249610028
 2     240     2.8133      0.2       0.8    -0.0005      0.4    0.8    -666.000   26.2   0b1111111111111111    20190614T141249610342
 3     240     2.8155      0.0       0.0     0.0028      0.4    0.8    1023.818   26.2   0b1111111111111111    20190614T141249610716
 4     240     2.8027      0.0       0.0     0.0008      0.0    0.0    3363.300   26.2   0b1111111111111111    20190614T141249611020
 5     240     2.8409      0.2       0.8     0.0023      0.3    0.8    1217.539   26.2   0b1111111111111111    20190614T141249611310
 6     240     2.8283      0.0       0.0     0.0033      0.5    1.7     848.475   26.2   0b1111111111111111    20190614T141249611652
 7     240     2.8298      0.0       0.0     0.0011      0.4    0.8    2612.077   26.2   0b1111111111111111    20190614T141249611942
 8     240     2.8361      0.4       0.8    -0.0005      0.4    0.8    -666.000   26.2   0b1111111111111111    20190614T141249612227
 9     240     2.8170      0.0       0.0     0.0010      0.3    0.8    2817.000   26.2   0b1111111111111111    20190614T141249612568
10     240     2.8207      0.0       0.0     0.0002      0.4    0.8   11283.000   26.2   0b1111111111111111    20190614T141249612857
11     240     2.8080      0.0       0.0     0.0021      0.4    0.8    1347.840   26.2   0b1111111111111111    20190614T141249613139
12     240     2.7808      0.3       0.7     0.0018      0.2    0.8    1589.057   26.2   0b1111111111111111    20190614T141249613420
13     240     2.7705      0.0       0.0     0.0024      0.2    0.8    1146.414   26.2   0b1111111111111111    20190614T141249613756
14     240     2.7780      0.0       0.0     0.0010      0.3    0.8    2778.000   26.2   0b1111111111111111    20190614T141249614052
15     240     2.7878      0.2       0.8    -0.0004      0.4    0.8    -666.000   26.2   0b1111111111111111    20190614T141249614333
 0     230     2.7435      0.0       0.0     0.0019      0.4    0.8    1431.391   26.2   0b1111111111111111    20190614T141253100798
 1     230     2.7645      0.0       0.0     0.0031      0.4    0.8     896.595   26.2   0b1111111111111111    20190614T141253101197
 2     230     2.7660      0.0       0.0    -0.0007      0.3    0.8    -666.000   26.2   0b1111111111111111    20190614T141253101603
 3     230     2.7683      0.2       0.7     0.0029      0.4    0.8     949.140   26.2   0b1111111111111111    20190614T141253101914
 4     230     2.7548      0.0       0.0     0.0011      0.4    0.8    2542.846   26.2   0b1111111111111111    20190614T141253102207
 5     230     2.7920      0.3       0.8     0.0021      0.4    0.8    1340.172   26.2   0b1111111111111111    20190614T141253102552
 6     230     2.7796      0.3       0.8     0.0034      0.2    0.8     813.556   26.2   0b1111111111111111    20190614T141253102844
 7     230     2.7810      0.0       0.0     0.0008      0.0    0.0    3337.200   26.2   0b1111111111111111    20190614T141253103131
 8     230     2.7877      0.0       0.0    -0.0009      0.3    0.8    -666.000   26.2   0b1111111111111111    20190614T141253103414
 9     230     2.7690      0.0       0.0     0.0012      0.4    0.8    2373.429   26.2   0b1111111111111111    20190614T141253103747
10     230     2.7735      0.0       0.0     0.0002      0.3    0.8   16641.000   26.2   0b1111111111111111    20190614T141253104032
11     230     2.7608      0.0       0.0     0.0022      0.4    0.8    1274.192   26.2   0b1111111111111111    20190614T141253104313
12     230     2.7330      0.0       0.0     0.0016      0.3    0.8    1726.105   26.2   0b1111111111111111    20190614T141253104647
13     230     2.7240      0.0       0.0     0.0022      0.4    0.8    1257.231   26.2   0b1111111111111111    20190614T141253104934
14     230     2.7308      0.0       0.0     0.0011      0.4    0.8    2520.692   26.2   0b1111111111111111    20190614T141253105215
15     230     2.7405      0.0       0.0    -0.0004      0.4    0.8    -666.000   26.2   0b1111111111111111    20190614T141253105544
 0     220     2.6958      0.4       0.8     0.0018      0.3    0.8    1470.436   26.2   0b1111111111111111    20190614T141256589777
 1     220     2.7165      0.0       0.0     0.0028      0.4    0.8     987.818   26.2   0b1111111111111111    20190614T141256590209
 2     220     2.7173      0.0       0.0    -0.0007      0.3    0.8    -666.000   26.2   0b1111111111111111    20190614T141256590524
 3     220     2.7185      0.3       0.8     0.0027      0.3    0.8    1019.447   26.2   0b1111111111111111    20190614T141256590822
 4     220     2.7052      0.0       0.0     0.0011      0.4    0.8    2497.154   26.2   0b1111111111111111    20190614T141256591135
 5     220     2.7422      0.3       0.8     0.0022      0.4    0.8    1265.608   26.2   0b1111111111111111    20190614T141256591426
 6     220     2.7292      0.0       0.0     0.0033      0.2    0.8     839.769   26.2   0b1111111111111111    20190614T141256591711
 7     220     2.7308      0.0       0.0     0.0006      0.4    0.8    4681.286   26.2   0b1111111111111111    20190614T141256592048
 8     220     2.7383      0.0       0.0    -0.0007      0.2    0.8    -666.000   26.2   0b1111111111111111    20190614T141256592376
 9     220     2.7203      0.0       0.0     0.0010      0.3    0.8    2720.250   26.2   0b1111111111111111    20190614T141256592666
10     220     2.7247      0.0       0.0     0.0001      0.2    0.8   32697.000   26.2   0b1111111111111111    20190614T141256592948
11     220     2.7119      0.3       0.8     0.0018      0.3    0.8    1479.191   26.2   0b1111111111111111    20190614T141256593255
12     220     2.6827      0.0       0.0     0.0016      0.3    0.8    1694.368   26.2   0b1111111111111111    20190614T141256593538
13     220     2.6746      0.2       0.7     0.0023      0.4    0.8    1188.700   26.2   0b1111111111111111    20190614T141256593833
14     220     2.6820      0.0       0.0     0.0012      0.4    0.8    2298.857   26.2   0b1111111111111111    20190614T141256594134
15     220     2.6907      0.4       0.8    -0.0007      0.3    0.8    -666.000   26.2   0b1111111111111111    20190614T141256594417
 0     210     2.6475      0.0       0.0     0.0017      0.0    0.0    1588.500   26.2   0b1111111111111111    20190614T141300064724
 1     210     2.6678      0.0       0.0     0.0028      0.4    0.8     970.091   26.2   0b1111111111111111    20190614T141300065039
 2     210     2.6685      0.0       0.0    -0.0007      0.3    0.8    -666.000   26.2   0b1111111111111111    20190614T141300065270
 3     210     2.6697      0.4       0.8     0.0026      0.2    0.8    1033.432   26.2   0b1111111111111111    20190614T141300065495
 4     210     2.6558      0.0       0.0     0.0008      0.0    0.0    3186.900   26.2   0b1111111111111111    20190614T141300065716
 5     210     2.6917      0.0       0.0     0.0018      0.2    0.8    1538.143   26.2   0b1111111111111111    20190614T141300065933
 6     210     2.6790      0.0       0.0     0.0032      0.3    0.8     846.000   26.2   0b1111111111111111    20190614T141300066150
 7     210     2.6806      0.3       0.8     0.0004      0.4    0.8    6433.560   26.2   0b1111111111111111    20190614T141300066387
 8     210     2.6887      0.0       0.0    -0.0008      0.4    1.7    -666.000   26.2   0b1111111111111111    20190614T141300066607
 9     210     2.6707      0.0       0.0     0.0009      0.3    0.8    2913.545   26.2   0b1111111111111111    20190614T141300066825
10     210     2.6752      0.0       0.0     0.0000      0.0    0.0    -666.000   26.2   0b1111111111111111    20190614T141300067044
11     210     2.6625      0.0       0.0     0.0019      0.4    0.8    1389.130   26.2   0b1111111111111111    20190614T141300067256
12     210     2.6334      0.3       0.7     0.0016      0.3    0.8    1663.200   26.2   0b1111111111111111    20190614T141300067479
13     210     2.6258      0.0       0.0     0.0018      0.3    0.8    1432.227   26.2   0b1111111111111111    20190614T141300067736
14     210     2.6325      0.0       0.0     0.0010      0.3    0.8    2632.500   26.2   0b1111111111111111    20190614T141300067953
15     210     2.6415      0.0       0.0    -0.0003      0.4    0.8    -666.000   26.2   0b1111111111111111    20190614T141300068164
 0     200     2.5985      0.3       0.8     0.0017      0.0    0.0    1559.115   26.2   0b1111111111111111    20190614T141303529624
 1     200     2.6183      0.0       0.0     0.0027      0.3    0.8     981.844   26.2   0b1111111111111111    20190614T141303530031
 2     200     2.6190      0.0       0.0    -0.0008      0.0    0.0    -666.000   26.2   0b1111111111111111    20190614T141303530367
 3     200     2.6205      0.0       0.0     0.0026      0.2    0.8    1014.387   26.2   0b1111111111111111    20190614T141303530670
 4     200     2.6060      0.3       0.8     0.0009      0.3    0.8    2842.936   26.2   0b1111111111111111    20190614T141303530962
 5     200     2.6414      0.2       0.8     0.0018      0.3    0.8    1440.777   26.2   0b1111111111111111    20190614T141303531250
 6     200     2.6288      0.0       0.0     0.0031      0.4    0.8     852.568   26.2   0b1111111111111111    20190614T141303531556
 7     200     2.6303      0.0       0.0     0.0005      0.4    0.8    5260.500   26.2   0b1111111111111111    20190614T141303531841
 8     200     2.6388      0.4       0.8    -0.0009      0.3    0.8    -666.000   26.2   0b1111111111111111    20190614T141303532123
 9     200     2.6213      0.0       0.0     0.0007      0.2    0.8    3495.000   26.2   0b1111111111111111    20190614T141303532430
10     200     2.6250      0.0       0.0     0.0000      0.0    0.0    -666.000   26.2   0b1111111111111111    20190614T141303532752
11     200     2.6130      0.0       0.0     0.0018      0.3    0.8    1425.273   26.2   0b1111111111111111    20190614T141303533036
12     200     2.5830      0.0       0.0     0.0015      0.3    0.8    1722.000   26.2   0b1111111111111111    20190614T141303533395
13     200     2.5761      0.3       0.8     0.0019      0.4    0.8    1344.052   26.2   0b1111111111111111    20190614T141303533682
14     200     2.5830      0.0       0.0     0.0009      0.3    0.8    2817.818   26.2   0b1111111111111111    20190614T141303533963
15     200     2.5915      0.4       0.8    -0.0007      0.3    0.8    -666.000   26.2   0b1111111111111111    20190614T141303534241
 0     190     2.5520      0.3       0.8     0.0017      0.0    0.0    1531.215   26.2   0b1111111111111111    20190614T141306995076
 1     190     2.5718      0.0       0.0     0.0025      0.0    0.0    1028.700   26.2   0b1111111111111111    20190614T141306995524
 2     190     2.5723      0.3       0.8    -0.0008      0.0    0.0    -666.000   26.2   0b1111111111111111    20190614T141306995843
 3     190     2.5733      0.0       0.0     0.0025      0.0    0.0    1029.300   26.2   0b1111111111111111    20190614T141306996140
 4     190     2.5578      0.4       0.8     0.0007      0.3    0.8    3836.700   26.2   0b1111111111111111    20190614T141306996455
 5     190     2.5927      0.0       0.0     0.0018      0.3    0.8    1414.227   26.2   0b1111111111111111    20190614T141306996745
 6     190     2.5802      0.3       0.8     0.0029      0.4    0.8     884.649   26.2   0b1111111111111111    20190614T141306997031
 7     190     2.5814      0.2       0.7     0.0004      0.4    0.8    6195.420   26.2   0b1111111111111111    20190614T141306997317
 8     190     2.5905      0.0       0.0    -0.0009      0.3    0.8    -666.000   26.2   0b1111111111111111    20190614T141306997658
 9     190     2.5733      0.0       0.0     0.0009      0.3    0.8    2807.182   26.2   0b1111111111111111    20190614T141306997943
10     190     2.5777      0.0       0.0    -0.0001      0.2    0.8    -666.000   26.2   0b1111111111111111    20190614T141306998224
11     190     2.5658      0.0       0.0     0.0018      0.3    0.8    1399.500   26.2   0b1111111111111111    20190614T141306998534
12     190     2.5343      0.0       0.0     0.0013      0.4    0.8    1900.687   26.2   0b1111111111111111    20190614T141306998817
13     190     2.5290      0.0       0.0     0.0018      0.3    0.8    1379.455   26.2   0b1111111111111111    20190614T141306999099
14     190     2.5359      0.3       0.8     0.0008      0.0    0.0    3043.080   26.2   0b1111111111111111    20190614T141306999401
15     190     2.5435      0.3       0.7    -0.0007      0.2    0.8    -666.000   26.2   0b1111111111111111    20190614T141306999684
 0     180     2.5035      0.0       0.0     0.0017      0.0    0.0    1502.100   26.2   0b1111111111111111    20190614T141310457819
 1     180     2.5229      0.2       0.7     0.0025      0.0    0.0    1009.170   26.2   0b1111111111111111    20190614T141310458251
 2     180     2.5235      0.3       0.7    -0.0008      0.0    0.0    -666.000   26.2   0b1111111111111111    20190614T141310458567
 3     180     2.5245      0.0       0.0     0.0025      0.4    1.7    1009.800   26.2   0b1111111111111111    20190614T141310458864
 4     180     2.5081      0.2       0.8     0.0007      0.3    0.8    3762.113   26.2   0b1111111111111111    20190614T141310459178
 5     180     2.5423      0.3       0.7     0.0017      0.0    0.0    1525.410   26.2   0b1111111111111111    20190614T141310459469
 6     180     2.5302      0.4       0.7     0.0027      0.3    0.8     948.825   26.2   0b1111111111111111    20190614T141310459752
 7     180     2.5312      0.0       0.0     0.0001      0.2    0.8   30375.000   26.2   0b1111111111111111    20190614T141310460035
 8     180     2.5410      0.0       0.0    -0.0012      0.4    0.8    -666.000   26.2   0b1111111111111111    20190614T141310460381
 9     180     2.5245      0.0       0.0     0.0007      0.3    0.8    3786.750   26.2   0b1111111111111111    20190614T141310460669
10     180     2.5282      0.0       0.0    -0.0002      0.4    0.8    -666.000   26.2   0b1111111111111111    20190614T141310460951
11     180     2.5165      0.4       0.8     0.0018      0.2    0.8    1438.029   26.2   0b1111111111111111    20190614T141310461268
12     180     2.4840      0.0       0.0     0.0012      0.4    0.8    2129.143   26.2   0b1111111111111111    20190614T141310461552
13     180     2.4787      0.0       0.0     0.0017      0.0    0.0    1487.250   26.2   0b1111111111111111    20190614T141310461833
14     180     2.4862      0.0       0.0     0.0008      0.0    0.0    2983.500   26.2   0b1111111111111111    20190614T141310462148
15     180     2.4940      0.4       0.8    -0.0007      0.3    0.8    -666.000   26.2   0b1111111111111111    20190614T141310462432
 0     170     2.4548      0.0       0.0     0.0016      0.3    0.8    1550.368   26.2   0b1111111111111111    20190614T141313923595
 1     170     2.4742      0.2       0.7     0.0025      0.0    0.0     989.670   26.2   0b1111111111111111    20190614T141313924001
 2     170     2.4743      0.0       0.0    -0.0008      0.0    0.0    -666.000   26.2   0b1111111111111111    20190614T141313924315
 3     170     2.4758      0.0       0.0     0.0024      0.2    0.8    1024.448   26.2   0b1111111111111111    20190614T141313924642
 4     170     2.4585      0.0       0.0     0.0007      0.3    0.8    3687.750   26.2   0b1111111111111111    20190614T141313924933
 5     170     2.4921      0.3       0.8     0.0017      0.0    0.0    1495.260   26.2   0b1111111111111111    20190614T141313925220
 6     170     2.4803      0.0       0.0     0.0028      0.4    0.8     901.909   26.2   0b1111111111111111    20190614T141313925524
 7     170     2.4810      0.0       0.0     0.0000      0.0    0.0    -666.000   26.2   0b1111111111111111    20190614T141313925808
 8     170     2.4914      0.2       0.8    -0.0012      0.4    0.8    -666.000   26.2   0b1111111111111111    20190614T141313926139
 9     170     2.4750      0.0       0.0     0.0006      0.4    0.8    4242.857   26.2   0b1111111111111111    20190614T141313926451
10     170     2.4790      0.3       0.8    -0.0004      0.4    0.8    -666.000   26.2   0b1111111111111111    20190614T141313926736
11     170     2.4675      0.0       0.0     0.0018      0.2    0.8    1410.000   26.2   0b1111111111111111    20190614T141313927019
12     170     2.4333      0.4       0.8     0.0011      0.4    0.8    2246.123   26.2   0b1111111111111111    20190614T141313927302
13     170     2.4285      0.0       0.0     0.0017      0.0    0.0    1457.100   26.2   0b1111111111111111    20190614T141313927608
14     170     2.4360      0.0       0.0     0.0008      0.0    0.0    2923.200   26.2   0b1111111111111111    20190614T141313927890
15     170     2.4443      0.0       0.0    -0.0008      0.0    0.0    -666.000   26.2   0b1111111111111111    20190614T141313928170
 0     160     2.4067      0.0       0.0     0.0015      0.3    0.8    1604.500   26.2   0b1111111111111111    20190614T141317402045
 1     160     2.4247      0.0       0.0     0.0025      0.0    0.0     969.900   26.2   0b1111111111111111    20190614T141317402513
 2     160     2.4255      0.0       0.0    -0.0008      0.0    0.0    -666.000   26.2   0b1111111111111111    20190614T141317402831
 3     160     2.4270      0.0       0.0     0.0025      0.0    0.0     970.800   26.2   0b1111111111111111    20190614T141317403129
 4     160     2.4090      0.0       0.0     0.0005      0.4    0.8    4818.000   26.2   0b1111111111111111    20190614T141317403470
 5     160     2.4412      0.0       0.0     0.0017      0.0    0.0    1464.750   26.2   0b1111111111111111    20190614T141317403762
 6     160     2.4300      0.0       0.0     0.0025      0.0    0.0     972.000   26.2   0b1111111111111111    20190614T141317404046
 7     160     2.4308      0.0       0.0     0.0000      0.0    0.0    -666.000   26.2   0b1111111111111111    20190614T141317404383
 8     160     2.4413      0.2       0.8    -0.0012      0.4    0.8    -666.000   26.2   0b1111111111111111    20190614T141317404673
 9     160     2.4255      0.0       0.0     0.0006      0.4    0.8    4158.000   26.2   0b1111111111111111    20190614T141317404957
10     160     2.4300      0.0       0.0    -0.0005      0.4    0.8    -666.000   26.2   0b1111111111111111    20190614T141317405309
11     160     2.4185      0.3       0.8     0.0016      0.3    0.8    1527.489   26.2   0b1111111111111111    20190614T141317405598
12     160     2.3821      0.2       0.8     0.0008      0.0    0.0    2858.490   26.2   0b1111111111111111    20190614T141317405880
13     160     2.3783      0.0       0.0     0.0016      0.3    0.8    1502.053   26.2   0b1111111111111111    20190614T141317406161
14     160     2.3858      0.0       0.0     0.0008      0.0    0.0    2862.900   26.2   0b1111111111111111    20190614T141317406498
15     160     2.3933      0.0       0.0    -0.0008      0.0    0.0    -666.000   26.2   0b1111111111111111    20190614T141317406780
 0     150     2.3603      0.0       0.0     0.0014      0.4    0.8    1666.059   26.2   0b1111111111111111    20190614T141320886134
 1     150     2.3790      0.0       0.0     0.0023      0.3    0.8    1019.571   26.2   0b1111111111111111    20190614T141320886646
 2     150     2.3798      0.0       0.0    -0.0009      0.3    0.8    -666.000   26.2   0b1111111111111111    20190614T141320888240
 3     150     2.3805      0.0       0.0     0.0023      0.4    0.8    1058.000   26.2   0b1111111111111111    20190614T141320888628
 4     150     2.3619      0.3       0.8     0.0004      0.4    0.8    5668.560   26.2   0b1111111111111111    20190614T141320888981
 5     150     2.3933      0.0       0.0     0.0016      0.3    0.8    1511.526   26.2   0b1111111111111111    20190614T141320889282
 6     150     2.3813      0.0       0.0     0.0025      0.0    0.0     952.500   26.2   0b1111111111111111    20190614T141320889631
 7     150     2.3820      0.0       0.0    -0.0001      0.2    0.8    -666.000   26.2   0b1111111111111111    20190614T141320889922
 8     150     2.3940      0.0       0.0    -0.0016      0.3    0.8    -666.000   26.2   0b1111111111111111    20190614T141320890205
 9     150     2.3792      0.3       0.7     0.0004      0.4    0.8    5709.960   26.2   0b1111111111111111    20190614T141320890541
10     150     2.3835      0.0       0.0    -0.0007      0.3    0.8    -666.000   26.2   0b1111111111111111    20190614T141320890828
11     150     2.3723      0.0       0.0     0.0017      0.0    0.0    1423.350   26.2   0b1111111111111111    20190614T141320891110
12     150     2.3340      0.0       0.0     0.0008      0.0    0.0    2800.800   26.2   0b1111111111111111    20190614T141320891544
13     150     2.3310      0.0       0.0     0.0017      0.0    0.0    1398.600   26.2   0b1111111111111111    20190614T141320891833
14     150     2.3378      0.2       0.7     0.0007      0.2    0.8    3117.100   26.2   0b1111111111111111    20190614T141320892115
15     150     2.3445      0.0       0.0    -0.0008      0.0    0.0    -666.000   26.2   0b1111111111111111    20190614T141320892454
 0     140     2.3116      0.2       0.8     0.0013      0.4    0.8    1849.260   26.1   0b1111111111111111    20190614T141324351562
 1     140     2.3304      0.3       0.8     0.0023      0.3    0.8     998.743   26.1   0b1111111111111111    20190614T141324351994
 2     140     2.3310      0.0       0.0    -0.0011      0.4    0.8    -666.000   26.1   0b1111111111111111    20190614T141324352390
 3     140     2.3317      0.0       0.0     0.0021      0.4    0.8    1119.240   26.1   0b1111111111111111    20190614T141324352699
 4     140     2.3130      0.0       0.0     0.0002      0.4    0.8    9252.000   26.1   0b1111111111111111    20190614T141324352990
 5     140     2.3434      0.4       0.8     0.0016      0.3    0.8    1480.026   26.1   0b1111111111111111    20190614T141324353329
 6     140     2.3317      0.0       0.0     0.0025      0.0    0.0     932.700   26.1   0b1111111111111111    20190614T141324353670
 7     140     2.3325      0.0       0.0    -0.0002      0.3    0.8    -666.000   26.1   0b1111111111111111    20190614T141324353973
 8     140     2.3453      0.0       0.0    -0.0015      0.3    0.8    -666.000   26.1   0b1111111111111111    20190614T141324354324
 9     140     2.3304      0.3       0.8     0.0001      0.2    0.8   27964.800   26.1   0b1111111111111111    20190614T141324354616
10     140     2.3348      0.0       0.0    -0.0007      0.2    0.8    -666.000   26.1   0b1111111111111111    20190614T141324354898
11     140     2.3235      0.0       0.0     0.0017      0.0    0.0    1394.100   26.1   0b1111111111111111    20190614T141324355240
12     140     2.2830      0.0       0.0     0.0008      0.0    0.0    2739.600   26.1   0b1111111111111111    20190614T141324355529
13     140     2.2793      0.2       0.8     0.0017      0.0    0.0    1367.595   26.1   0b1111111111111111    20190614T141324355811
14     140     2.2868      0.0       0.0     0.0007      0.3    0.8    3430.125   26.1   0b1111111111111111    20190614T141324356116
15     140     2.2934      0.2       0.8    -0.0008      0.0    0.0    -666.000   26.1   0b1111111111111111    20190614T141324356421
 0     130     2.2639      0.4       0.8     0.0010      0.3    0.8    2263.875   26.1   0b1111111111111111    20190614T141327821668
 1     130     2.2823      0.0       0.0     0.0021      0.4    0.8    1095.480   26.1   0b1111111111111111    20190614T141327822150
 2     130     2.2825      0.3       0.8    -0.0012      0.4    0.8    -666.000   26.1   0b1111111111111111    20190614T141327822511
 3     130     2.2838      0.0       0.0     0.0017      0.0    0.0    1370.250   26.1   0b1111111111111111    20190614T141327822811
 4     130     2.2642      0.2       0.8     0.0001      0.2    0.8   27170.100   26.1   0b1111111111111111    20190614T141327823141
 5     130     2.2935      0.0       0.0     0.0012      0.4    0.8    1965.857   26.1   0b1111111111111111    20190614T141327823451
 6     130     2.2823      0.0       0.0     0.0025      0.0    0.0     912.900   26.1   0b1111111111111111    20190614T141327823737
 7     130     2.2830      0.0       0.0    -0.0001      0.2    0.8    -666.000   26.1   0b1111111111111111    20190614T141327824019
 8     130     2.2957      0.0       0.0    -0.0017      0.0    0.0    -666.000   26.1   0b1111111111111111    20190614T141327824348
 9     130     2.2820      0.4       0.7     0.0000      0.0    0.0    -666.000   26.1   0b1111111111111111    20190614T141327824693
10     130     2.2859      0.2       0.8    -0.0008      0.0    0.0    -666.000   26.1   0b1111111111111111    20190614T141327824984
11     130     2.2748      0.0       0.0     0.0014      0.4    0.8    1605.706   26.1   0b1111111111111111    20190614T141327825327
12     130     2.2327      0.0       0.0     0.0008      0.0    0.0    2679.300   26.1   0b1111111111111111    20190614T141327825619
13     130     2.2290      0.0       0.0     0.0014      0.4    0.8    1573.412   26.1   0b1111111111111111    20190614T141327825900
14     130     2.2357      0.0       0.0     0.0006      0.4    0.8    3832.714   26.1   0b1111111111111111    20190614T141327826235
15     130     2.2425      0.0       0.0    -0.0011      0.4    0.8    -666.000   26.1   0b1111111111111111    20190614T141327826522
 0     120     2.2162      0.0       0.0     0.0010      0.3    0.8    2216.250   26.1   0b1111111111111111    20190614T141331300811
 1     120     2.2345      0.3       0.8     0.0018      0.2    0.8    1276.843   26.1   0b1111111111111111    20190614T141331301294
 2     120     2.2342      0.0       0.0    -0.0016      0.3    0.8    -666.000   26.1   0b1111111111111111    20190614T141331301636
 3     120     2.2342      0.0       0.0     0.0018      0.2    0.8    1276.714   26.1   0b1111111111111111    20190614T141331301961
 4     120     2.2147      0.0       0.0     0.0002      0.3    0.8   13288.500   26.1   0b1111111111111111    20190614T141331302324
 5     120     2.2433      0.0       0.0     0.0013      0.4    0.8    1682.437   26.1   0b1111111111111111    20190614T141331302622
 6     120     2.2327      0.0       0.0     0.0024      0.2    0.8     923.897   26.1   0b1111111111111111    20190614T141331302941
 7     120     2.2335      0.0       0.0    -0.0002      0.4    0.8    -666.000   26.1   0b1111111111111111    20190614T141331303305
 8     120     2.2470      0.0       0.0    -0.0017      0.0    0.0    -666.000   26.1   0b1111111111111111    20190614T141331303643
 9     120     2.2334      0.2       0.8     0.0001      0.2    0.8   26801.100   26.1   0b1111111111111111    20190614T141331303930
10     120     2.2372      0.0       0.0    -0.0008      0.0    0.0    -666.000   26.1   0b1111111111111111    20190614T141331304276
11     120     2.2258      0.3       0.8     0.0013      0.4    0.8    1780.680   26.1   0b1111111111111111    20190614T141331304568
12     120     2.1818      0.2       0.8     0.0008      0.0    0.0    2618.190   26.1   0b1111111111111111    20190614T141331304850
13     120     2.1778      0.3       0.8     0.0015      0.3    0.8    1451.850   26.1   0b1111111111111111    20190614T141331305187
14     120     2.1848      0.0       0.0     0.0002      0.4    0.8    8739.000   26.1   0b1111111111111111    20190614T141331305474
15     120     2.1908      0.0       0.0    -0.0013      0.4    0.8    -666.000   26.1   0b1111111111111111    20190614T141331305753
 0     110     2.1698      0.2       0.8     0.0008      0.0    0.0    2603.790   26.1   0b1111111111111111    20190614T141334788663
 1     110     2.1885      0.0       0.0     0.0018      0.2    0.8    1250.571   26.1   0b1111111111111111    20190614T141334789420
 2     110     2.1878      0.2       0.7    -0.0013      0.4    0.8    -666.000   26.1   0b1111111111111111    20190614T141334790014
 3     110     2.1884      0.2       0.7     0.0017      0.0    0.0    1313.055   26.1   0b1111111111111111    20190614T141334790657
 4     110     2.1675      0.0       0.0     0.0000      0.0    0.0    -666.000   26.1   0b1111111111111111    20190614T141334791351
 5     110     2.1960      0.0       0.0     0.0011      0.4    0.8    2027.077   26.1   0b1111111111111111    20190614T141334791857
 6     110     2.1848      0.2       0.8     0.0022      0.4    0.8    1008.381   26.1   0b1111111111111111    20190614T141334792309
 7     110     2.1855      0.0       0.0    -0.0002      0.4    0.8    -666.000   26.1   0b1111111111111111    20190614T141334792612
 8     110     2.1998      0.0       0.0    -0.0017      0.0    0.0    -666.000   26.1   0b1111111111111111    20190614T141334792900
 9     110     2.1863      0.0       0.0     0.0000      0.0    0.0    -666.000   26.1   0b1111111111111111    20190614T141334793241
10     110     2.1900      0.0       0.0    -0.0008      0.0    0.0    -666.000   26.1   0b1111111111111111    20190614T141334793531
11     110     2.1788      0.0       0.0     0.0013      0.4    0.8    1634.062   26.1   0b1111111111111111    20190614T141334794007
12     110     2.1330      0.0       0.0     0.0006      0.4    0.8    3656.571   26.1   0b1111111111111111    20190614T141334794376
13     110     2.1295      0.4       0.8     0.0013      0.4    0.8    1703.640   26.1   0b1111111111111111    20190614T141334794662
14     110     2.1366      0.3       0.8     0.0002      0.4    0.8    8546.400   26.1   0b1111111111111111    20190614T141334794945
15     110     2.1420      0.0       0.0    -0.0015      0.3    0.8    -666.000   26.1   0b1111111111111111    20190614T141334795276
 0     100     2.1217      0.0       0.0     0.0008      0.0    0.0    2546.100   26.0   0b1111111111111111    20190614T141338268766
 1     100     2.1397      0.0       0.0     0.0018      0.2    0.8    1222.714   26.0   0b1111111111111111    20190614T141338269194
 2     100     2.1391      0.2       0.8    -0.0015      0.3    0.8    -666.000   26.0   0b1111111111111111    20190614T141338269514
 3     100     2.1397      0.0       0.0     0.0017      0.0    0.0    1283.850   26.0   0b1111111111111111    20190614T141338269811
 4     100     2.1180      0.0       0.0     0.0000      0.0    0.0    -666.000   26.0   0b1111111111111111    20190614T141338270123
 5     100     2.1450      0.0       0.0     0.0008      0.0    0.0    2574.000   26.0   0b1111111111111111    20190614T141338270413
 6     100     2.1348      0.4       0.8     0.0022      0.4    0.8     985.292   26.0   0b1111111111111111    20190614T141338270709
 7     100     2.1352      0.0       0.0    -0.0007      0.3    0.8    -666.000   26.0   0b1111111111111111    20190614T141338271015
 8     100     2.1503      0.0       0.0    -0.0017      0.0    0.0    -666.000   26.0   0b1111111111111111    20190614T141338271348
 9     100     2.1367      0.0       0.0     0.0000      0.0    0.0    -666.000   26.0   0b1111111111111111    20190614T141338271631
10     100     2.1405      0.0       0.0    -0.0008      0.0    0.0    -666.000   26.0   0b1111111111111111    20190614T141338271910
11     100     2.1292      0.0       0.0     0.0011      0.4    0.8    1965.462   26.0   0b1111111111111111    20190614T141338272249
12     100     2.0828      0.0       0.0     0.0007      0.3    0.8    3124.125   26.0   0b1111111111111111    20190614T141338272548
13     100     2.0790      0.0       0.0     0.0011      0.4    0.8    1919.077   26.0   0b1111111111111111    20190614T141338272830
14     100     2.0850      0.0       0.0     0.0002      0.4    0.8    8340.000   26.0   0b1111111111111111    20190614T141338273133
15     100     2.0910      0.0       0.0    -0.0016      0.3    0.8    -666.000   26.0   0b1111111111111111    20190614T141338273415
 0      90     2.0727      0.4       0.8     0.0008      0.0    0.0    2487.240   26.0   0b1111111111111111    20190614T141341746672
 1      90     2.0897      0.3       0.8     0.0018      0.2    0.8    1194.086   26.0   0b1111111111111111    20190614T141341747078
 2      90     2.0903      0.0       0.0    -0.0017      0.0    0.0    -666.000   26.0   0b1111111111111111    20190614T141341747420
 3      90     2.0903      0.0       0.0     0.0017      0.0    0.0    1254.150   26.0   0b1111111111111111    20190614T141341747723
 4      90     2.0678      0.0       0.0     0.0000      0.0    0.0    -666.000   26.0   0b1111111111111111    20190614T141341748015
 5      90     2.0948      0.0       0.0     0.0008      0.0    0.0    2513.700   26.0   0b1111111111111111    20190614T141341748302
 6      90     2.0835      0.0       0.0     0.0018      0.2    0.8    1190.571   26.0   0b1111111111111111    20190614T141341748617
 7      90     2.0850      0.0       0.0    -0.0008      0.0    0.0    -666.000   26.0   0b1111111111111111    20190614T141341748901
 8      90     2.0999      0.3       0.8    -0.0019      0.4    0.8    -666.000   26.0   0b1111111111111111    20190614T141341749236
 9      90     2.0867      0.3       0.8    -0.0001      0.2    0.8    -666.000   26.0   0b1111111111111111    20190614T141341749541
10      90     2.0910      0.0       0.0    -0.0010      0.3    0.8    -666.000   26.0   0b1111111111111111    20190614T141341749826
11      90     2.0805      0.0       0.0     0.0010      0.3    0.8    2080.500   26.0   0b1111111111111111    20190614T141341750109
12      90     2.0326      0.3       0.7     0.0002      0.4    0.8    8130.600   26.0   0b1111111111111111    20190614T141341750415
13      90     2.0287      0.0       0.0     0.0008      0.0    0.0    2434.500   26.0   0b1111111111111111    20190614T141341750699
14      90     2.0355      0.0       0.0     0.0000      0.0    0.0    -666.000   26.0   0b1111111111111111    20190614T141341750977
15      90     2.0407      0.0       0.0    -0.0014      0.4    0.8    -666.000   26.0   0b1111111111111111    20190614T141341751256
 0      80     2.0220      0.0       0.0     0.0008      0.0    0.0    2426.400   26.0   0b1111111111111111    20190614T141345221630
 1      80     2.0394      0.3       0.8     0.0017      0.0    0.0    1223.640   26.0   0b1111111111111111    20190614T141345222085
 2      80     2.0400      0.0       0.0    -0.0017      0.0    0.0    -666.000   26.0   0b1111111111111111    20190614T141345222434
 3      80     2.0400      0.0       0.0     0.0017      0.0    0.0    1224.000   26.0   0b1111111111111111    20190614T141345222738
 4      80     2.0158      0.3       0.8     0.0000      0.0    0.0    -666.000   26.0   0b1111111111111111    20190614T141345223031
 5      80     2.0422      0.0       0.0     0.0008      0.0    0.0    2450.700   26.0   0b1111111111111111    20190614T141345223333
 6      80     2.0317      0.0       0.0     0.0017      0.0    0.0    1219.050   26.0   0b1111111111111111    20190614T141345223644
 7      80     2.0329      0.4       0.7    -0.0008      0.0    0.0    -666.000   26.0   0b1111111111111111    20190614T141345223980
 8      80     2.0482      0.0       0.0    -0.0018      0.3    0.8    -666.000   26.0   0b1111111111111111    20190614T141345224272
 9      80     2.0350      0.4       0.8    -0.0002      0.4    0.8    -666.000   26.0   0b1111111111111111    20190614T141345224575
10      80     2.0392      0.2       0.8    -0.0010      0.3    0.8    -666.000   26.0   0b1111111111111111    20190614T141345224859
11      80     2.0287      0.0       0.0     0.0010      0.3    0.8    2028.750   26.0   0b1111111111111111    20190614T141345225139
12      80     1.9823      0.0       0.0     0.0002      0.4    0.8    7929.000   26.0   0b1111111111111111    20190614T141345225446
13      80     1.9785      0.0       0.0     0.0009      0.3    0.8    2158.364   26.0   0b1111111111111111    20190614T141345225730
14      80     1.9853      0.0       0.0     0.0000      0.0    0.0    -666.000   26.0   0b1111111111111111    20190614T141345226007
15      80     1.9898      0.0       0.0    -0.0017      0.0    0.0    -666.000   26.0   0b1111111111111111    20190614T141345226286
 0      70     1.9718      0.0       0.0     0.0005      0.4    0.8    3943.500   26.0   0b1111111111111111    20190614T141348699555
 1      70     1.9883      0.2       0.8     0.0017      0.0    0.0    1192.995   26.0   0b1111111111111111    20190614T141348699959
 2      70     1.9890      0.0       0.0    -0.0017      0.0    0.0    -666.000   26.0   0b1111111111111111    20190614T141348700304
 3      70     1.9898      0.0       0.0     0.0016      0.3    0.8    1256.684   26.0   0b1111111111111111    20190614T141348700697
 4      70     1.9643      0.0       0.0    -0.0001      0.2    0.8    -666.000   26.0   0b1111111111111111    20190614T141348700998
 5      70     1.9905      0.0       0.0     0.0008      0.0    0.0    2388.600   26.0   0b1111111111111111    20190614T141348701313
 6      70     1.9800      0.0       0.0     0.0017      0.0    0.0    1188.000   26.0   0b1111111111111111    20190614T141348701648
 7      70     1.9808      0.0       0.0    -0.0008      0.0    0.0    -666.000   26.0   0b1111111111111111    20190614T141348701994
 8      70     1.9957      0.0       0.0    -0.0022      0.4    0.8    -666.000   26.0   0b1111111111111111    20190614T141348702310
 9      70     1.9838      0.0       0.0    -0.0002      0.4    0.8    -666.000   26.0   0b1111111111111111    20190614T141348702613
10      70     1.9875      0.0       0.0    -0.0012      0.4    0.8    -666.000   26.0   0b1111111111111111    20190614T141348702897
11      70     1.9770      0.0       0.0     0.0008      0.0    0.0    2372.400   26.0   0b1111111111111111    20190614T141348703207
12      70     1.9335      0.0       0.0     0.0002      0.3    0.8   11601.000   26.0   0b1111111111111111    20190614T141348703493
13      70     1.9305      0.0       0.0     0.0008      0.0    0.0    2316.600   26.0   0b1111111111111111    20190614T141348703775
14      70     1.9367      0.3       0.8     0.0000      0.0    0.0    -666.000   26.0   0b1111111111111111    20190614T141348704056
15      70     1.9410      0.0       0.0    -0.0017      0.0    0.0    -666.000   26.0   0b1111111111111111    20190614T141348704359
 0      60     1.9207      0.0       0.0     0.0007      0.3    0.8    2881.125   26.0   0b1111111111111111    20190614T141352175447
 1      60     1.9380      0.0       0.0     0.0016      0.3    0.8    1224.000   26.0   0b1111111111111111    20190614T141352175836
 2      60     1.9373      0.0       0.0    -0.0017      0.2    0.8    -666.000   26.0   0b1111111111111111    20190614T141352176176
 3      60     1.9379      0.2       0.7     0.0015      0.3    0.8    1291.950   26.0   0b1111111111111111    20190614T141352176473
 4      60     1.9125      0.0       0.0    -0.0002      0.3    0.8    -666.000   26.0   0b1111111111111111    20190614T141352176774
 5      60     1.9380      0.0       0.0     0.0007      0.2    0.8    2584.000   26.0   0b1111111111111111    20190614T141352177060
 6      60     1.9275      0.0       0.0     0.0017      0.0    0.0    1156.500   26.0   0b1111111111111111    20190614T141352177366
 7      60     1.9275      0.0       0.0    -0.0008      0.0    0.0    -666.000   26.0   0b1111111111111111    20190614T141352177704
 8      60     1.9447      0.0       0.0    -0.0023      0.3    0.8    -666.000   26.0   0b1111111111111111    20190614T141352177996
 9      60     1.9320      0.0       0.0    -0.0006      0.4    0.8    -666.000   26.0   0b1111111111111111    20190614T141352178282
10      60     1.9358      0.2       0.8    -0.0013      0.4    0.8    -666.000   26.0   0b1111111111111111    20190614T141352178420
11      60     1.9252      0.0       0.0     0.0009      0.3    0.8    2100.273   26.0   0b1111111111111111    20190614T141352178556
12      60     1.8840      0.0       0.0     0.0002      0.3    0.8   11304.000   26.0   0b1111111111111111    20190614T141352178692
13      60     1.8810      0.0       0.0     0.0008      0.0    0.0    2257.200   26.0   0b1111111111111111    20190614T141352178828
14      60     1.8865      0.3       0.8     0.0000      0.0    0.0    -666.000   26.0   0b1111111111111111    20190614T141352178962
15      60     1.8915      0.0       0.0    -0.0017      0.0    0.0    -666.000   26.0   0b1111111111111111    20190614T141352179112
 0      50     1.8697      0.0       0.0     0.0005      0.4    0.8    3739.500   25.9   0b1111111111111111    20190614T141355651463
 1      50     1.8870      0.0       0.0     0.0015      0.3    0.8    1258.000   25.9   0b1111111111111111    20190614T141355651862
 2      50     1.8860      0.4       0.8    -0.0017      0.0    0.0    -666.000   25.9   0b1111111111111111    20190614T141355652236
 3      50     1.8862      0.0       0.0     0.0013      0.4    0.8    1414.687   25.9   0b1111111111111111    20190614T141355652557
 4      50     1.8607      0.0       0.0    -0.0003      0.4    0.8    -666.000   25.9   0b1111111111111111    20190614T141355652849
 5      50     1.8847      0.0       0.0     0.0006      0.4    0.8    3231.000   25.9   0b1111111111111111    20190614T141355653161
 6      50     1.8758      0.0       0.0     0.0017      0.0    0.0    1125.450   25.9   0b1111111111111111    20190614T141355653446
 7      50     1.8757      0.2       0.8    -0.0009      0.3    0.8    -666.000   25.9   0b1111111111111111    20190614T141355653730
 8      50     1.8923      0.0       0.0    -0.0022      0.4    0.8    -666.000   25.9   0b1111111111111111    20190614T141355654011
 9      50     1.8803      0.0       0.0    -0.0008      0.0    0.0    -666.000   25.9   0b1111111111111111    20190614T141355654313
10      50     1.8840      0.0       0.0    -0.0016      0.3    0.8    -666.000   25.9   0b1111111111111111    20190614T141355654647
11      50     1.8735      0.0       0.0     0.0008      0.0    0.0    2248.200   25.9   0b1111111111111111    20190614T141355654931
12      50     1.8344      0.2       0.8     0.0000      0.0    0.0    -666.000   25.9   0b1111111111111111    20190614T141355655236
13      50     1.8312      0.4       0.8     0.0008      0.0    0.0    2197.440   25.9   0b1111111111111111    20190614T141355655520
14      50     1.8361      0.2       0.8     0.0000      0.0    0.0    -666.000   25.9   0b1111111111111111    20190614T141355655800
15      50     1.8416      0.4       0.8    -0.0017      0.0    0.0    -666.000   25.9   0b1111111111111111    20190614T141355656078
 0      40     1.8181      0.2       0.8     0.0001      0.2    0.8   21816.900   25.9   0b1111111111111111    20190614T141359123967
 1      40     1.8352      0.0       0.0     0.0017      0.0    0.0    1101.150   25.9   0b1111111111111111    20190614T141359124412
 2      40     1.8341      0.4       0.8    -0.0017      0.0    0.0    -666.000   25.9   0b1111111111111111    20190614T141359124743
 3      40     1.8345      0.0       0.0     0.0008      0.0    0.0    2201.400   25.9   0b1111111111111111    20190614T141359125044
 4      40     1.8088      0.3       0.8    -0.0007      0.3    0.8    -666.000   25.9   0b1111111111111111    20190614T141359125360
 5      40     1.8322      0.0       0.0     0.0007      0.3    0.8    2748.375   25.9   0b1111111111111111    20190614T141359125650
 6      40     1.8230      0.3       0.8     0.0017      0.0    0.0    1093.815   25.9   0b1111111111111111    20190614T141359125933
 7      40     1.8233      0.0       0.0    -0.0013      0.4    0.8    -666.000   25.9   0b1111111111111111    20190614T141359126295
 8      40     1.8399      0.3       0.8    -0.0025      0.0    0.0    -666.000   25.9   0b1111111111111111    20190614T141359126590
 9      40     1.8285      0.0       0.0    -0.0007      0.2    0.8    -666.000   25.9   0b1111111111111111    20190614T141359126873
10      40     1.8316      0.2       0.7    -0.0017      0.0    0.0    -666.000   25.9   0b1111111111111111    20190614T141359127178
11      40     1.8218      0.0       0.0     0.0008      0.0    0.0    2186.100   25.9   0b1111111111111111    20190614T141359127462
12      40     1.7835      0.0       0.0     0.0000      0.0    0.0    -666.000   25.9   0b1111111111111111    20190614T141359127741
13      40     1.7812      0.0       0.0     0.0008      0.0    0.0    2137.500   25.9   0b1111111111111111    20190614T141359128160
14      40     1.7865      0.0       0.0    -0.0001      0.2    0.8    -666.000   25.9   0b1111111111111111    20190614T141359128356
15      40     1.7910      0.0       0.0    -0.0017      0.0    0.0    -666.000   25.9   0b1111111111111111    20190614T141359128492
 0      30     1.7685      0.0       0.0     0.0001      0.2    0.8   21222.000   25.9   0b1111111111111111    20190614T141402612294
 1      30     1.7843      0.0       0.0     0.0012      0.4    0.8    1529.357   25.9   0b1111111111111111    20190614T141402612913
 2      30     1.7843      0.0       0.0    -0.0018      0.3    0.8    -666.000   25.9   0b1111111111111111    20190614T141402613463
 3      30     1.7843      0.0       0.0     0.0009      0.3    0.8    1946.455   25.9   0b1111111111111111    20190614T141402613961
 4      30     1.7587      0.0       0.0    -0.0008      0.0    0.0    -666.000   25.9   0b1111111111111111    20190614T141402614483
 5      30     1.7812      0.0       0.0     0.0006      0.4    0.8    3053.571   25.9   0b1111111111111111    20190614T141402615021
 6      30     1.7715      0.0       0.0     0.0014      0.4    0.8    1250.471   25.9   0b1111111111111111    20190614T141402615557
 7      30     1.7723      0.0       0.0    -0.0012      0.4    0.8    -666.000   25.9   0b1111111111111111    20190614T141402616074
 8      30     1.7888      0.0       0.0    -0.0025      0.0    0.0    -666.000   25.9   0b1111111111111111    20190614T141402616560
 9      30     1.7782      0.0       0.0    -0.0008      0.0    0.0    -666.000   25.9   0b1111111111111111    20190614T141402617057
10      30     1.7820      0.0       0.0    -0.0017      0.0    0.0    -666.000   25.9   0b1111111111111111    20190614T141402617720
11      30     1.7723      0.0       0.0     0.0006      0.4    0.8    3038.143   25.9   0b1111111111111111    20190614T141402618185
12      30     1.7355      0.0       0.0    -0.0002      0.3    0.8    -666.000   25.9   0b1111111111111111    20190614T141402618518
13      30     1.7325      0.0       0.0     0.0008      0.0    0.0    2079.000   25.9   0b1111111111111111    20190614T141402618813
14      30     1.7385      0.0       0.0    -0.0002      0.4    0.8    -666.000   25.9   0b1111111111111111    20190614T141402619099
15      30     1.7417      0.3       0.8    -0.0019      0.4    0.8    -666.000   25.9   0b1111111111111111    20190614T141402619404
 0      20     1.7182      0.0       0.0     0.0000      0.0    0.0    -666.000   25.9   0b1111111111111111    20190614T141406107980
 1      20     1.7335      0.3       0.8     0.0013      0.4    0.8    1386.780   25.9   0b1111111111111111    20190614T141406108486
 2      20     1.7332      0.0       0.0    -0.0019      0.4    0.8    -666.000   25.9   0b1111111111111111    20190614T141406108817
 3      20     1.7337      0.4       0.8     0.0008      0.0    0.0    2080.440   25.9   0b1111111111111111    20190614T141406109117
 4      20     1.7078      0.0       0.0    -0.0008      0.0    0.0    -666.000   25.9   0b1111111111111111    20190614T141406109458
 5      20     1.7290      0.4       0.7     0.0000      0.0    0.0    -666.000   25.9   0b1111111111111111    20190614T141406109750
 6      20     1.7199      0.3       0.8     0.0013      0.4    0.8    1375.920   25.9   0b1111111111111111    20190614T141406110035
 7      20     1.7207      0.3       0.7    -0.0016      0.3    0.8    -666.000   25.9   0b1111111111111111    20190614T141406110375
 8      20     1.7378      0.0       0.0    -0.0025      0.0    0.0    -666.000   25.9   0b1111111111111111    20190614T141406110665
 9      20     1.7273      0.0       0.0    -0.0008      0.0    0.0    -666.000   25.9   0b1111111111111111    20190614T141406110947
10      20     1.7310      0.0       0.0    -0.0017      0.0    0.0    -666.000   25.9   0b1111111111111111    20190614T141406111270
11      20     1.7212      0.0       0.0     0.0004      0.4    0.8    4131.000   25.9   0b1111111111111111    20190614T141406111566
12      20     1.6860      0.0       0.0     0.0000      0.0    0.0    -666.000   25.9   0b1111111111111111    20190614T141406111846
13      20     1.6824      0.3       0.8     0.0007      0.2    0.8    2243.200   25.9   0b1111111111111111    20190614T141406112125
14      20     1.6883      0.2       0.8    -0.0005      0.4    0.8    -666.000   25.9   0b1111111111111111    20190614T141406112445
15      20     1.6920      0.0       0.0    -0.0020      0.4    0.8    -666.000   25.9   0b1111111111111111    20190614T141406112727
 0      10     1.6687      0.0       0.0     0.0000      0.0    0.0    -666.000   25.9   0b1111111111111111    20190614T141409582643
 1      10     1.6830      0.0       0.0     0.0011      0.4    0.8    1553.538   25.9   0b1111111111111111    20190614T141409583051
 2      10     1.6830      0.0       0.0    -0.0019      0.4    0.8    -666.000   25.9   0b1111111111111111    20190614T141409583392
 3      10     1.6830      0.0       0.0     0.0008      0.0    0.0    2019.600   25.9   0b1111111111111111    20190614T141409583697
 4      10     1.6568      0.0       0.0    -0.0008      0.0    0.0    -666.000   25.9   0b1111111111111111    20190614T141409583990
 5      10     1.6776      0.3       0.8     0.0004      0.4    0.8    4026.240   25.9   0b1111111111111111    20190614T141409584281
 6      10     1.6687      0.0       0.0     0.0009      0.3    0.8    1820.455   25.9   0b1111111111111111    20190614T141409584589
 7      10     1.6695      0.0       0.0    -0.0015      0.3    0.8    -666.000   25.9   0b1111111111111111    20190614T141409584928
 8      10     1.6863      0.4       0.8    -0.0025      0.0    0.0    -666.000   25.9   0b1111111111111111    20190614T141409585221
 9      10     1.6763      0.0       0.0    -0.0009      0.3    0.8    -666.000   25.9   0b1111111111111111    20190614T141409585526
10      10     1.6800      0.0       0.0    -0.0017      0.0    0.0    -666.000   25.9   0b1111111111111111    20190614T141409585810
11      10     1.6707      0.4       0.8     0.0004      0.4    0.8    4009.680   25.9   0b1111111111111111    20190614T141409586091
12      10     1.6357      0.0       0.0    -0.0002      0.4    0.8    -666.000   25.9   0b1111111111111111    20190614T141409586396
13      10     1.6328      0.0       0.0     0.0007      0.2    0.8    2177.000   25.9   0b1111111111111111    20190614T141409586679
14      10     1.6388      0.0       0.0    -0.0005      0.4    0.8    -666.000   25.9   0b1111111111111111    20190614T141409586960
15      10     1.6421      0.4       0.8    -0.0023      0.3    0.8    -666.000   25.9   0b1111111111111111    20190614T141409587239
 0       0     1.6184      0.2       0.8     0.0000      0.0    0.0    -666.000   25.9   0b1111111111111111    20190614T141413069999
 1       0     1.6328      0.0       0.0     0.0009      0.3    0.8    1781.182   25.9   0b1111111111111111    20190614T141413070434
 2       0     1.6320      0.0       0.0    -0.0023      0.3    0.8    -666.000   25.9   0b1111111111111111    20190614T141413070749
 3       0     1.6328      0.0       0.0     0.0008      0.0    0.0    1959.300   25.9   0b1111111111111111    20190614T141413071045
 4       0     1.6058      0.0       0.0    -0.0008      0.0    0.0    -666.000   25.9   0b1111111111111111    20190614T141413071360
 5       0     1.6252      0.0       0.0     0.0001      0.2    0.8   19503.000   25.9   0b1111111111111111    20190614T141413071648
 6       0     1.6170      0.0       0.0     0.0012      0.4    0.8    1386.000   25.9   0b1111111111111111    20190614T141413071965
 7       0     1.6178      0.0       0.0    -0.0017      0.0    0.0    -666.000   25.9   0b1111111111111111    20190614T141413072278
 8       0     1.6350      0.0       0.0    -0.0026      0.3    0.8    -666.000   25.9   0b1111111111111111    20190614T141413072673
 9       0     1.6255      0.4       0.7    -0.0011      0.4    0.8    -666.000   25.9   0b1111111111111111    20190614T141413073002
10       0     1.6290      0.0       0.0    -0.0017      0.2    0.8    -666.000   25.9   0b1111111111111111    20190614T141413073308
11       0     1.6200      0.0       0.0     0.0001      0.2    0.8   19440.000   25.9   0b1111111111111111    20190614T141413073591
12       0     1.5855      0.0       0.0    -0.0005      0.4    0.8    -666.000   25.9   0b1111111111111111    20190614T141413073871
13       0     1.5832      0.0       0.0     0.0005      0.4    0.8    3166.500   25.9   0b1111111111111111    20190614T141413074177
14       0     1.5886      0.2       0.8    -0.0007      0.3    0.8    -666.000   25.9   0b1111111111111111    20190614T141413074460
15       0     1.5920      0.3       0.8    -0.0025      0.0    0.0    -666.000   25.9   0b1111111111111111    20190614T141413074739
