CH# Vset[DAC]   V[V]    dVRMS[mV] dVpp[mV]    I[A]  dIRMS[mA] dIpp[mA]   R[ohm]   T[C]   State                Timestamp
 0     250     2.8432      0.2       0.8     0.5577      3.4   12.5       5.098   26.6   0b1111111111111111    20190613T172003289976
 1     250     2.6432      0.3       0.8     2.4997      0.4    0.8       1.057   26.6   0b1111111111111111    20190613T172003292030
 2     250     2.8373      0.0       0.0     0.5555      3.1   12.5       5.108   26.6   0b1111111111111111    20190613T172003292368
 3     250     2.6404      0.4       0.7     2.4807      0.6    1.7       1.064   26.6   0b1111111111111111    20190613T172003292664
 4     250     2.8229      0.3       0.7     0.5581      3.0    8.3       5.058   26.6   0b1111111111111111    20190613T172003293003
 5     250     2.6444      0.2       0.8     2.4808      0.6    1.7       1.066   26.6   0b1111111111111111    20190613T172003293312
 6     250     2.8325      0.3       0.8     0.5623      3.7   11.7       5.038   26.6   0b1111111111111111    20190613T172003293597
 7     250     2.6208      0.4       0.8     2.4698      0.5    1.7       1.061   26.6   0b1111111111111111    20190613T172003293877
 8     250     2.8181      0.4       0.7     0.5519      4.2   15.0       5.106   26.6   0b1111111111111111    20190613T172003294154
 9     250     2.6177      0.8       2.3     2.4602      1.2    3.3       1.064   26.6   0b1111111111111111    20190613T172003294451
10     250     2.8242      0.4       0.8     0.5555      3.7   13.3       5.084   26.6   0b1111111111111111    20190613T172003294730
11     250     2.6211      1.1       3.0     2.4641      0.9    3.3       1.064   26.6   0b1111111111111111    20190613T172003295177
12     250     2.8158      0.4       0.8     0.5553      3.8   12.5       5.071   26.6   0b1111111111111111    20190613T172003295543
13     250     2.6175      0.9       3.0     2.4544      0.9    2.5       1.066   26.6   0b1111111111111111    20190613T172003295824
14     250     2.8202      0.3       0.7     0.5549      4.0   15.0       5.082   26.6   0b1111111111111111    20190613T172003296140
15     250     2.6150      1.0       3.0     2.4518      0.6    1.7       1.067   26.6   0b1111111111111111    20190613T172003296503
 0     240     2.8125      0.0       0.0     0.5545      2.4    6.7       5.072   26.7   0b1111111111111111    20190613T172006752395
 1     240     2.6404      0.4       0.7     2.4972      0.4    0.8       1.057   26.7   0b1111111111111111    20190613T172006752789
 2     240     2.8035      0.0       0.0     0.5513      2.3    8.3       5.085   26.7   0b1111111111111111    20190613T172006753098
 3     240     2.6383      0.3       0.7     2.4792      0.5    1.7       1.064   26.7   0b1111111111111111    20190613T172006753417
 4     240     2.7832      0.0       0.0     0.5477      1.9    5.0       5.082   26.7   0b1111111111111111    20190613T172006753705
 5     240     2.6405      0.4       0.7     2.4775      0.4    1.7       1.066   26.7   0b1111111111111111    20190613T172006753991
 6     240     2.7975      0.0       0.0     0.5551      2.0    6.7       5.040   26.7   0b1111111111111111    20190613T172006754296
 7     240     2.6183      0.2       0.7     2.4679      0.4    0.8       1.061   26.7   0b1111111111111111    20190613T172006754580
 8     240     2.7892      0.0       0.0     0.5478      2.6    7.5       5.091   26.7   0b1111111111111111    20190613T172006754860
 9     240     2.6132      1.1       3.7     2.4563      1.0    3.3       1.064   26.7   0b1111111111111111    20190613T172006755140
10     240     2.7994      0.4       0.7     0.5474      3.8   12.5       5.114   26.7   0b1111111111111111    20190613T172006755438
11     240     2.6164      1.0       3.0     2.4599      1.1    4.2       1.064   26.7   0b1111111111111111    20190613T172006755758
12     240     2.7855      0.0       0.0     0.5509      2.0    6.7       5.056   26.7   0b1111111111111111    20190613T172006756038
13     240     2.6126      1.0       3.0     2.4502      0.8    2.5       1.066   26.7   0b1111111111111111    20190613T172006756342
14     240     2.7934      0.4       0.8     0.5511      3.2    8.3       5.069   26.7   0b1111111111111111    20190613T172006756737
15     240     2.6104      1.0       3.0     2.4480      1.1    2.5       1.066   26.7   0b1111111111111111    20190613T172006757027
 0     230     2.7713      0.0       0.0     0.5458      1.7    5.0       5.078   26.9   0b1111111111111111    20190613T172010214258
 1     230     2.6362      0.0       0.0     2.4937      0.6    1.7       1.057   26.9   0b1111111111111111    20190613T172010214668
 2     230     2.7608      0.2       0.8     0.5428      1.9    5.0       5.086   26.9   0b1111111111111111    20190613T172010214979
 3     230     2.6355      0.0       0.0     2.4768      0.5    1.7       1.064   26.9   0b1111111111111111    20190613T172010215353
 4     230     2.7390      0.0       0.0     0.5394      1.2    5.0       5.078   26.9   0b1111111111111111    20190613T172010215649
 5     230     2.6348      0.0       0.0     2.4726      0.4    1.7       1.066   26.9   0b1111111111111111    20190613T172010215935
 6     230     2.7548      0.0       0.0     0.5465      1.3    3.3       5.041   26.9   0b1111111111111111    20190613T172010216238
 7     230     2.6145      0.0       0.0     2.4647      0.4    0.8       1.061   26.9   0b1111111111111111    20190613T172010216522
 8     230     2.7503      0.0       0.0     0.5388      1.2    4.2       5.104   26.9   0b1111111111111111    20190613T172010216804
 9     230     2.6081      1.2       3.8     2.4516      1.3    3.3       1.064   26.9   0b1111111111111111    20190613T172010217083
10     230     2.7644      0.2       0.7     0.5419      2.9    8.3       5.101   26.9   0b1111111111111111    20190613T172010217432
11     230     2.6107      1.2       3.7     2.4547      1.2    3.3       1.064   26.9   0b1111111111111111    20190613T172010217731
12     230     2.7450      0.0       0.0     0.5423      1.7    5.8       5.061   26.9   0b1111111111111111    20190613T172010218010
13     230     2.6066      1.3       3.8     2.4451      1.2    4.2       1.066   26.9   0b1111111111111111    20190613T172010218328
14     230     2.7563      0.0       0.0     0.5402      1.9    5.8       5.103   26.9   0b1111111111111111    20190613T172010218498
15     230     2.6048      1.1       3.0     2.4434      1.3    4.2       1.066   26.9   0b1111111111111111    20190613T172010218634
 0     220     2.7233      0.0       0.0     0.5363      0.9    3.3       5.078   27.0   0b1111111111111111    20190613T172013660749
 1     220     2.6288      0.0       0.0     2.4866      0.4    1.7       1.057   27.0   0b1111111111111111    20190613T172013661084
 2     220     2.7146      0.4       0.8     0.5344      1.0    2.5       5.079   27.0   0b1111111111111111    20190613T172013661371
 3     220     2.6303      0.2       0.7     2.4722      0.4    0.8       1.064   27.0   0b1111111111111111    20190613T172013661636
 4     220     2.6917      0.0       0.0     0.5294      0.8    2.5       5.084   27.0   0b1111111111111111    20190613T172013661896
 5     220     2.6242      0.0       0.0     2.4626      0.3    0.8       1.066   27.0   0b1111111111111111    20190613T172013662156
 6     220     2.7075      0.0       0.0     0.5362      0.8    2.5       5.050   27.0   0b1111111111111111    20190613T172013662434
 7     220     2.6077      0.0       0.0     2.4584      0.2    0.8       1.061   27.0   0b1111111111111111    20190613T172013662690
 8     220     2.7055      0.5       1.5     0.5312      1.3    4.2       5.094   27.0   0b1111111111111111    20190613T172013662941
 9     220     2.5951      4.6      13.5     2.4397      4.2   12.5       1.064   27.0   0b1111111111111111    20190613T172013663192
10     220     2.7199      0.6       1.5     0.5342      1.2    3.3       5.092   27.0   0b1111111111111111    20190613T172013663522
11     220     2.5966      4.5      13.5     2.4417      4.5   13.3       1.063   27.0   0b1111111111111111    20190613T172013663772
12     220     2.6998      0.6       1.5     0.5337      1.2    4.2       5.059   27.0   0b1111111111111111    20190613T172013664023
13     220     2.5927      4.6      14.3     2.4320      4.3   13.3       1.066   27.0   0b1111111111111111    20190613T172013664285
14     220     2.7116      0.7       2.3     0.5313      1.0    3.3       5.103   27.0   0b1111111111111111    20190613T172013664536
15     220     2.5915      4.6      13.5     2.4302      4.8   15.0       1.066   27.0   0b1111111111111111    20190613T172013664782
 0     210     2.6745      0.0       0.0     0.5264      0.7    2.5       5.081   27.1   0b1111111111111111    20190613T172017123294
 1     210     2.6138      0.0       0.0     2.4725      0.4    1.7       1.057   27.1   0b1111111111111111    20190613T172017123695
 2     210     2.6661      0.3       0.8     0.5246      0.7    2.5       5.082   27.1   0b1111111111111111    20190613T172017124007
 3     210     2.6200      0.3       0.8     2.4625      0.0    0.0       1.064   27.1   0b1111111111111111    20190613T172017124324
 4     210     2.6438      0.0       0.0     0.5203      0.4    0.8       5.081   27.1   0b1111111111111111    20190613T172017124614
 5     210     2.6046      0.3       0.8     2.4442      0.4    1.7       1.066   27.1   0b1111111111111111    20190613T172017124900
 6     210     2.6600      0.4       0.8     0.5267      0.4    1.7       5.051   27.1   0b1111111111111111    20190613T172017125182
 7     210     2.5946      0.4       0.8     2.4461      0.4    0.8       1.061   27.1   0b1111111111111111    20190613T172017125486
 8     210     2.6594      0.8       3.0     0.5217      1.2    4.2       5.098   27.1   0b1111111111111111    20190613T172017125766
 9     210     2.5762      4.5      15.7     2.4220      4.6   16.7       1.064   27.1   0b1111111111111111    20190613T172017126045
10     210     2.6739      1.0       3.7     0.5247      1.1    4.2       5.096   27.1   0b1111111111111111    20190613T172017126391
11     210     2.5774      5.3      16.5     2.4240      4.7   15.8       1.063   27.1   0b1111111111111111    20190613T172017126674
12     210     2.6540      0.7       2.3     0.5247      0.8    2.5       5.058   27.1   0b1111111111111111    20190613T172017126953
13     210     2.5732      5.3      18.7     2.4139      5.2   16.7       1.066   27.1   0b1111111111111111    20190613T172017127256
14     210     2.6660      0.9       3.0     0.5234      1.3    4.2       5.093   27.1   0b1111111111111111    20190613T172017127536
15     210     2.5725      5.3      16.5     2.4127      5.6   17.5       1.066   27.1   0b1111111111111111    20190613T172017127817
 0     200     2.6258      0.0       0.0     0.5162      0.4    0.8       5.086   27.1   0b1111111111111111    20190613T172020612103
 1     200     2.5852      0.0       0.0     2.4456      0.4    0.8       1.057   27.1   0b1111111111111111    20190613T172020612537
 2     200     2.6168      0.0       0.0     0.5152      0.5    1.7       5.079   27.1   0b1111111111111111    20190613T172020612853
 3     200     2.5987      0.0       0.0     2.4426      0.2    0.8       1.064   27.1   0b1111111111111111    20190613T172020613149
 4     200     2.5957      0.0       0.0     0.5105      0.4    0.8       5.085   27.1   0b1111111111111111    20190613T172020613460
 5     200     2.5698      0.4       0.8     2.4115      0.3    0.8       1.066   27.1   0b1111111111111111    20190613T172020613746
 6     200     2.6120      0.3       0.7     0.5168      0.5    1.7       5.054   27.1   0b1111111111111111    20190613T172020614030
 7     200     2.5688      0.0       0.0     2.4217      0.0    0.0       1.061   27.1   0b1111111111111111    20190613T172020614539
 8     200     2.6107      1.4       4.5     0.5119      0.7    2.5       5.100   27.1   0b1111111111111111    20190613T172020614869
 9     200     2.5631      6.9      19.5     2.4103      6.3   19.2       1.063   27.1   0b1111111111111111    20190613T172020615204
10     200     2.6254      1.7       4.5     0.5156      0.8    2.5       5.092   27.1   0b1111111111111111    20190613T172020615512
11     200     2.5609      6.2      15.8     2.4082      5.8   15.8       1.063   27.1   0b1111111111111111    20190613T172020615792
12     200     2.6058      1.6       4.5     0.5153      0.6    1.7       5.057   27.1   0b1111111111111111    20190613T172020616082
13     200     2.5574      5.9      16.5     2.3992      5.3   16.7       1.066   27.1   0b1111111111111111    20190613T172020616385
14     200     2.6177      1.7       5.2     0.5135      0.6    1.7       5.098   27.1   0b1111111111111111    20190613T172020616665
15     200     2.5584      6.5      19.5     2.4006      5.7   16.7       1.066   27.1   0b1111111111111111    20190613T172020616942
 0     190     2.5783      0.3       0.8     0.5069      0.4    0.8       5.086   27.2   0b1111111111111111    20190613T172024072358
 1     190     2.5425      0.0       0.0     2.4050      0.0    0.0       1.057   27.2   0b1111111111111111    20190613T172024072788
 2     190     2.5688      0.0       0.0     0.5057      0.3    0.8       5.080   27.2   0b1111111111111111    20190613T172024073108
 3     190     2.5620      0.0       0.0     2.4077      0.5    1.7       1.064   27.2   0b1111111111111111    20190613T172024073409
 4     190     2.5511      0.4       0.8     0.5017      0.0    0.0       5.085   27.2   0b1111111111111111    20190613T172024073728
 5     190     2.5267      0.0       0.0     2.3708      0.3    0.8       1.066   27.2   0b1111111111111111    20190613T172024074024
 6     190     2.5658      0.0       0.0     0.5075      0.4    1.7       5.056   27.2   0b1111111111111111    20190613T172024074314
 7     190     2.5298      0.0       0.0     2.3849      0.2    0.8       1.061   27.2   0b1111111111111111    20190613T172024074625
 8     190     2.5652      1.5       3.7     0.5028      0.6    1.7       5.102   27.2   0b1111111111111111    20190613T172024074957
 9     190     2.5391      3.8       9.0     2.3872      3.7    9.2       1.064   27.2   0b1111111111111111    20190613T172024075259
10     190     2.5784      1.3       3.0     0.5065      0.5    1.7       5.091   27.2   0b1111111111111111    20190613T172024075570
11     190     2.5348      2.7       7.5     2.3839      2.5    6.7       1.063   27.2   0b1111111111111111    20190613T172024075895
12     190     2.5613      1.3       3.8     0.5065      0.5    1.7       5.057   27.2   0b1111111111111111    20190613T172024076189
13     190     2.5317      2.5       7.5     2.3750      2.2    5.8       1.066   27.2   0b1111111111111111    20190613T172024076502
14     190     2.5748      1.1       3.0     0.5050      0.7    2.5       5.099   27.2   0b1111111111111111    20190613T172024076793
15     190     2.5339      2.7       7.5     2.3769      2.8    8.3       1.066   27.2   0b1111111111111111    20190613T172024077081
 0     180     2.5290      0.0       0.0     0.4971      0.4    0.8       5.088   27.3   0b1111111111111111    20190613T172027534940
 1     180     2.4945      0.0       0.0     2.3596      0.4    0.8       1.057   27.3   0b1111111111111111    20190613T172027535398
 2     180     2.5192      0.0       0.0     0.4963      0.4    0.8       5.077   27.3   0b1111111111111111    20190613T172027535788
 3     180     2.5147      0.2       0.8     2.3632      0.3    0.8       1.064   27.3   0b1111111111111111    20190613T172027536112
 4     180     2.5032      0.4       0.8     0.4923      0.3    0.8       5.084   27.3   0b1111111111111111    20190613T172027536441
 5     180     2.4793      0.3       0.8     2.3262      0.4    0.8       1.066   27.3   0b1111111111111111    20190613T172027536729
 6     180     2.5177      0.0       0.0     0.4981      0.4    0.8       5.055   27.3   0b1111111111111111    20190613T172027537014
 7     180     2.4832      0.0       0.0     2.3408      0.3    0.8       1.061   27.3   0b1111111111111111    20190613T172027537342
 8     180     2.5114      0.7       2.3     0.4920      0.4    0.8       5.105   27.3   0b1111111111111111    20190613T172027537626
 9     180     2.5075      0.5       1.5     2.3575      0.7    2.5       1.064   27.3   0b1111111111111111    20190613T172027537905
10     180     2.5241      0.6       1.5     0.4957      0.3    0.8       5.092   27.3   0b1111111111111111    20190613T172027538242
11     180     2.4979      0.5       1.5     2.3489      0.5    1.7       1.063   27.3   0b1111111111111111    20190613T172027538388
12     180     2.5077      0.5       1.5     0.4958      0.0    0.0       5.058   27.3   0b1111111111111111    20190613T172027538523
13     180     2.4945      0.7       2.3     2.3401      0.6    1.7       1.066   27.3   0b1111111111111111    20190613T172027538657
14     180     2.5207      0.7       2.2     0.4942      0.4    1.7       5.101   27.3   0b1111111111111111    20190613T172027538792
15     180     2.5005      0.7       2.3     2.3457      0.7    2.5       1.066   27.3   0b1111111111111111    20190613T172027538926
 0     170     2.4800      0.3       0.8     0.4875      0.0    0.0       5.087   27.4   0b1111111111111111    20190613T172031013214
 1     170     2.4458      0.2       0.7     2.3132      0.3    0.8       1.057   27.4   0b1111111111111111    20190613T172031013674
 2     170     2.4705      0.0       0.0     0.4864      0.4    0.8       5.079   27.4   0b1111111111111111    20190613T172031013994
 3     170     2.4656      0.4       0.8     2.3174      0.3    0.8       1.064   27.4   0b1111111111111111    20190613T172031014412
 4     170     2.4553      0.3       0.7     0.4825      0.0    0.0       5.089   27.4   0b1111111111111111    20190613T172031014725
 5     170     2.4322      0.0       0.0     2.2822      0.4    0.8       1.066   27.4   0b1111111111111111    20190613T172031015014
 6     170     2.4698      0.0       0.0     0.4884      0.3    0.8       5.057   27.4   0b1111111111111111    20190613T172031015298
 7     170     2.4357      0.4       0.8     2.2959      0.3    0.8       1.061   27.4   0b1111111111111111    20190613T172031015638
 8     170     2.4594      0.3       0.8     0.4817      0.3    0.8       5.105   27.4   0b1111111111111111    20190613T172031015924
 9     170     2.4559      0.4       0.8     2.3089      0.4    0.8       1.064   27.4   0b1111111111111111    20190613T172031016204
10     170     2.4720      0.0       0.0     0.4857      0.3    0.8       5.090   27.4   0b1111111111111111    20190613T172031016536
11     170     2.4465      0.0       0.0     2.3004      0.4    0.8       1.064   27.4   0b1111111111111111    20190613T172031016823
12     170     2.4556      0.2       0.8     0.4854      0.4    0.8       5.059   27.4   0b1111111111111111    20190613T172031017103
13     170     2.4429      0.3       0.7     2.2915      0.3    0.8       1.066   27.4   0b1111111111111111    20190613T172031017437
14     170     2.4682      0.2       0.8     0.4840      0.3    0.8       5.100   27.4   0b1111111111111111    20190613T172031017722
15     170     2.4493      0.3       0.8     2.2980      0.4    0.8       1.066   27.4   0b1111111111111111    20190613T172031018003
 0     160     2.4308      0.0       0.0     0.4777      0.3    0.8       5.089   27.4   0b1111111111111111    20190613T172034512225
 1     160     2.3977      0.2       0.8     2.2675      0.0    0.0       1.057   27.4   0b1111111111111111    20190613T172034512707
 2     160     2.4212      0.3       0.8     0.4767      0.0    0.0       5.079   27.4   0b1111111111111111    20190613T172034513040
 3     160     2.4165      0.0       0.0     2.2709      0.3    0.8       1.064   27.4   0b1111111111111111    20190613T172034513376
 4     160     2.4075      0.0       0.0     0.4733      0.0    0.0       5.086   27.4   0b1111111111111111    20190613T172034513701
 5     160     2.3850      0.0       0.0     2.2375      0.0    0.0       1.066   27.4   0b1111111111111111    20190613T172034513993
 6     160     2.4217      0.0       0.0     0.4792      0.0    0.0       5.054   27.4   0b1111111111111111    20190613T172034514279
 7     160     2.3880      0.0       0.0     2.2508      0.0    0.0       1.061   27.4   0b1111111111111111    20190613T172034514608
 8     160     2.4100      0.3       0.7     0.4721      0.4    0.8       5.105   27.4   0b1111111111111111    20190613T172034514895
 9     160     2.4063      0.4       0.8     2.2625      0.0    0.0       1.064   27.4   0b1111111111111111    20190613T172034515177
10     160     2.4217      0.0       0.0     0.4757      0.3    0.8       5.091   27.4   0b1111111111111111    20190613T172034515528
11     160     2.3970      0.0       0.0     2.2542      0.0    0.0       1.063   27.4   0b1111111111111111    20190613T172034515813
12     160     2.4066      0.3       0.8     0.4758      0.2    0.8       5.059   27.4   0b1111111111111111    20190613T172034516092
13     160     2.3940      0.0       0.0     2.2458      0.2    0.8       1.066   27.4   0b1111111111111111    20190613T172034516419
14     160     2.4187      0.0       0.0     0.4742      0.0    0.0       5.101   27.4   0b1111111111111111    20190613T172034516704
15     160     2.4000      0.0       0.0     2.2517      0.0    0.0       1.066   27.4   0b1111111111111111    20190613T172034516984
 0     150     2.3832      0.4       0.8     0.4685      0.3    0.8       5.087   27.4   0b1111111111111111    20190613T172037998567
 1     150     2.3505      0.0       0.0     2.2232      0.2    0.8       1.057   27.4   0b1111111111111111    20190613T172037998982
 2     150     2.3745      0.0       0.0     0.4676      0.3    0.8       5.078   27.4   0b1111111111111111    20190613T172037999321
 3     150     2.3693      0.0       0.0     2.2266      0.2    0.8       1.064   27.4   0b1111111111111111    20190613T172037999713
 4     150     2.3610      0.0       0.0     0.4642      0.0    0.0       5.087   27.4   0b1111111111111111    20190613T172038000006
 5     150     2.3392      0.2       0.8     2.1947      0.4    0.8       1.066   27.4   0b1111111111111111    20190613T172038000293
 6     150     2.3756      0.4       0.7     0.4700      0.0    0.0       5.055   27.4   0b1111111111111111    20190613T172038000632
 7     150     2.3430      0.0       0.0     2.2084      0.3    0.8       1.061   27.4   0b1111111111111111    20190613T172038000916
 8     150     2.3633      0.0       0.0     0.4628      0.4    0.8       5.106   27.4   0b1111111111111111    20190613T172038001195
 9     150     2.3603      0.0       0.0     2.2190      0.3    0.8       1.064   27.4   0b1111111111111111    20190613T172038001527
10     150     2.3753      0.0       0.0     0.4667      0.0    0.0       5.090   27.4   0b1111111111111111    20190613T172038001812
11     150     2.3505      0.0       0.0     2.2102      0.3    0.8       1.063   27.4   0b1111111111111111    20190613T172038002133
12     150     2.3595      0.0       0.0     0.4665      0.3    0.8       5.058   27.4   0b1111111111111111    20190613T172038002488
13     150     2.3477      0.3       0.8     2.2025      0.0    0.0       1.066   27.4   0b1111111111111111    20190613T172038002775
14     150     2.3722      0.2       0.8     0.4651      0.2    0.8       5.101   27.4   0b1111111111111111    20190613T172038003054
15     150     2.3535      0.0       0.0     2.2083      0.0    0.0       1.066   27.4   0b1111111111111111    20190613T172038003332
 0     140     2.3344      0.4       0.8     0.4588      0.4    0.8       5.089   27.5   0b1111111111111111    20190613T172041463491
 1     140     2.3025      0.0       0.0     2.1773      0.3    0.8       1.057   27.5   0b1111111111111111    20190613T172041463874
 2     140     2.3260      0.3       0.8     0.4581      0.4    0.8       5.078   27.5   0b1111111111111111    20190613T172041464170
 3     140     2.3205      0.0       0.0     2.1808      0.0    0.0       1.064   27.5   0b1111111111111111    20190613T172041464483
 4     140     2.3131      0.3       0.8     0.4548      0.3    0.8       5.086   27.5   0b1111111111111111    20190613T172041464764
 5     140     2.2922      0.3       0.8     2.1509      0.3    0.8       1.066   27.5   0b1111111111111111    20190613T172041465044
 6     140     2.3280      0.0       0.0     0.4607      0.3    0.8       5.054   27.5   0b1111111111111111    20190613T172041465344
 7     140     2.2964      0.3       0.8     2.1642      0.0    0.0       1.061   27.5   0b1111111111111111    20190613T172041465624
 8     140     2.3145      0.0       0.0     0.4533      0.0    0.0       5.106   27.5   0b1111111111111111    20190613T172041465914
 9     140     2.3115      0.0       0.0     2.1732      0.3    0.8       1.064   27.5   0b1111111111111111    20190613T172041466272
10     140     2.3265      0.0       0.0     0.4567      0.0    0.0       5.095   27.5   0b1111111111111111    20190613T172041466561
11     140     2.3017      0.0       0.0     2.1648      0.3    0.8       1.063   27.5   0b1111111111111111    20190613T172041466840
12     140     2.3115      0.0       0.0     0.4567      0.0    0.0       5.062   27.5   0b1111111111111111    20190613T172041467115
13     140     2.2995      0.0       0.0     2.1570      0.4    0.8       1.066   27.5   0b1111111111111111    20190613T172041467414
14     140     2.3235      0.0       0.0     0.4554      0.4    0.8       5.102   27.5   0b1111111111111111    20190613T172041467693
15     140     2.3055      0.0       0.0     2.1630      0.4    0.8       1.066   27.5   0b1111111111111111    20190613T172041467970
 0     130     2.2858      0.3       0.8     0.4492      0.0    0.0       5.089   27.6   0b1111111111111111    20190613T172044917797
 1     130     2.2550      0.3       0.8     2.1322      0.4    0.8       1.058   27.6   0b1111111111111111    20190613T172044918189
 2     130     2.2778      0.0       0.0     0.4484      0.2    0.8       5.080   27.6   0b1111111111111111    20190613T172044918534
 3     130     2.2724      0.2       0.8     2.1353      0.4    0.8       1.064   27.6   0b1111111111111111    20190613T172044918829
 4     130     2.2658      0.0       0.0     0.4452      0.3    0.8       5.090   27.6   0b1111111111111111    20190613T172044919114
 5     130     2.2455      0.0       0.0     2.1074      0.2    0.8       1.066   27.6   0b1111111111111111    20190613T172044919419
 6     130     2.2801      0.2       0.8     0.4508      0.0    0.0       5.057   27.6   0b1111111111111111    20190613T172044919701
 7     130     2.2492      0.0       0.0     2.1199      0.3    0.8       1.061   27.6   0b1111111111111111    20190613T172044920031
 8     130     2.2658      0.0       0.0     0.4435      0.3    0.8       5.109   27.6   0b1111111111111111    20190613T172044920348
 9     130     2.2632      0.4       0.7     2.1277      0.3    0.8       1.064   27.6   0b1111111111111111    20190613T172044920632
10     130     2.2778      0.0       0.0     0.4473      0.3    0.8       5.092   27.6   0b1111111111111111    20190613T172044920910
11     130     2.2538      0.0       0.0     2.1193      0.3    0.8       1.063   27.6   0b1111111111111111    20190613T172044921189
12     130     2.2628      0.0       0.0     0.4472      0.4    0.8       5.060   27.6   0b1111111111111111    20190613T172044921492
13     130     2.2515      0.0       0.0     2.1120      0.4    0.8       1.066   27.6   0b1111111111111111    20190613T172044921770
14     130     2.2748      0.0       0.0     0.4458      0.0    0.0       5.102   27.6   0b1111111111111111    20190613T172044922091
15     130     2.2575      0.0       0.0     2.1181      0.4    0.8       1.066   27.6   0b1111111111111111    20190613T172044922396
 0     120     2.2372      0.0       0.0     0.4394      0.4    0.8       5.091   27.6   0b1111111111111111    20190613T172048381882
 1     120     2.2058      0.0       0.0     2.0854      0.4    0.8       1.058   27.6   0b1111111111111111    20190613T172048382380
 2     120     2.2290      0.0       0.0     0.4389      0.4    0.8       5.078   27.6   0b1111111111111111    20190613T172048382699
 3     120     2.2230      0.0       0.0     2.0891      0.3    0.8       1.064   27.6   0b1111111111111111    20190613T172048382992
 4     120     2.2200      0.0       0.0     0.4360      0.3    0.8       5.092   27.6   0b1111111111111111    20190613T172048383330
 5     120     2.1998      0.0       0.0     2.0642      0.0    0.0       1.066   27.6   0b1111111111111111    20190613T172048383621
 6     120     2.2321      0.2       0.8     0.4415      0.3    0.8       5.056   27.6   0b1111111111111111    20190613T172048383902
 7     120     2.2020      0.0       0.0     2.0752      0.3    0.8       1.061   27.6   0b1111111111111111    20190613T172048384251
 8     120     2.2177      0.0       0.0     0.4341      0.3    0.8       5.109   27.6   0b1111111111111111    20190613T172048384538
 9     120     2.2140      0.0       0.0     2.0816      0.3    0.8       1.064   27.6   0b1111111111111111    20190613T172048384828
10     120     2.2296      0.3       0.8     0.4376      0.2    0.8       5.095   27.6   0b1111111111111111    20190613T172048385333
11     120     2.2058      0.0       0.0     2.0743      0.3    0.8       1.063   27.6   0b1111111111111111    20190613T172048385624
12     120     2.2147      0.0       0.0     0.4375      0.0    0.0       5.062   27.6   0b1111111111111111    20190613T172048385905
13     120     2.2050      0.0       0.0     2.0683      0.0    0.0       1.066   27.6   0b1111111111111111    20190613T172048386210
14     120     2.2275      0.0       0.0     0.4367      0.0    0.0       5.101   27.6   0b1111111111111111    20190613T172048386493
15     120     2.2087      0.0       0.0     2.0725      0.0    0.0       1.066   27.6   0b1111111111111111    20190613T172048386770
 0     110     2.1914      0.3       0.8     0.4303      0.4    0.8       5.092   27.6   0b1111111111111111    20190613T172051842680
 1     110     2.1604      0.4       0.8     2.0423      0.4    0.8       1.058   27.6   0b1111111111111111    20190613T172051843085
 2     110     2.1827      0.3       0.8     0.4298      0.3    0.8       5.078   27.6   0b1111111111111111    20190613T172051843473
 3     110     2.1773      0.0       0.0     2.0458      0.0    0.0       1.064   27.6   0b1111111111111111    20190613T172051843781
 4     110     2.1750      0.0       0.0     0.4273      0.4    0.8       5.091   27.6   0b1111111111111111    20190613T172051844075
 5     110     2.1559      0.4       0.8     2.0231      0.4    0.8       1.066   27.6   0b1111111111111111    20190613T172051844424
 6     110     2.1878      0.0       0.0     0.4325      0.0    0.0       5.058   27.6   0b1111111111111111    20190613T172051844717
 7     110     2.1578      0.0       0.0     2.0333      0.0    0.0       1.061   27.6   0b1111111111111111    20190613T172051845001
 8     110     2.1720      0.0       0.0     0.4249      0.3    0.8       5.112   27.6   0b1111111111111111    20190613T172051845346
 9     110     2.1683      0.0       0.0     2.0383      0.3    0.8       1.064   27.6   0b1111111111111111    20190613T172051845636
10     110     2.1833      0.0       0.0     0.4284      0.2    0.8       5.096   27.6   0b1111111111111111    20190613T172051845964
11     110     2.1600      0.0       0.0     2.0312      0.4    0.8       1.063   27.6   0b1111111111111111    20190613T172051846317
12     110     2.1690      0.0       0.0     0.4283      0.0    0.0       5.064   27.6   0b1111111111111111    20190613T172051846608
13     110     2.1596      0.4       0.8     2.0253      0.4    0.8       1.066   27.6   0b1111111111111111    20190613T172051846888
14     110     2.1810      0.0       0.0     0.4275      0.0    0.0       5.102   27.6   0b1111111111111111    20190613T172051847169
15     110     2.1630      0.0       0.0     2.0295      0.4    0.8       1.066   27.6   0b1111111111111111    20190613T172051847499
 0     100     2.1430      0.4       0.8     0.4208      0.2    0.8       5.093   27.7   0b1111111111111111    20190613T172055296467
 1     100     2.1131      0.4       0.7     1.9974      0.2    0.8       1.058   27.7   0b1111111111111111    20190613T172055296892
 2     100     2.1345      0.0       0.0     0.4200      0.0    0.0       5.082   27.7   0b1111111111111111    20190613T172055297208
 3     100     2.1292      0.0       0.0     2.0007      0.3    0.8       1.064   27.7   0b1111111111111111    20190613T172055297598
 4     100     2.1279      0.3       0.8     0.4178      0.4    0.8       5.093   27.7   0b1111111111111111    20190613T172055297892
 5     100     2.1097      0.0       0.0     1.9795      0.4    0.8       1.066   27.7   0b1111111111111111    20190613T172055298177
 6     100     2.1405      0.0       0.0     0.4233      0.2    0.8       5.057   27.7   0b1111111111111111    20190613T172055298544
 7     100     2.1112      0.0       0.0     1.9894      0.4    0.8       1.061   27.7   0b1111111111111111    20190613T172055298830
 8     100     2.1240      0.0       0.0     0.4156      0.4    0.8       5.111   27.7   0b1111111111111111    20190613T172055299110
 9     100     2.1202      0.0       0.0     1.9927      0.3    0.8       1.064   27.7   0b1111111111111111    20190613T172055299437
10     100     2.1350      0.3       0.8     0.4192      0.0    0.0       5.093   27.7   0b1111111111111111    20190613T172055299771
11     100     2.1127      0.0       0.0     1.9859      0.2    0.8       1.064   27.7   0b1111111111111111    20190613T172055300056
12     100     2.1210      0.0       0.0     0.4191      0.3    0.8       5.061   27.7   0b1111111111111111    20190613T172055300397
13     100     2.1120      0.0       0.0     1.9807      0.2    0.8       1.066   27.7   0b1111111111111111    20190613T172055300685
14     100     2.1330      0.0       0.0     0.4177      0.3    0.8       5.107   27.7   0b1111111111111111    20190613T172055300962
15     100     2.1157      0.0       0.0     1.9850      0.0    0.0       1.066   27.7   0b1111111111111111    20190613T172055301289
 0      90     2.0948      0.0       0.0     0.4112      0.4    0.8       5.094   27.7   0b1111111111111111    20190613T172058752202
 1      90     2.0663      0.0       0.0     1.9525      0.0    0.0       1.058   27.7   0b1111111111111111    20190613T172058752618
 2      90     2.0873      0.0       0.0     0.4108      0.0    0.0       5.081   27.7   0b1111111111111111    20190613T172058752932
 3      90     2.0820      0.0       0.0     1.9563      0.4    0.8       1.064   27.7   0b1111111111111111    20190613T172058753230
 4      90     2.0820      0.0       0.0     0.4084      0.2    0.8       5.098   27.7   0b1111111111111111    20190613T172058753542
 5      90     2.0625      0.0       0.0     1.9352      0.3    0.8       1.066   27.7   0b1111111111111111    20190613T172058753833
 6      90     2.0933      0.2       0.8     0.4140      0.3    0.8       5.056   27.7   0b1111111111111111    20190613T172058754116
 7      90     2.0657      0.3       0.8     1.9467      0.0    0.0       1.061   27.7   0b1111111111111111    20190613T172058754421
 8      90     2.0760      0.0       0.0     0.4058      0.0    0.0       5.115   27.7   0b1111111111111111    20190613T172058754705
 9      90     2.0745      0.0       0.0     1.9495      0.4    0.8       1.064   27.7   0b1111111111111111    20190613T172058754985
10      90     2.0865      0.0       0.0     0.4094      0.4    0.8       5.096   27.7   0b1111111111111111    20190613T172058755263
11      90     2.0655      0.0       0.0     1.9417      0.0    0.0       1.064   27.7   0b1111111111111111    20190613T172058755562
12      90     2.0737      0.0       0.0     0.4093      0.3    0.8       5.066   27.7   0b1111111111111111    20190613T172058755842
13      90     2.0658      0.4       0.8     1.9370      0.4    0.8       1.066   27.7   0b1111111111111111    20190613T172058756118
14      90     2.0858      0.0       0.0     0.4083      0.0    0.0       5.108   27.7   0b1111111111111111    20190613T172058756421
15      90     2.0685      0.0       0.0     1.9408      0.0    0.0       1.066   27.7   0b1111111111111111    20190613T172058756701
 0      80     2.0467      0.0       0.0     0.4017      0.0    0.0       5.096   27.8   0b1111111111111111    20190613T172102218661
 1      80     2.0190      0.0       0.0     1.9075      0.0    0.0       1.058   27.8   0b1111111111111111    20190613T172102219058
 2      80     2.0386      0.3       0.8     0.4012      0.4    0.8       5.082   27.8   0b1111111111111111    20190613T172102219461
 3      80     2.0341      0.2       0.8     1.9111      0.4    0.8       1.064   27.8   0b1111111111111111    20190613T172102219772
 4      80     2.0347      0.0       0.0     0.3992      0.0    0.0       5.097   27.8   0b1111111111111111    20190613T172102220062
 5      80     2.0160      0.0       0.0     1.8911      0.4    0.8       1.066   27.8   0b1111111111111111    20190613T172102220420
 6      80     2.0460      0.0       0.0     0.4042      0.0    0.0       5.062   27.8   0b1111111111111111    20190613T172102220710
 7      80     2.0190      0.0       0.0     1.9021      0.4    0.8       1.061   27.8   0b1111111111111111    20190613T172102220991
 8      80     2.0280      0.0       0.0     0.3967      0.0    0.0       5.113   27.8   0b1111111111111111    20190613T172102221370
 9      80     2.0265      0.0       0.0     1.9042      0.0    0.0       1.064   27.8   0b1111111111111111    20190613T172102221676
10      80     2.0382      0.4       0.8     0.4000      0.0    0.0       5.095   27.8   0b1111111111111111    20190613T172102222027
11      80     2.0175      0.0       0.0     1.8967      0.0    0.0       1.064   27.8   0b1111111111111111    20190613T172102222377
12      80     2.0264      0.2       0.8     0.4000      0.0    0.0       5.066   27.8   0b1111111111111111    20190613T172102222664
13      80     2.0183      0.0       0.0     1.8925      0.0    0.0       1.066   27.8   0b1111111111111111    20190613T172102222943
14      80     2.0378      0.2       0.8     0.3992      0.0    0.0       5.105   27.8   0b1111111111111111    20190613T172102223249
15      80     2.0212      0.0       0.0     1.8966      0.3    0.8       1.066   27.8   0b1111111111111111    20190613T172102223550
 0      70     2.0003      0.0       0.0     0.3925      0.0    0.0       5.096   27.8   0b1111111111111111    20190613T172105678016
 1      70     1.9725      0.0       0.0     1.8638      0.4    0.8       1.058   27.8   0b1111111111111111    20190613T172105678493
 2      70     1.9920      0.0       0.0     0.3921      0.4    0.8       5.081   27.8   0b1111111111111111    20190613T172105678814
 3      70     1.9876      0.2       0.8     1.8675      0.0    0.0       1.064   27.8   0b1111111111111111    20190613T172105679109
 4      70     1.9875      0.0       0.0     0.3899      0.2    0.8       5.097   27.8   0b1111111111111111    20190613T172105679446
 5      70     1.9695      0.0       0.0     1.8477      0.3    0.8       1.066   27.8   0b1111111111111111    20190613T172105679734
 6      70     1.9995      0.0       0.0     0.3950      0.0    0.0       5.062   27.8   0b1111111111111111    20190613T172105680014
 7      70     1.9721      0.4       0.8     1.8581      0.4    0.8       1.061   27.8   0b1111111111111111    20190613T172105680393
 8      70     1.9812      0.4       0.8     0.3872      0.4    0.8       5.117   27.8   0b1111111111111111    20190613T172105680681
 9      70     1.9795      0.3       0.8     1.8600      0.0    0.0       1.064   27.8   0b1111111111111111    20190613T172105680960
10      70     1.9913      0.0       0.0     0.3907      0.3    0.8       5.096   27.8   0b1111111111111111    20190613T172105681289
11      70     1.9710      0.0       0.0     1.8526      0.3    0.8       1.064   27.8   0b1111111111111111    20190613T172105681576
12      70     1.9792      0.0       0.0     0.3908      0.0    0.0       5.064   27.8   0b1111111111111111    20190613T172105681853
13      70     1.9725      0.0       0.0     1.8492      0.0    0.0       1.067   27.8   0b1111111111111111    20190613T172105682195
14      70     1.9913      0.0       0.0     0.3900      0.0    0.0       5.106   27.8   0b1111111111111111    20190613T172105682534
15      70     1.9748      0.0       0.0     1.8532      0.3    0.8       1.066   27.8   0b1111111111111111    20190613T172105682813
 0      60     1.9492      0.0       0.0     0.3824      0.3    0.8       5.097   27.9   0b1111111111111111    20190613T172109137905
 1      60     1.9222      0.2       0.8     1.8158      0.0    0.0       1.059   27.9   0b1111111111111111    20190613T172109138399
 2      60     1.9418      0.0       0.0     0.3821      0.4    0.8       5.082   27.9   0b1111111111111111    20190613T172109138713
 3      60     1.9380      0.0       0.0     1.8205      0.4    0.8       1.065   27.9   0b1111111111111111    20190613T172109139004
 4      60     1.9380      0.0       0.0     0.3800      0.0    0.0       5.100   27.9   0b1111111111111111    20190613T172109139361
 5      60     1.9200      0.0       0.0     1.8011      0.4    0.8       1.066   27.9   0b1111111111111111    20190613T172109139654
 6      60     1.9492      0.0       0.0     0.3852      0.3    0.8       5.061   27.9   0b1111111111111111    20190613T172109139935
 7      60     1.9222      0.0       0.0     1.8108      0.0    0.0       1.062   27.9   0b1111111111111111    20190613T172109140236
 8      60     1.9318      0.3       0.8     0.3772      0.4    0.8       5.121   27.9   0b1111111111111111    20190613T172109140547
 9      60     1.9297      0.0       0.0     1.8133      0.0    0.0       1.064   27.9   0b1111111111111111    20190613T172109140826
10      60     1.9411      0.2       0.8     0.3808      0.2    0.8       5.098   27.9   0b1111111111111111    20190613T172109141152
11      60     1.9216      0.2       0.8     1.8067      0.0    0.0       1.064   27.9   0b1111111111111111    20190613T172109141494
12      60     1.9312      0.0       0.0     0.3812      0.4    0.8       5.067   27.9   0b1111111111111111    20190613T172109141775
13      60     1.9237      0.0       0.0     1.8033      0.0    0.0       1.067   27.9   0b1111111111111111    20190613T172109142119
14      60     1.9425      0.0       0.0     0.3801      0.2    0.8       5.111   27.9   0b1111111111111111    20190613T172109142453
15      60     1.9260      0.0       0.0     1.8068      0.3    0.8       1.066   27.9   0b1111111111111111    20190613T172109142736
 0      50     1.8986      0.4       0.8     0.3723      0.3    0.8       5.099   27.9   0b1111111111111111    20190613T172112606676
 1      50     1.8712      0.0       0.0     1.7682      0.3    0.8       1.058   27.9   0b1111111111111111    20190613T172112607065
 2      50     1.8908      0.0       0.0     0.3718      0.3    0.8       5.085   27.9   0b1111111111111111    20190613T172112607393
 3      50     1.8872      0.3       0.8     1.7729      0.4    0.8       1.064   27.9   0b1111111111111111    20190613T172112607687
 4      50     1.8878      0.0       0.0     0.3700      0.0    0.0       5.102   27.9   0b1111111111111111    20190613T172112607971
 5      50     1.8690      0.0       0.0     1.7539      0.4    0.8       1.066   27.9   0b1111111111111111    20190613T172112608252
 6      50     1.8983      0.0       0.0     0.3750      0.0    0.0       5.062   27.9   0b1111111111111111    20190613T172112608559
 7      50     1.8713      0.2       0.8     1.7632      0.2    0.8       1.061   27.9   0b1111111111111111    20190613T172112608840
 8      50     1.8807      0.4       0.8     0.3675      0.0    0.0       5.118   27.9   0b1111111111111111    20190613T172112609120
 9      50     1.8788      0.0       0.0     1.7657      0.3    0.8       1.064   27.9   0b1111111111111111    20190613T172112609421
10      50     1.8900      0.0       0.0     0.3707      0.3    0.8       5.098   27.9   0b1111111111111111    20190613T172112609701
11      50     1.8712      0.0       0.0     1.7588      0.4    0.8       1.064   27.9   0b1111111111111111    20190613T172112609978
12      50     1.8810      0.0       0.0     0.3712      0.4    0.8       5.068   27.9   0b1111111111111111    20190613T172112610254
13      50     1.8735      0.0       0.0     1.7563      0.4    0.8       1.067   27.9   0b1111111111111111    20190613T172112610554
14      50     1.8923      0.0       0.0     0.3700      0.0    0.0       5.114   27.9   0b1111111111111111    20190613T172112610832
15      50     1.8758      0.0       0.0     1.7600      0.0    0.0       1.066   27.9   0b1111111111111111    20190613T172112611108
 0      40     1.8465      0.0       0.0     0.3618      0.3    0.8       5.104   28.0   0b1111111111111111    20190613T172116075448
 1      40     1.8194      0.3       0.8     1.7188      0.4    0.8       1.059   28.0   0b1111111111111111    20190613T172116075859
 2      40     1.8375      0.0       0.0     0.3617      0.0    0.0       5.081   28.0   0b1111111111111111    20190613T172116076188
 3      40     1.8352      0.0       0.0     1.7241      0.3    0.8       1.064   28.0   0b1111111111111111    20190613T172116076555
 4      40     1.8352      0.0       0.0     0.3596      0.4    0.8       5.104   28.0   0b1111111111111111    20190613T172116076846
 5      40     1.8187      0.2       0.8     1.7060      0.3    0.8       1.066   28.0   0b1111111111111111    20190613T172116077132
 6      40     1.8465      0.0       0.0     0.3646      0.4    0.8       5.065   28.0   0b1111111111111111    20190613T172116077460
 7      40     1.8203      0.0       0.0     1.7147      0.4    0.8       1.062   28.0   0b1111111111111111    20190613T172116077792
 8      40     1.8285      0.0       0.0     0.3568      0.3    0.8       5.124   28.0   0b1111111111111111    20190613T172116078092
 9      40     1.8263      0.0       0.0     1.7158      0.0    0.0       1.064   28.0   0b1111111111111111    20190613T172116078408
10      40     1.8374      0.3       0.8     0.3602      0.3    0.8       5.101   28.0   0b1111111111111111    20190613T172116078548
11      40     1.8188      0.2       0.8     1.7099      0.2    0.8       1.064   28.0   0b1111111111111111    20190613T172116078684
12      40     1.8287      0.3       0.8     0.3608      0.0    0.0       5.068   28.0   0b1111111111111111    20190613T172116078822
13      40     1.8216      0.3       0.8     1.7075      0.0    0.0       1.067   28.0   0b1111111111111111    20190613T172116078956
14      40     1.8397      0.0       0.0     0.3600      0.0    0.0       5.110   28.0   0b1111111111111111    20190613T172116079093
15      40     1.8240      0.0       0.0     1.7114      0.4    0.8       1.066   28.0   0b1111111111111111    20190613T172116079257
 0      30     1.7955      0.0       0.0     0.3517      0.0    0.0       5.106   28.0   0b1111111111111111    20190613T172119529991
 1      30     1.7692      0.0       0.0     1.6713      0.4    0.8       1.059   28.0   0b1111111111111111    20190613T172119530427
 2      30     1.7867      0.3       0.8     0.3516      0.3    0.8       5.082   28.0   0b1111111111111111    20190613T172119530727
 3      30     1.7843      0.0       0.0     1.6760      0.3    0.8       1.065   28.0   0b1111111111111111    20190613T172119531013
 4      30     1.7843      0.0       0.0     0.3495      0.4    0.8       5.105   28.0   0b1111111111111111    20190613T172119531329
 5      30     1.7685      0.0       0.0     1.6591      0.2    0.8       1.066   28.0   0b1111111111111111    20190613T172119531634
 6      30     1.7957      0.3       0.7     0.3545      0.4    0.8       5.065   28.0   0b1111111111111111    20190613T172119531915
 7      30     1.7715      0.0       0.0     1.6690      0.3    0.8       1.061   28.0   0b1111111111111111    20190613T172119532192
 8      30     1.7770      0.4       0.7     0.3467      0.0    0.0       5.126   28.0   0b1111111111111111    20190613T172119532503
 9      30     1.7745      0.0       0.0     1.6672      0.4    0.8       1.064   28.0   0b1111111111111111    20190613T172119532794
10      30     1.7857      0.0       0.0     0.3500      0.0    0.0       5.102   28.0   0b1111111111111111    20190613T172119533070
11      30     1.7673      0.4       0.8     1.6611      0.4    0.8       1.064   28.0   0b1111111111111111    20190613T172119533318
12      30     1.7775      0.0       0.0     0.3507      0.3    0.8       5.069   28.0   0b1111111111111111    20190613T172119533637
13      30     1.7715      0.0       0.0     1.6607      0.2    0.8       1.067   28.0   0b1111111111111111    20190613T172119533914
14      30     1.7895      0.0       0.0     0.3500      0.0    0.0       5.113   28.0   0b1111111111111111    20190613T172119534190
15      30     1.7723      0.0       0.0     1.6625      0.0    0.0       1.066   28.0   0b1111111111111111    20190613T172119534486
 0      20     1.7436      0.3       0.8     0.3417      0.0    0.0       5.103   28.1   0b1111111111111111    20190613T172122991162
 1      20     1.7182      0.0       0.0     1.6232      0.3    0.8       1.059   28.1   0b1111111111111111    20190613T172122991685
 2      20     1.7354      0.2       0.8     0.3414      0.4    0.8       5.083   28.1   0b1111111111111111    20190613T172122992056
 3      20     1.7329      0.4       0.7     1.6277      0.3    0.8       1.065   28.1   0b1111111111111111    20190613T172122992361
 4      20     1.7340      0.0       0.0     0.3392      0.0    0.0       5.113   28.1   0b1111111111111111    20190613T172122992709
 5      20     1.7182      0.0       0.0     1.6121      0.4    0.8       1.066   28.1   0b1111111111111111    20190613T172122993005
 6      20     1.7445      0.0       0.0     0.3442      0.0    0.0       5.069   28.1   0b1111111111111111    20190613T172122993289
 7      20     1.7212      0.0       0.0     1.6217      0.0    0.0       1.061   28.1   0b1111111111111111    20190613T172122993672
 8      20     1.7258      0.0       0.0     0.3366      0.3    0.8       5.127   28.1   0b1111111111111111    20190613T172122993963
 9      20     1.7228      0.0       0.0     1.6191      0.2    0.8       1.064   28.1   0b1111111111111111    20190613T172122994243
10      20     1.7347      0.2       0.8     0.3400      0.0    0.0       5.102   28.1   0b1111111111111111    20190613T172122994593
11      20     1.7166      0.3       0.8     1.6133      0.0    0.0       1.064   28.1   0b1111111111111111    20190613T172122994880
12      20     1.7265      0.0       0.0     0.3404      0.4    0.8       5.072   28.1   0b1111111111111111    20190613T172122995160
13      20     1.7205      0.0       0.0     1.6125      0.0    0.0       1.067   28.1   0b1111111111111111    20190613T172122995437
14      20     1.7378      0.0       0.0     0.3399      0.3    0.8       5.112   28.1   0b1111111111111111    20190613T172122995781
15      20     1.7212      0.0       0.0     1.6149      0.2    0.8       1.066   28.1   0b1111111111111111    20190613T172122996061
 0      10     1.6920      0.0       0.0     0.3313      0.4    0.8       5.107   28.1   0b1111111111111111    20190613T172126443644
 1      10     1.6679      0.2       0.8     1.5753      0.4    0.8       1.059   28.1   0b1111111111111111    20190613T172126444051
 2      10     1.6838      0.2       0.8     0.3314      0.4    0.8       5.081   28.1   0b1111111111111111    20190613T172126444449
 3      10     1.6815      0.0       0.0     1.5798      0.3    0.8       1.064   28.1   0b1111111111111111    20190613T172126444755
 4      10     1.6834      0.4       0.7     0.3292      0.3    0.8       5.113   28.1   0b1111111111111111    20190613T172126445043
 5      10     1.6689      0.3       0.8     1.5658      0.0    0.0       1.066   28.1   0b1111111111111111    20190613T172126445387
 6      10     1.6942      0.0       0.0     0.3342      0.2    0.8       5.069   28.1   0b1111111111111111    20190613T172126445678
 7      10     1.6717      0.0       0.0     1.5750      0.0    0.0       1.061   28.1   0b1111111111111111    20190613T172126445959
 8      10     1.6740      0.0       0.0     0.3266      0.2    0.8       5.126   28.1   0b1111111111111111    20190613T172126446316
 9      10     1.6717      0.0       0.0     1.5709      0.2    0.8       1.064   28.1   0b1111111111111111    20190613T172126446629
10      10     1.6830      0.0       0.0     0.3299      0.3    0.8       5.101   28.1   0b1111111111111111    20190613T172126446910
11      10     1.6654      0.4       0.8     1.5651      0.2    0.8       1.064   28.1   0b1111111111111111    20190613T172126447190
12      10     1.6755      0.0       0.0     0.3301      0.2    0.8       5.076   28.1   0b1111111111111111    20190613T172126447533
13      10     1.6695      0.0       0.0     1.5651      0.2    0.8       1.067   28.1   0b1111111111111111    20190613T172126447812
14      10     1.6867      0.0       0.0     0.3300      0.0    0.0       5.111   28.1   0b1111111111111111    20190613T172126448089
15      10     1.6702      0.0       0.0     1.5672      0.4    0.8       1.066   28.1   0b1111111111111111    20190613T172126448390
 0       0     1.6402      0.0       0.0     0.3208      0.0    0.0       5.112   28.1   0b1111111111111111    20190613T172129895654
 1       0     1.6169      0.2       0.7     1.5271      0.4    0.8       1.059   28.1   0b1111111111111111    20190613T172129896062
 2       0     1.6320      0.0       0.0     0.3209      0.3    0.8       5.085   28.1   0b1111111111111111    20190613T172129896462
 3       0     1.6305      0.0       0.0     1.5314      0.4    0.8       1.065   28.1   0b1111111111111111    20190613T172129896770
 4       0     1.6328      0.0       0.0     0.3192      0.0    0.0       5.116   28.1   0b1111111111111111    20190613T172129897063
 5       0     1.6195      0.3       0.8     1.5192      0.0    0.0       1.066   28.1   0b1111111111111111    20190613T172129897409
 6       0     1.6440      0.0       0.0     0.3242      0.0    0.0       5.071   28.1   0b1111111111111111    20190613T172129897699
 7       0     1.6215      0.0       0.0     1.5280      0.4    0.8       1.061   28.1   0b1111111111111111    20190613T172129897983
 8       0     1.6230      0.0       0.0     0.3162      0.4    0.8       5.133   28.1   0b1111111111111111    20190613T172129898370
 9       0     1.6203      0.4       0.7     1.5225      0.0    0.0       1.064   28.1   0b1111111111111111    20190613T172129898514
10       0     1.6313      0.0       0.0     0.3196      0.4    0.8       5.104   28.1   0b1111111111111111    20190613T172129898653
11       0     1.6148      0.0       0.0     1.5175      0.0    0.0       1.064   28.1   0b1111111111111111    20190613T172129898789
12       0     1.6241      0.4       0.8     0.3200      0.0    0.0       5.075   28.1   0b1111111111111111    20190613T172129898926
13       0     1.6186      0.2       0.7     1.5173      0.3    0.8       1.067   28.1   0b1111111111111111    20190613T172129899061
14       0     1.6350      0.0       0.0     0.3195      0.4    0.8       5.117   28.1   0b1111111111111111    20190613T172129899197
15       0     1.6192      0.0       0.0     1.5192      0.0    0.0       1.066   28.1   0b1111111111111111    20190613T172129899368
