CH# Vset[DAC]   V[V]    dVRMS[mV] dVpp[mV]    I[A]  dIRMS[mA] dIpp[mA]   R[ohm]   T[C]   State                Timestamp
 0     250     2.8854      0.3       0.8     0.1318      0.9    2.5      21.901   24.7   0b1111111111111111    20190521T111458896361
 1     250     2.8649      0.3       0.8     0.5663      0.4    0.8       5.059   24.7   0b1111111111111111    20190521T111458896777
 2     250     2.8732      0.2       0.8     0.1301      0.9    3.3      22.087   24.7   0b1111111111111111    20190521T111458897089
 3     250     2.8760      0.3       0.8     0.5668      0.6    1.7       5.075   24.7   0b1111111111111111    20190521T111458897410
 4     250     2.8553      0.0       0.0     0.1320      0.4    0.8      21.631   24.7   0b1111111111111111    20190521T111458897727
 5     250     2.8365      0.0       0.0     0.5622      0.4    0.8       5.045   24.7   0b1111111111111111    20190521T111458898013
 6     250     2.8394      0.3       0.8     0.1298      0.5    1.7      21.883   24.7   0b1111111111111111    20190521T111458898317
 7     250     2.8439      0.2       0.8     0.5650      0.4    1.7       5.033   24.7   0b1111111111111111    20190521T111458898601
 8     250     2.8620      0.0       0.0     0.1323      0.6    1.7      21.627   24.7   0b1111111111111111    20190521T111458898882
 9     250     2.8686      0.3       0.8     0.5693      0.6    1.7       5.039   24.7   0b1111111111111111    20190521T111458899163
10     250     2.8672      0.2       0.8     0.1315      0.6    1.7      21.804   24.7   0b1111111111111111    20190521T111458899462
11     250     2.8418      0.0       0.0     0.5647      0.4    0.8       5.032   24.7   0b1111111111111111    20190521T111458899747
12     250     2.8380      0.0       0.0     0.1282      0.3    0.8      22.143   24.7   0b1111111111111111    20190521T111458900026
13     250     2.8458      0.4       0.8     0.5634      0.6    1.7       5.051   24.7   0b1111111111111111    20190521T111458900313
14     250     2.8530      0.0       0.0     0.1306      0.5    1.7      21.848   24.7   0b1111111111111111    20190521T111458900592
15     250     2.8305      0.0       0.0     0.5639      0.7    1.7       5.019   24.7   0b1111111111111111    20190521T111458900873
 0     240     2.8360      0.3       0.8     0.1292      0.5    1.7      21.956   24.8   0b1111111111111111    20190521T111502386258
 1     240     2.8155      0.0       0.0     0.5567      0.4    1.7       5.057   24.8   0b1111111111111111    20190521T111502386737
 2     240     2.8237      0.0       0.0     0.1274      0.6    1.7      22.162   24.8   0b1111111111111111    20190521T111502387055
 3     240     2.8268      0.0       0.0     0.5571      0.6    1.7       5.074   24.8   0b1111111111111111    20190521T111502387353
 4     240     2.8065      0.0       0.0     0.1301      0.2    0.8      21.575   24.8   0b1111111111111111    20190521T111502387627
 5     240     2.7885      0.0       0.0     0.5526      0.2    0.8       5.046   24.8   0b1111111111111111    20190521T111502387773
 6     240     2.7907      0.0       0.0     0.1275      0.4    1.7      21.888   24.8   0b1111111111111111    20190521T111502387915
 7     240     2.7952      0.0       0.0     0.5553      0.4    0.8       5.034   24.8   0b1111111111111111    20190521T111502388054
 8     240     2.8133      0.0       0.0     0.1304      0.6    1.7      21.571   24.8   0b1111111111111111    20190521T111502388194
 9     240     2.8193      0.0       0.0     0.5599      0.3    0.8       5.035   24.8   0b1111111111111111    20190521T111502388332
10     240     2.8185      0.0       0.0     0.1293      0.4    1.7      21.807   24.8   0b1111111111111111    20190521T111502388496
11     240     2.7934      0.4       0.8     0.5551      0.2    0.8       5.032   24.8   0b1111111111111111    20190521T111502388662
12     240     2.7900      0.0       0.0     0.1261      0.5    1.7      22.128   24.8   0b1111111111111111    20190521T111502388806
13     240     2.7975      0.0       0.0     0.5536      0.4    0.8       5.053   24.8   0b1111111111111111    20190521T111502388944
14     240     2.8050      0.0       0.0     0.1287      0.4    0.8      21.786   24.8   0b1111111111111111    20190521T111502389091
15     240     2.7826      0.3       0.7     0.5545      0.4    0.8       5.018   24.8   0b1111111111111111    20190521T111502389227
 0     230     2.7883      0.3       0.8     0.1270      0.4    0.8      21.955   24.8   0b1111111111111111    20190521T111505835750
 1     230     2.7675      0.0       0.0     0.5474      0.2    0.8       5.056   24.8   0b1111111111111111    20190521T111505836179
 2     230     2.7758      0.2       0.8     0.1251      0.2    0.8      22.192   24.8   0b1111111111111111    20190521T111505836611
 3     230     2.7787      0.0       0.0     0.5477      0.3    0.8       5.074   24.8   0b1111111111111111    20190521T111505836924
 4     230     2.7593      0.0       0.0     0.1278      0.4    0.8      21.599   24.8   0b1111111111111111    20190521T111505837219
 5     230     2.7420      0.0       0.0     0.5434      0.2    0.8       5.046   24.8   0b1111111111111111    20190521T111505837559
 6     230     2.7443      0.0       0.0     0.1253      0.4    0.8      21.910   24.8   0b1111111111111111    20190521T111505837704
 7     230     2.7484      0.4       0.7     0.5459      0.3    0.8       5.034   24.8   0b1111111111111111    20190521T111505837846
 8     230     2.7654      0.3       0.8     0.1283      0.4    1.7      21.563   24.8   0b1111111111111111    20190521T111505837984
 9     230     2.7720      0.0       0.0     0.5502      0.4    0.8       5.038   24.8   0b1111111111111111    20190521T111505838122
10     230     2.7705      0.0       0.0     0.1268      0.3    0.8      21.844   24.8   0b1111111111111111    20190521T111505838260
11     230     2.7465      0.0       0.0     0.5458      0.0    0.0       5.032   24.8   0b1111111111111111    20190521T111505838436
12     230     2.7428      0.0       0.0     0.1240      0.3    0.8      22.119   24.8   0b1111111111111111    20190521T111505838590
13     230     2.7509      0.3       0.7     0.5446      0.4    0.8       5.051   24.8   0b1111111111111111    20190521T111505838727
14     230     2.7580      0.3       0.8     0.1263      0.4    0.8      21.845   24.8   0b1111111111111111    20190521T111505838864
15     230     2.7360      0.0       0.0     0.5453      0.4    0.8       5.017   24.8   0b1111111111111111    20190521T111505839000
 0     220     2.7383      0.0       0.0     0.1248      0.3    0.8      21.935   24.8   0b1111111111111111    20190521T111509289345
 1     220     2.7203      0.0       0.0     0.5378      0.4    0.8       5.059   24.8   0b1111111111111111    20190521T111509289820
 2     220     2.7263      0.0       0.0     0.1227      0.3    0.8      22.225   24.8   0b1111111111111111    20190521T111509290127
 3     220     2.7292      0.0       0.0     0.5378      0.4    0.8       5.075   24.8   0b1111111111111111    20190521T111509290476
 4     220     2.7112      0.0       0.0     0.1251      0.2    0.8      21.676   24.8   0b1111111111111111    20190521T111509290770
 5     220     2.6927      0.3       0.8     0.5337      0.4    0.8       5.046   24.8   0b1111111111111111    20190521T111509291091
 6     220     2.6955      0.0       0.0     0.1229      0.4    0.8      21.929   24.8   0b1111111111111111    20190521T111509291381
 7     220     2.7007      0.0       0.0     0.5367      0.0    0.0       5.032   24.8   0b1111111111111111    20190521T111509291729
 8     220     2.7180      0.0       0.0     0.1260      0.3    0.8      21.571   24.8   0b1111111111111111    20190521T111509292012
 9     220     2.7233      0.0       0.0     0.5408      0.3    0.8       5.036   24.8   0b1111111111111111    20190521T111509292343
10     220     2.7218      0.0       0.0     0.1248      0.4    0.8      21.818   24.8   0b1111111111111111    20190521T111509292709
11     220     2.6985      0.0       0.0     0.5366      0.3    0.8       5.029   24.8   0b1111111111111111    20190521T111509292993
12     220     2.6947      0.0       0.0     0.1217      0.4    1.7      22.149   24.8   0b1111111111111111    20190521T111509293273
13     220     2.7022      0.0       0.0     0.5350      0.0    0.0       5.051   24.8   0b1111111111111111    20190521T111509293614
14     220     2.7098      0.2       0.7     0.1240      0.3    0.8      21.853   24.8   0b1111111111111111    20190521T111509293898
15     220     2.6886      0.3       0.8     0.5358      0.0    0.0       5.018   24.8   0b1111111111111111    20190521T111509294178
 0     210     2.6885      0.3       0.8     0.1225      0.0    0.0      21.947   24.9   0b1111111111111111    20190521T111512735639
 1     210     2.6707      0.0       0.0     0.5282      0.3    0.8       5.056   24.9   0b1111111111111111    20190521T111512736040
 2     210     2.6767      0.0       0.0     0.1206      0.4    0.8      22.198   24.9   0b1111111111111111    20190521T111512736349
 3     210     2.6795      0.4       0.8     0.5282      0.3    0.8       5.073   24.9   0b1111111111111111    20190521T111512736669
 4     210     2.6625      0.0       0.0     0.1229      0.4    0.8      21.661   24.9   0b1111111111111111    20190521T111512736957
 5     210     2.6445      0.0       0.0     0.5241      0.3    0.8       5.046   24.9   0b1111111111111111    20190521T111512737243
 6     210     2.6475      0.0       0.0     0.1207      0.3    0.8      21.941   24.9   0b1111111111111111    20190521T111512737552
 7     210     2.6524      0.4       0.7     0.5267      0.0    0.0       5.036   24.9   0b1111111111111111    20190521T111512737835
 8     210     2.6688      0.4       0.8     0.1236      0.4    0.8      21.595   24.9   0b1111111111111111    20190521T111512738115
 9     210     2.6737      0.0       0.0     0.5307      0.3    0.8       5.038   24.9   0b1111111111111111    20190521T111512738465
10     210     2.6723      0.0       0.0     0.1224      0.2    0.8      21.829   24.9   0b1111111111111111    20190521T111512738752
11     210     2.6498      0.0       0.0     0.5267      0.4    1.7       5.031   24.9   0b1111111111111111    20190521T111512739034
12     210     2.6467      0.2       0.8     0.1192      0.3    0.8      22.194   24.9   0b1111111111111111    20190521T111512739313
13     210     2.6535      0.0       0.0     0.5252      0.3    0.8       5.053   24.9   0b1111111111111111    20190521T111512739615
14     210     2.6612      0.3       0.7     0.1217      0.0    0.0      21.872   24.9   0b1111111111111111    20190521T111512739895
15     210     2.6400      0.0       0.0     0.5264      0.4    0.8       5.015   24.9   0b1111111111111111    20190521T111512740173
 0     200     2.6385      0.0       0.0     0.1200      0.0    0.0      21.987   24.9   0b1111111111111111    20190521T111516185904
 1     200     2.6212      0.2       0.8     0.5183      0.0    0.0       5.057   24.9   0b1111111111111111    20190521T111516186309
 2     200     2.6265      0.0       0.0     0.1181      0.4    0.8      22.243   24.9   0b1111111111111111    20190521T111516186653
 3     200     2.6295      0.0       0.0     0.5183      0.0    0.0       5.073   24.9   0b1111111111111111    20190521T111516186951
 4     200     2.6131      0.2       0.8     0.1208      0.2    0.8      21.640   24.9   0b1111111111111111    20190521T111516187241
 5     200     2.5957      0.0       0.0     0.5142      0.0    0.0       5.048   24.9   0b1111111111111111    20190521T111516187582
 6     200     2.5987      0.0       0.0     0.1183      0.0    0.0      21.961   24.9   0b1111111111111111    20190521T111516187728
 7     200     2.6032      0.0       0.0     0.5170      0.4    0.8       5.035   24.9   0b1111111111111111    20190521T111516187868
 8     200     2.6194      0.4       0.7     0.1213      0.4    0.8      21.589   24.9   0b1111111111111111    20190521T111516188018
 9     200     2.6242      0.0       0.0     0.5208      0.0    0.0       5.039   24.9   0b1111111111111111    20190521T111516188175
10     200     2.6227      0.0       0.0     0.1200      0.0    0.0      21.856   24.9   0b1111111111111111    20190521T111516188313
11     200     2.6006      0.4       0.8     0.5167      0.0    0.0       5.033   24.9   0b1111111111111111    20190521T111516188463
12     200     2.5980      0.0       0.0     0.1173      0.3    0.8      22.142   24.9   0b1111111111111111    20190521T111516188607
13     200     2.6047      0.0       0.0     0.5157      0.2    0.8       5.050   24.9   0b1111111111111111    20190521T111516188744
14     200     2.6122      0.0       0.0     0.1193      0.3    0.8      21.890   24.9   0b1111111111111111    20190521T111516188881
15     200     2.5915      0.4       0.8     0.5164      0.4    0.8       5.018   24.9   0b1111111111111111    20190521T111516189016
 0     190     2.5897      0.0       0.0     0.1179      0.4    0.8      21.963   24.9   0b1111111111111111    20190521T111519635589
 1     190     2.5733      0.0       0.0     0.5088      0.4    0.8       5.057   24.9   0b1111111111111111    20190521T111519636011
 2     190     2.5793      0.0       0.0     0.1158      0.0    0.0      22.267   24.9   0b1111111111111111    20190521T111519636368
 3     190     2.5817      0.3       0.7     0.5086      0.4    0.8       5.076   24.9   0b1111111111111111    20190521T111519636705
 4     190     2.5669      0.4       0.8     0.1183      0.0    0.0      21.692   24.9   0b1111111111111111    20190521T111519637004
 5     190     2.5493      0.0       0.0     0.5050      0.0    0.0       5.048   24.9   0b1111111111111111    20190521T111519637298
 6     190     2.5508      0.0       0.0     0.1159      0.3    0.8      22.005   24.9   0b1111111111111111    20190521T111519637588
 7     190     2.5568      0.0       0.0     0.5078      0.4    0.8       5.035   24.9   0b1111111111111111    20190521T111519637733
 8     190     2.5724      0.3       0.8     0.1192      0.0    0.0      21.586   24.9   0b1111111111111111    20190521T111519637900
 9     190     2.5770      0.0       0.0     0.5117      0.0    0.0       5.036   24.9   0b1111111111111111    20190521T111519638049
10     190     2.5748      0.0       0.0     0.1176      0.2    0.8      21.897   24.9   0b1111111111111111    20190521T111519638192
11     190     2.5538      0.0       0.0     0.5075      0.0    0.0       5.032   24.9   0b1111111111111111    20190521T111519638334
12     190     2.5515      0.0       0.0     0.1150      0.0    0.0      22.187   24.9   0b1111111111111111    20190521T111519638486
13     190     2.5590      0.0       0.0     0.5066      0.3    0.8       5.051   24.9   0b1111111111111111    20190521T111519638629
14     190     2.5650      0.0       0.0     0.1171      0.4    0.8      21.907   24.9   0b1111111111111111    20190521T111519638770
15     190     2.5455      0.0       0.0     0.5074      0.2    0.8       5.017   24.9   0b1111111111111111    20190521T111519638910
 0     180     2.5400      0.4       0.7     0.1152      0.4    0.8      22.039   24.9   0b1111111111111111    20190521T111523092462
 1     180     2.5237      0.0       0.0     0.4991      0.3    0.8       5.057   24.9   0b1111111111111111    20190521T111523092858
 2     180     2.5297      0.2       0.8     0.1133      0.0    0.0      22.321   24.9   0b1111111111111111    20190521T111523093155
 3     180     2.5320      0.0       0.0     0.4988      0.4    0.8       5.076   24.9   0b1111111111111111    20190521T111523093474
 4     180     2.5177      0.0       0.0     0.1163      0.4    0.8      21.658   24.9   0b1111111111111111    20190521T111523093814
 5     180     2.5010      0.3       0.8     0.4956      0.4    0.8       5.047   24.9   0b1111111111111111    20190521T111523094104
 6     180     2.5020      0.0       0.0     0.1138      0.4    0.8      21.980   24.9   0b1111111111111111    20190521T111523094406
 7     180     2.5080      0.0       0.0     0.4982      0.3    0.8       5.034   24.9   0b1111111111111111    20190521T111523094745
 8     180     2.5230      0.0       0.0     0.1167      0.0    0.0      21.626   24.9   0b1111111111111111    20190521T111523095090
 9     180     2.5275      0.0       0.0     0.5017      0.0    0.0       5.038   24.9   0b1111111111111111    20190521T111523095453
10     180     2.5258      0.3       0.7     0.1153      0.4    0.8      21.900   24.9   0b1111111111111111    20190521T111523095740
11     180     2.5050      0.0       0.0     0.4979      0.4    0.8       5.031   24.9   0b1111111111111111    20190521T111523096035
12     180     2.5027      0.0       0.0     0.1127      0.3    0.8      22.214   24.9   0b1111111111111111    20190521T111523096316
13     180     2.5099      0.4       0.8     0.4967      0.0    0.0       5.054   24.9   0b1111111111111111    20190521T111523096620
14     180     2.5162      0.0       0.0     0.1148      0.3    0.8      21.912   24.9   0b1111111111111111    20190521T111523096900
15     180     2.4968      0.2       0.7     0.4975      0.0    0.0       5.019   24.9   0b1111111111111111    20190521T111523097178
 0     170     2.4902      0.3       0.7     0.1133      0.2    0.8      21.989   24.9   0b1111111111111111    20190521T111526548355
 1     170     2.4743      0.0       0.0     0.4892      0.0    0.0       5.058   24.9   0b1111111111111111    20190521T111526548793
 2     170     2.4797      0.3       0.8     0.1110      0.3    0.8      22.340   24.9   0b1111111111111111    20190521T111526549101
 3     170     2.4825      0.0       0.0     0.4892      0.0    0.0       5.075   24.9   0b1111111111111111    20190521T111526549416
 4     170     2.4690      0.0       0.0     0.1139      0.4    0.8      21.674   24.9   0b1111111111111111    20190521T111526549707
 5     170     2.4525      0.0       0.0     0.4858      0.0    0.0       5.048   24.9   0b1111111111111111    20190521T111526549993
 6     170     2.4540      0.0       0.0     0.1116      0.2    0.8      21.993   24.9   0b1111111111111111    20190521T111526550273
 7     170     2.4599      0.3       0.8     0.4883      0.0    0.0       5.037   24.9   0b1111111111111111    20190521T111526550573
 8     170     2.4735      0.0       0.0     0.1145      0.4    0.8      21.603   24.9   0b1111111111111111    20190521T111526550952
 9     170     2.4781      0.2       0.7     0.4918      0.3    0.8       5.038   24.9   0b1111111111111111    20190521T111526551244
10     170     2.4765      0.0       0.0     0.1133      0.0    0.0      21.851   24.9   0b1111111111111111    20190521T111526551545
11     170     2.4565      0.3       0.8     0.4883      0.0    0.0       5.030   24.9   0b1111111111111111    20190521T111526551831
12     170     2.4548      0.0       0.0     0.1107      0.3    0.8      22.181   24.9   0b1111111111111111    20190521T111526552110
13     170     2.4615      0.0       0.0     0.4874      0.3    0.8       5.050   24.9   0b1111111111111111    20190521T111526552406
14     170     2.4675      0.0       0.0     0.1125      0.0    0.0      21.933   24.9   0b1111111111111111    20190521T111526552689
15     170     2.4487      0.0       0.0     0.4881      0.4    0.8       5.017   24.9   0b1111111111111111    20190521T111526552968
 0     160     2.4405      0.0       0.0     0.1108      0.0    0.0      22.020   25.0   0b1111111111111111    20190521T111530000667
 1     160     2.4247      0.0       0.0     0.4793      0.2    0.8       5.059   25.0   0b1111111111111111    20190521T111530001100
 2     160     2.4308      0.0       0.0     0.1090      0.3    0.8      22.300   25.0   0b1111111111111111    20190521T111530001448
 3     160     2.4331      0.2       0.8     0.4792      0.0    0.0       5.078   25.0   0b1111111111111111    20190521T111530001755
 4     160     2.4202      0.0       0.0     0.1116      0.2    0.8      21.690   25.0   0b1111111111111111    20190521T111530002048
 5     160     2.4038      0.2       0.8     0.4761      0.4    0.8       5.049   25.0   0b1111111111111111    20190521T111530002337
 6     160     2.4052      0.0       0.0     0.1092      0.0    0.0      22.033   25.0   0b1111111111111111    20190521T111530002644
 7     160     2.4112      0.0       0.0     0.4791      0.3    0.8       5.033   25.0   0b1111111111111111    20190521T111530002932
 8     160     2.4247      0.0       0.0     0.1123      0.3    0.8      21.585   25.0   0b1111111111111111    20190521T111530003214
 9     160     2.4293      0.0       0.0     0.4819      0.4    0.8       5.041   25.0   0b1111111111111111    20190521T111530003572
10     160     2.4270      0.0       0.0     0.1108      0.0    0.0      21.898   25.0   0b1111111111111111    20190521T111530003882
11     160     2.4076      0.3       0.7     0.4783      0.4    1.7       5.033   25.0   0b1111111111111111    20190521T111530004165
12     160     2.4061      0.3       0.8     0.1083      0.0    0.0      22.211   25.0   0b1111111111111111    20190521T111530004472
13     160     2.4127      0.0       0.0     0.4775      0.0    0.0       5.053   25.0   0b1111111111111111    20190521T111530004756
14     160     2.4195      0.0       0.0     0.1101      0.2    0.8      21.979   25.0   0b1111111111111111    20190521T111530005033
15     160     2.4007      0.0       0.0     0.4783      0.0    0.0       5.019   25.0   0b1111111111111111    20190521T111530005313
 0     150     2.3918      0.0       0.0     0.1083      0.0    0.0      22.078   24.9   0b1111111111111111    20190521T111533454934
 1     150     2.3768      0.0       0.0     0.4700      0.0    0.0       5.057   24.9   0b1111111111111111    20190521T111533455329
 2     150     2.3828      0.0       0.0     0.1065      0.3    0.8      22.373   24.9   0b1111111111111111    20190521T111533455667
 3     150     2.3858      0.0       0.0     0.4698      0.3    0.8       5.078   24.9   0b1111111111111111    20190521T111533455962
 4     150     2.3730      0.0       0.0     0.1092      0.0    0.0      21.737   24.9   0b1111111111111111    20190521T111533456247
 5     150     2.3580      0.0       0.0     0.4670      0.4    0.8       5.049   24.9   0b1111111111111111    20190521T111533456552
 6     150     2.3595      0.0       0.0     0.1068      0.3    0.8      22.086   24.9   0b1111111111111111    20190521T111533456838
 7     150     2.3648      0.0       0.0     0.4697      0.4    0.8       5.035   24.9   0b1111111111111111    20190521T111533457118
 8     150     2.3783      0.0       0.0     0.1100      0.0    0.0      21.620   24.9   0b1111111111111111    20190521T111533457487
 9     150     2.3819      0.2       0.8     0.4727      0.3    0.8       5.039   24.9   0b1111111111111111    20190521T111533457664
10     150     2.3802      0.4       0.8     0.1085      0.3    0.8      21.937   24.9   0b1111111111111111    20190521T111533457801
11     150     2.3618      0.0       0.0     0.4692      0.0    0.0       5.034   24.9   0b1111111111111111    20190521T111533457937
12     150     2.3603      0.0       0.0     0.1061      0.4    0.8      22.249   24.9   0b1111111111111111    20190521T111533458073
13     150     2.3670      0.0       0.0     0.4684      0.2    0.8       5.053   24.9   0b1111111111111111    20190521T111533458209
14     150     2.3730      0.0       0.0     0.1077      0.4    0.8      22.023   24.9   0b1111111111111111    20190521T111533458344
15     150     2.3551      0.2       0.8     0.4693      0.2    0.8       5.019   24.9   0b1111111111111111    20190521T111533458492
 0     140     2.3430      0.0       0.0     0.1062      0.4    0.8      22.069   25.0   0b1111111111111111    20190521T111536904354
 1     140     2.3280      0.0       0.0     0.4600      0.0    0.0       5.061   25.0   0b1111111111111111    20190521T111536904787
 2     140     2.3340      0.0       0.0     0.1042      0.2    0.8      22.388   25.0   0b1111111111111111    20190521T111536905101
 3     140     2.3366      0.4       0.8     0.4600      0.0    0.0       5.080   25.0   0b1111111111111111    20190521T111536905422
 4     140     2.3250      0.0       0.0     0.1068      0.2    0.8      21.780   25.0   0b1111111111111111    20190521T111536905718
 5     140     2.3100      0.0       0.0     0.4575      0.0    0.0       5.049   25.0   0b1111111111111111    20190521T111536906007
 6     140     2.3115      0.0       0.0     0.1050      0.0    0.0      22.014   25.0   0b1111111111111111    20190521T111536906290
 7     140     2.3167      0.0       0.0     0.4600      0.0    0.0       5.036   25.0   0b1111111111111111    20190521T111536906591
 8     140     2.3295      0.0       0.0     0.1075      0.0    0.0      21.670   25.0   0b1111111111111111    20190521T111536906885
 9     140     2.3333      0.0       0.0     0.4631      0.4    0.8       5.039   25.0   0b1111111111111111    20190521T111536907225
10     140     2.3312      0.3       0.7     0.1064      0.4    0.8      21.907   25.0   0b1111111111111111    20190521T111536907551
11     140     2.3137      0.0       0.0     0.4597      0.4    0.8       5.034   25.0   0b1111111111111111    20190521T111536907692
12     140     2.3123      0.2       0.7     0.1040      0.3    0.8      22.234   25.0   0b1111111111111111    20190521T111536907830
13     140     2.3190      0.0       0.0     0.4591      0.3    0.8       5.051   25.0   0b1111111111111111    20190521T111536907967
14     140     2.3248      0.3       0.8     0.1058      0.0    0.0      21.967   25.0   0b1111111111111111    20190521T111536908104
15     140     2.3075      0.3       0.8     0.4595      0.4    0.8       5.022   25.0   0b1111111111111111    20190521T111536908241
 0     130     2.2935      0.0       0.0     0.1039      0.4    0.8      22.071   25.0   0b1111111111111111    20190521T111540361620
 1     130     2.2786      0.2       0.8     0.4501      0.3    0.8       5.063   25.0   0b1111111111111111    20190521T111540362040
 2     130     2.2852      0.2       0.8     0.1018      0.3    0.8      22.440   25.0   0b1111111111111111    20190521T111540362383
 3     130     2.2875      0.0       0.0     0.4501      0.3    0.8       5.082   25.0   0b1111111111111111    20190521T111540362760
 4     130     2.2763      0.0       0.0     0.1050      0.0    0.0      21.679   25.0   0b1111111111111111    20190521T111540363062
 5     130     2.2620      0.0       0.0     0.4475      0.0    0.0       5.055   25.0   0b1111111111111111    20190521T111540363350
 6     130     2.2635      0.0       0.0     0.1025      0.0    0.0      22.083   25.0   0b1111111111111111    20190521T111540363691
 7     130     2.2687      0.2       0.8     0.4502      0.3    0.8       5.040   25.0   0b1111111111111111    20190521T111540363982
 8     130     2.2808      0.0       0.0     0.1054      0.4    0.8      21.636   25.0   0b1111111111111111    20190521T111540364267
 9     130     2.2845      0.0       0.0     0.4533      0.0    0.0       5.039   25.0   0b1111111111111111    20190521T111540364608
10     130     2.2823      0.0       0.0     0.1040      0.3    0.8      21.945   25.0   0b1111111111111111    20190521T111540364895
11     130     2.2653      0.4       0.8     0.4500      0.0    0.0       5.034   25.0   0b1111111111111111    20190521T111540365176
12     130     2.2648      0.3       0.7     0.1017      0.0    0.0      22.276   25.0   0b1111111111111111    20190521T111540365456
13     130     2.2710      0.0       0.0     0.4492      0.0    0.0       5.056   25.0   0b1111111111111111    20190521T111540365785
14     130     2.2770      0.0       0.0     0.1034      0.2    0.8      22.018   25.0   0b1111111111111111    20190521T111540366066
15     130     2.2597      0.0       0.0     0.4500      0.0    0.0       5.022   25.0   0b1111111111111111    20190521T111540366343
 0     120     2.2447      0.0       0.0     0.1017      0.0    0.0      22.080   25.0   0b1111111111111111    20190521T111543814064
 1     120     2.2297      0.0       0.0     0.4405      0.4    0.8       5.062   25.0   0b1111111111111111    20190521T111543814466
 2     120     2.2365      0.0       0.0     0.0998      0.3    0.8      22.402   25.0   0b1111111111111111    20190521T111543814805
 3     120     2.2388      0.0       0.0     0.4406      0.4    0.8       5.081   25.0   0b1111111111111111    20190521T111543815104
 4     120     2.2290      0.0       0.0     0.1025      0.0    0.0      21.746   25.0   0b1111111111111111    20190521T111543815393
 5     120     2.2140      0.0       0.0     0.4383      0.0    0.0       5.051   25.0   0b1111111111111111    20190521T111543815701
 6     120     2.2155      0.0       0.0     0.1001      0.2    0.8      22.137   25.0   0b1111111111111111    20190521T111543815986
 7     120     2.2202      0.3       0.7     0.4408      0.0    0.0       5.036   25.0   0b1111111111111111    20190521T111543816280
 8     120     2.2320      0.0       0.0     0.1033      0.2    0.8      21.617   25.0   0b1111111111111111    20190521T111543816560
 9     120     2.2357      0.0       0.0     0.4434      0.2    0.8       5.042   25.0   0b1111111111111111    20190521T111543816914
10     120     2.2342      0.0       0.0     0.1017      0.0    0.0      21.976   25.0   0b1111111111111111    20190521T111543817215
11     120     2.2170      0.0       0.0     0.4403      0.4    0.8       5.035   25.0   0b1111111111111111    20190521T111543817497
12     120     2.2168      0.3       0.8     0.0993      0.3    0.8      22.317   25.0   0b1111111111111111    20190521T111543817812
13     120     2.2237      0.0       0.0     0.4400      0.0    0.0       5.054   25.0   0b1111111111111111    20190521T111543817950
14     120     2.2290      0.0       0.0     0.1012      0.4    0.8      22.033   25.0   0b1111111111111111    20190521T111543818086
15     120     2.2117      0.0       0.0     0.4406      0.4    0.8       5.020   25.0   0b1111111111111111    20190521T111543818221
 0     110     2.1978      0.4       0.8     0.0993      0.2    0.8      22.144   25.0   0b1111111111111111    20190521T111547263631
 1     110     2.1833      0.0       0.0     0.4310      0.3    0.8       5.066   25.0   0b1111111111111111    20190521T111547264069
 2     110     2.1893      0.0       0.0     0.0975      0.0    0.0      22.454   25.0   0b1111111111111111    20190521T111547264386
 3     110     2.1923      0.0       0.0     0.4310      0.3    0.8       5.086   25.0   0b1111111111111111    20190521T111547264713
 4     110     2.1825      0.0       0.0     0.1001      0.2    0.8      21.807   25.0   0b1111111111111111    20190521T111547265009
 5     110     2.1683      0.0       0.0     0.4290      0.3    0.8       5.054   25.0   0b1111111111111111    20190521T111547265298
 6     110     2.1697      0.2       0.7     0.0982      0.2    0.8      22.083   25.0   0b1111111111111111    20190521T111547265584
 7     110     2.1743      0.0       0.0     0.4317      0.0    0.0       5.037   25.0   0b1111111111111111    20190521T111547265889
 8     110     2.1855      0.0       0.0     0.1008      0.0    0.0      21.674   25.0   0b1111111111111111    20190521T111547266173
 9     110     2.1893      0.2       0.7     0.4343      0.2    0.8       5.042   25.0   0b1111111111111111    20190521T111547266455
10     110     2.1878      0.0       0.0     0.0993      0.3    0.8      22.024   25.0   0b1111111111111111    20190521T111547266797
11     110     2.1712      0.2       0.7     0.4314      0.4    0.8       5.033   25.0   0b1111111111111111    20190521T111547267086
12     110     2.1698      0.2       0.8     0.0974      0.2    0.8      22.274   25.0   0b1111111111111111    20190521T111547267365
13     110     2.1773      0.0       0.0     0.4307      0.3    0.8       5.056   25.0   0b1111111111111111    20190521T111547267679
14     110     2.1825      0.0       0.0     0.0992      0.0    0.0      22.008   25.0   0b1111111111111111    20190521T111547267889
15     110     2.1652      0.0       0.0     0.4311      0.4    0.8       5.023   25.0   0b1111111111111111    20190521T111547268026
 0     100     2.1488      0.0       0.0     0.0969      0.4    0.8      22.171   25.0   0b1111111111111111    20190521T111550733278
 1     100     2.1345      0.0       0.0     0.4215      0.3    0.8       5.064   25.0   0b1111111111111111    20190521T111550733774
 2     100     2.1406      0.2       0.8     0.0950      0.0    0.0      22.532   25.0   0b1111111111111111    20190521T111550734096
 3     100     2.1433      0.3       0.8     0.4215      0.3    0.8       5.085   25.0   0b1111111111111111    20190521T111550734394
 4     100     2.1337      0.0       0.0     0.0982      0.2    0.8      21.718   25.0   0b1111111111111111    20190521T111550734742
 5     100     2.1196      0.3       0.8     0.4192      0.0    0.0       5.057   25.0   0b1111111111111111    20190521T111550735036
 6     100     2.1210      0.0       0.0     0.0958      0.3    0.8      22.151   25.0   0b1111111111111111    20190521T111550735332
 7     100     2.1259      0.4       0.8     0.4218      0.3    0.8       5.041   25.0   0b1111111111111111    20190521T111550735673
 8     100     2.1367      0.0       0.0     0.0984      0.3    0.8      21.711   25.0   0b1111111111111111    20190521T111550735960
 9     100     2.1412      0.0       0.0     0.4247      0.4    0.8       5.042   25.0   0b1111111111111111    20190521T111550736240
10     100     2.1391      0.2       0.8     0.0973      0.4    0.8      21.996   25.0   0b1111111111111111    20190521T111550736556
11     100     2.1225      0.0       0.0     0.4216      0.2    0.8       5.035   25.0   0b1111111111111111    20190521T111550736859
12     100     2.1210      0.0       0.0     0.0950      0.0    0.0      22.326   25.0   0b1111111111111111    20190521T111550737138
13     100     2.1284      0.2       0.8     0.4208      0.0    0.0       5.058   25.0   0b1111111111111111    20190521T111550737417
14     100     2.1330      0.0       0.0     0.0967      0.0    0.0      22.066   25.0   0b1111111111111111    20190521T111550737704
15     100     2.1159      0.3       0.8     0.4213      0.4    0.8       5.023   25.0   0b1111111111111111    20190521T111550737842
 0      90     2.0993      0.0       0.0     0.0948      0.3    0.8      22.136   25.0   0b1111111111111111    20190521T111554200516
 1      90     2.0852      0.3       0.8     0.4117      0.0    0.0       5.065   25.0   0b1111111111111111    20190521T111554200996
 2      90     2.0916      0.3       0.8     0.0928      0.4    0.8      22.551   25.0   0b1111111111111111    20190521T111554201318
 3      90     2.0940      0.0       0.0     0.4117      0.0    0.0       5.087   25.0   0b1111111111111111    20190521T111554201620
 4      90     2.0850      0.0       0.0     0.0957      0.3    0.8      21.794   25.0   0b1111111111111111    20190521T111554201936
 5      90     2.0707      0.0       0.0     0.4094      0.4    0.8       5.058   25.0   0b1111111111111111    20190521T111554202225
 6      90     2.0715      0.0       0.0     0.0933      0.0    0.0      22.195   25.0   0b1111111111111111    20190521T111554202511
 7      90     2.0764      0.4       0.8     0.4120      0.4    0.8       5.040   25.0   0b1111111111111111    20190521T111554202815
 8      90     2.0888      0.0       0.0     0.0963      0.4    0.8      21.683   25.0   0b1111111111111111    20190521T111554203099
 9      90     2.0925      0.0       0.0     0.4150      0.0    0.0       5.042   25.0   0b1111111111111111    20190521T111554203382
10      90     2.0910      0.0       0.0     0.0950      0.0    0.0      22.011   25.0   0b1111111111111111    20190521T111554203735
11      90     2.0739      0.3       0.8     0.4118      0.3    0.8       5.036   25.0   0b1111111111111111    20190521T111554204022
12      90     2.0721      0.3       0.8     0.0927      0.3    0.8      22.361   25.0   0b1111111111111111    20190521T111554204302
13      90     2.0790      0.0       0.0     0.4108      0.0    0.0       5.060   25.0   0b1111111111111111    20190521T111554204582
14      90     2.0837      0.3       0.8     0.0942      0.0    0.0      22.127   25.0   0b1111111111111111    20190521T111554204888
15      90     2.0670      0.0       0.0     0.4115      0.3    0.8       5.023   25.0   0b1111111111111111    20190521T111554205169
 0      80     2.0490      0.0       0.0     0.0924      0.2    0.8      22.171   25.0   0b1111111111111111    20190521T111557671887
 1      80     2.0355      0.0       0.0     0.4017      0.0    0.0       5.068   25.0   0b1111111111111111    20190521T111557672296
 2      80     2.0415      0.0       0.0     0.0904      0.4    0.8      22.579   25.0   0b1111111111111111    20190521T111557672645
 3      80     2.0437      0.0       0.0     0.4017      0.0    0.0       5.088   25.0   0b1111111111111111    20190521T111557672947
 4      80     2.0347      0.0       0.0     0.0933      0.0    0.0      21.801   25.0   0b1111111111111111    20190521T111557673238
 5      80     2.0205      0.0       0.0     0.3996      0.4    0.8       5.057   25.0   0b1111111111111111    20190521T111557673562
 6      80     2.0212      0.0       0.0     0.0908      0.0    0.0      22.252   25.0   0b1111111111111111    20190521T111557673850
 7      80     2.0263      0.3       0.8     0.4018      0.3    0.8       5.043   25.0   0b1111111111111111    20190521T111557674131
 8      80     2.0392      0.0       0.0     0.0940      0.3    0.8      21.694   25.0   0b1111111111111111    20190521T111557674486
 9      80     2.0430      0.0       0.0     0.4050      0.0    0.0       5.044   25.0   0b1111111111111111    20190521T111557674778
10      80     2.0415      0.0       0.0     0.0925      0.0    0.0      22.070   25.0   0b1111111111111111    20190521T111557675058
11      80     2.0242      0.0       0.0     0.4019      0.4    0.8       5.036   25.0   0b1111111111111111    20190521T111557675339
12      80     2.0206      0.2       0.7     0.0901      0.2    0.8      22.430   25.0   0b1111111111111111    20190521T111557675642
13      80     2.0272      0.0       0.0     0.4008      0.0    0.0       5.058   25.0   0b1111111111111111    20190521T111557675921
14      80     2.0325      0.0       0.0     0.0918      0.3    0.8      22.132   25.0   0b1111111111111111    20190521T111557676201
15      80     2.0160      0.0       0.0     0.4013      0.4    0.8       5.024   25.0   0b1111111111111111    20190521T111557676501
 0      70     1.9988      0.0       0.0     0.0901      0.2    0.8      22.188   25.0   0b1111111111111111    20190521T111601126897
 1      70     1.9841      0.4       0.8     0.3917      0.0    0.0       5.066   25.0   0b1111111111111111    20190521T111601127301
 2      70     1.9905      0.0       0.0     0.0882      0.3    0.8      22.577   25.0   0b1111111111111111    20190521T111601127649
 3      70     1.9935      0.0       0.0     0.3917      0.0    0.0       5.090   25.0   0b1111111111111111    20190521T111601127949
 4      70     1.9838      0.0       0.0     0.0908      0.0    0.0      21.839   25.0   0b1111111111111111    20190521T111601128238
 5      70     1.9697      0.3       0.8     0.3892      0.0    0.0       5.061   25.0   0b1111111111111111    20190521T111601128546
 6      70     1.9708      0.3       0.8     0.0883      0.0    0.0      22.311   25.0   0b1111111111111111    20190521T111601128830
 7      70     1.9755      0.0       0.0     0.3918      0.3    0.8       5.042   25.0   0b1111111111111111    20190521T111601129112
 8      70     1.9890      0.0       0.0     0.0917      0.0    0.0      21.698   25.0   0b1111111111111111    20190521T111601129408
 9      70     1.9928      0.0       0.0     0.3951      0.2    0.8       5.044   25.0   0b1111111111111111    20190521T111601129693
10      70     1.9913      0.0       0.0     0.0901      0.2    0.8      22.105   25.0   0b1111111111111111    20190521T111601129975
11      70     1.9748      0.0       0.0     0.3921      0.4    0.8       5.037   25.0   0b1111111111111111    20190521T111601130307
12      70     1.9700      0.4       0.8     0.0879      0.4    0.8      22.407   25.0   0b1111111111111111    20190521T111601130613
13      70     1.9763      0.0       0.0     0.3907      0.3    0.8       5.058   25.0   0b1111111111111111    20190521T111601130943
14      70     1.9815      0.0       0.0     0.0894      0.4    0.8      22.160   25.0   0b1111111111111111    20190521T111601131231
15      70     1.9650      0.0       0.0     0.3909      0.3    0.8       5.027   25.0   0b1111111111111111    20190521T111601131531
 0      60     1.9451      0.4       0.8     0.0875      0.0    0.0      22.230   25.0   0b1111111111111111    20190521T111604582807
 1      60     1.9320      0.0       0.0     0.3809      0.2    0.8       5.072   25.0   0b1111111111111111    20190521T111604583212
 2      60     1.9376      0.4       0.7     0.0854      0.4    0.8      22.684   25.0   0b1111111111111111    20190521T111604583549
 3      60     1.9418      0.0       0.0     0.3813      0.4    0.8       5.092   25.0   0b1111111111111111    20190521T111604583847
 4      60     1.9320      0.0       0.0     0.0884      0.2    0.8      21.851   25.0   0b1111111111111111    20190521T111604584147
 5      60     1.9185      0.0       0.0     0.3792      0.0    0.0       5.060   25.0   0b1111111111111111    20190521T111604584455
 6      60     1.9200      0.0       0.0     0.0861      0.4    0.8      22.304   25.0   0b1111111111111111    20190521T111604584740
 7      60     1.9245      0.0       0.0     0.3817      0.0    0.0       5.042   25.0   0b1111111111111111    20190521T111604585020
 8      60     1.9378      0.3       0.7     0.0892      0.0    0.0      21.733   25.0   0b1111111111111111    20190521T111604585298
 9      60     1.9410      0.0       0.0     0.3849      0.3    0.8       5.043   25.0   0b1111111111111111    20190521T111604585597
10      60     1.9395      0.0       0.0     0.0875      0.0    0.0      22.166   25.0   0b1111111111111111    20190521T111604585895
11      60     1.9230      0.0       0.0     0.3817      0.0    0.0       5.038   25.0   0b1111111111111111    20190521T111604586199
12      60     1.9187      0.3       0.7     0.0855      0.4    0.8      22.441   25.0   0b1111111111111111    20190521T111604586506
13      60     1.9260      0.0       0.0     0.3807      0.3    0.8       5.060   25.0   0b1111111111111111    20190521T111604586788
14      60     1.9304      0.2       0.8     0.0869      0.4    0.8      22.210   25.0   0b1111111111111111    20190521T111604587071
15      60     1.9142      0.3       0.8     0.3808      0.0    0.0       5.026   25.0   0b1111111111111111    20190521T111604587349
 0      50     1.8929      0.2       0.8     0.0851      0.2    0.8      22.248   25.0   0b1111111111111111    20190521T111608036276
 1      50     1.8795      0.0       0.0     0.3708      0.0    0.0       5.068   25.0   0b1111111111111111    20190521T111608036740
 2      50     1.8854      0.2       0.8     0.0830      0.4    0.8      22.716   25.0   0b1111111111111111    20190521T111608037053
 3      50     1.8893      0.0       0.0     0.3708      0.0    0.0       5.095   25.0   0b1111111111111111    20190521T111608037365
 4      50     1.8803      0.0       0.0     0.0859      0.2    0.8      21.885   25.0   0b1111111111111111    20190521T111608037689
 5      50     1.8675      0.0       0.0     0.3690      0.3    0.8       5.061   25.0   0b1111111111111111    20190521T111608037832
 6      50     1.8690      0.0       0.0     0.0838      0.4    0.8      22.316   25.0   0b1111111111111111    20190521T111608037971
 7      50     1.8729      0.3       0.8     0.3716      0.3    0.8       5.040   25.0   0b1111111111111111    20190521T111608038109
 8      50     1.8855      0.0       0.0     0.0867      0.0    0.0      21.756   25.0   0b1111111111111111    20190521T111608038247
 9      50     1.8890      0.3       0.8     0.3742      0.0    0.0       5.049   25.0   0b1111111111111111    20190521T111608038384
10      50     1.8878      0.0       0.0     0.0852      0.3    0.8      22.165   25.0   0b1111111111111111    20190521T111608038543
11      50     1.8715      0.4       0.8     0.3717      0.0    0.0       5.036   25.0   0b1111111111111111    20190521T111608038687
12      50     1.8683      0.0       0.0     0.0833      0.2    0.8      22.441   25.0   0b1111111111111111    20190521T111608038823
13      50     1.8749      0.2       0.8     0.3706      0.4    0.8       5.059   25.0   0b1111111111111111    20190521T111608038960
14      50     1.8793      0.3       0.8     0.0845      0.4    0.8      22.240   25.0   0b1111111111111111    20190521T111608039096
15      50     1.8638      0.0       0.0     0.3707      0.3    0.8       5.028   25.0   0b1111111111111111    20190521T111608039232
 0      40     1.8397      0.0       0.0     0.0825      0.0    0.0      22.300   25.0   0b1111111111111111    20190521T111611508204
 1      40     1.8272      0.3       0.8     0.3605      0.4    0.8       5.069   25.0   0b1111111111111111    20190521T111611508711
 2      40     1.8328      0.3       0.8     0.0806      0.4    0.8      22.744   25.0   0b1111111111111111    20190521T111611509043
 3      40     1.8367      0.2       0.8     0.3602      0.3    0.8       5.100   25.0   0b1111111111111111    20190521T111611509338
 4      40     1.8291      0.3       0.8     0.0834      0.2    0.8      21.927   25.0   0b1111111111111111    20190521T111611509682
 5      40     1.8165      0.0       0.0     0.3590      0.3    0.8       5.060   25.0   0b1111111111111111    20190521T111611509975
 6      40     1.8178      0.3       0.8     0.0814      0.4    0.8      22.327   25.0   0b1111111111111111    20190521T111611510258
 7      40     1.8218      0.0       0.0     0.3612      0.4    0.8       5.043   25.0   0b1111111111111111    20190521T111611510593
 8      40     1.8330      0.0       0.0     0.0842      0.0    0.0      21.778   25.0   0b1111111111111111    20190521T111611510887
 9      40     1.8367      0.0       0.0     0.3642      0.0    0.0       5.044   25.0   0b1111111111111111    20190521T111611511169
10      40     1.8352      0.0       0.0     0.0827      0.3    0.8      22.201   25.0   0b1111111111111111    20190521T111611511447
11      40     1.8202      0.2       0.8     0.3611      0.4    0.8       5.041   25.0   0b1111111111111111    20190521T111611511772
12      40     1.8173      0.0       0.0     0.0808      0.0    0.0      22.481   25.0   0b1111111111111111    20190521T111611512055
13      40     1.8239      0.2       0.8     0.3602      0.4    0.8       5.063   25.0   0b1111111111111111    20190521T111611512355
14      40     1.8278      0.0       0.0     0.0824      0.2    0.8      22.177   25.0   0b1111111111111111    20190521T111611512694
15      40     1.8128      0.0       0.0     0.3606      0.4    0.8       5.027   25.0   0b1111111111111111    20190521T111611512979
 0      30     1.7882      0.3       0.8     0.0800      0.0    0.0      22.353   25.0   0b1111111111111111    20190521T111614990718
 1      30     1.7768      0.0       0.0     0.3501      0.3    0.8       5.075   25.0   0b1111111111111111    20190521T111614991141
 2      30     1.7820      0.0       0.0     0.0783      0.0    0.0      22.749   25.0   0b1111111111111111    20190521T111614991482
 3      30     1.7854      0.4       0.7     0.3500      0.0    0.0       5.101   25.0   0b1111111111111111    20190521T111614991782
 4      30     1.7790      0.0       0.0     0.0813      0.4    0.8      21.873   25.0   0b1111111111111111    20190521T111614992071
 5      30     1.7662      0.0       0.0     0.3486      0.4    0.8       5.067   25.0   0b1111111111111111    20190521T111614992356
 6      30     1.7670      0.0       0.0     0.0791      0.2    0.8      22.344   25.0   0b1111111111111111    20190521T111614992662
 7      30     1.7715      0.0       0.0     0.3512      0.4    0.8       5.045   25.0   0b1111111111111111    20190521T111614992943
 8      30     1.7828      0.0       0.0     0.0817      0.0    0.0      21.830   25.0   0b1111111111111111    20190521T111614993222
 9      30     1.7850      0.0       0.0     0.3535      0.3    0.8       5.050   25.0   0b1111111111111111    20190521T111614993576
10      30     1.7838      0.4       0.8     0.0801      0.2    0.8      22.274   25.0   0b1111111111111111    20190521T111614993925
11      30     1.7686      0.2       0.7     0.3509      0.3    0.8       5.040   25.0   0b1111111111111111    20190521T111614994214
12      30     1.7677      0.2       0.8     0.0783      0.0    0.0      22.566   25.0   0b1111111111111111    20190521T111614994520
13      30     1.7745      0.0       0.0     0.3508      0.3    0.8       5.059   25.0   0b1111111111111111    20190521T111614994855
14      30     1.7782      0.0       0.0     0.0800      0.0    0.0      22.228   25.0   0b1111111111111111    20190521T111614995181
15      30     1.7640      0.0       0.0     0.3508      0.0    0.0       5.028   25.0   0b1111111111111111    20190521T111614995486
 0      20     1.7367      0.4       0.8     0.0777      0.3    0.8      22.361   25.0   0b1111111111111111    20190521T111618447262
 1      20     1.7258      0.0       0.0     0.3400      0.0    0.0       5.076   25.0   0b1111111111111111    20190521T111618447706
 2      20     1.7307      0.4       0.8     0.0758      0.0    0.0      22.822   25.0   0b1111111111111111    20190521T111618448022
 3      20     1.7340      0.0       0.0     0.3400      0.0    0.0       5.100   25.0   0b1111111111111111    20190521T111618448323
 4      20     1.7288      0.0       0.0     0.0790      0.3    0.8      21.883   25.0   0b1111111111111111    20190521T111618448639
 5      20     1.7160      0.0       0.0     0.3386      0.4    0.8       5.068   25.0   0b1111111111111111    20190521T111618449049
 6      20     1.7167      0.0       0.0     0.0767      0.0    0.0      22.392   25.0   0b1111111111111111    20190521T111618449346
 7      20     1.7212      0.0       0.0     0.3409      0.2    0.8       5.049   25.0   0b1111111111111111    20190521T111618449657
 8      20     1.7315      0.4       0.7     0.0793      0.2    0.8      21.848   25.0   0b1111111111111111    20190521T111618449943
 9      20     1.7340      0.0       0.0     0.3433      0.0    0.0       5.050   25.0   0b1111111111111111    20190521T111618450227
10      20     1.7325      0.0       0.0     0.0782      0.3    0.8      22.164   25.0   0b1111111111111111    20190521T111618450574
11      20     1.7182      0.2       0.8     0.3408      0.0    0.0       5.041   25.0   0b1111111111111111    20190521T111618450859
12      20     1.7175      0.0       0.0     0.0760      0.3    0.8      22.599   25.0   0b1111111111111111    20190521T111618451186
13      20     1.7243      0.0       0.0     0.3407      0.2    0.8       5.060   25.0   0b1111111111111111    20190521T111618451496
14      20     1.7280      0.0       0.0     0.0775      0.0    0.0      22.297   25.0   0b1111111111111111    20190521T111618451779
15      20     1.7138      0.0       0.0     0.3408      0.0    0.0       5.028   25.0   0b1111111111111111    20190521T111618452057
 0      10     1.6852      0.0       0.0     0.0751      0.2    0.8      22.445   25.0   0b1111111111111111    20190521T111621904951
 1      10     1.6740      0.0       0.0     0.3300      0.0    0.0       5.073   25.0   0b1111111111111111    20190521T111621905362
 2      10     1.6793      0.0       0.0     0.0733      0.0    0.0      22.899   25.0   0b1111111111111111    20190521T111621905715
 3      10     1.6822      0.0       0.0     0.3298      0.4    0.8       5.102   25.0   0b1111111111111111    20190521T111621906013
 4      10     1.6778      0.2       0.8     0.0766      0.2    0.8      21.908   25.0   0b1111111111111111    20190521T111621906301
 5      10     1.6657      0.0       0.0     0.3284      0.2    0.8       5.072   25.0   0b1111111111111111    20190521T111621906609
 6      10     1.6665      0.0       0.0     0.0742      0.0    0.0      22.470   25.0   0b1111111111111111    20190521T111621906893
 7      10     1.6708      0.3       0.8     0.3310      0.3    0.8       5.048   25.0   0b1111111111111111    20190521T111621907225
 8      10     1.6800      0.0       0.0     0.0771      0.4    0.8      21.795   25.0   0b1111111111111111    20190521T111621907549
 9      10     1.6829      0.2       0.8     0.3333      0.0    0.0       5.049   25.0   0b1111111111111111    20190521T111621907688
10      10     1.6815      0.0       0.0     0.0756      0.4    0.8      22.247   25.0   0b1111111111111111    20190521T111621907824
11      10     1.6672      0.0       0.0     0.3308      0.0    0.0       5.040   25.0   0b1111111111111111    20190521T111621907960
12      10     1.6678      0.3       0.8     0.0739      0.4    0.8      22.563   25.0   0b1111111111111111    20190521T111621908096
13      10     1.6745      0.3       0.8     0.3307      0.2    0.8       5.063   25.0   0b1111111111111111    20190521T111621908231
14      10     1.6778      0.0       0.0     0.0750      0.0    0.0      22.370   25.0   0b1111111111111111    20190521T111621908366
15      10     1.6643      0.0       0.0     0.3308      0.0    0.0       5.030   25.0   0b1111111111111111    20190521T111621908513
 0       0     1.6335      0.0       0.0     0.0728      0.4    0.8      22.454   25.0   0b1111111111111111    20190521T111625352956
 1       0     1.6230      0.0       0.0     0.3198      0.3    0.8       5.075   25.0   0b1111111111111111    20190521T111625353383
 2       0     1.6282      0.0       0.0     0.0708      0.0    0.0      22.987   25.0   0b1111111111111111    20190521T111625353728
 3       0     1.6313      0.0       0.0     0.3192      0.0    0.0       5.111   25.0   0b1111111111111111    20190521T111625354033
 4       0     1.6275      0.0       0.0     0.0742      0.0    0.0      21.944   25.0   0b1111111111111111    20190521T111625354325
 5       0     1.6161      0.3       0.8     0.3185      0.3    0.8       5.074   25.0   0b1111111111111111    20190521T111625354612
 6       0     1.6163      0.0       0.0     0.0717      0.0    0.0      22.552   25.0   0b1111111111111111    20190521T111625354919
 7       0     1.6204      0.4       0.7     0.3208      0.0    0.0       5.051   25.0   0b1111111111111111    20190521T111625355256
 8       0     1.6290      0.0       0.0     0.0748      0.4    0.8      21.793   25.0   0b1111111111111111    20190521T111625355545
 9       0     1.6317      0.4       0.8     0.3232      0.3    0.8       5.049   25.0   0b1111111111111111    20190521T111625355847
10       0     1.6305      0.0       0.0     0.0731      0.4    0.8      22.310   25.0   0b1111111111111111    20190521T111625356131
11       0     1.6170      0.0       0.0     0.3208      0.0    0.0       5.040   25.0   0b1111111111111111    20190521T111625356412
12       0     1.6178      0.0       0.0     0.0716      0.2    0.8      22.600   25.0   0b1111111111111111    20190521T111625356722
13       0     1.6238      0.2       0.8     0.3205      0.4    0.8       5.067   25.0   0b1111111111111111    20190521T111625357003
14       0     1.6278      0.4       0.8     0.0726      0.2    0.8      22.427   25.0   0b1111111111111111    20190521T111625357281
15       0     1.6148      0.0       0.0     0.3208      0.0    0.0       5.033   25.0   0b1111111111111111    20190521T111625357559
