CH# Vset[DAC]   V[V]    dVRMS[mV] dVpp[mV]    I[A]  dIRMS[mA] dIpp[mA]   R[ohm]   T[C]   State                Timestamp
 0     250     2.8780      0.3       0.8     0.5633      3.2   10.8       5.109   23.8   0b1111111111111111    20190412T161432423170
 1     250     2.7002      0.7       2.3     2.5550      0.6    1.7       1.057   23.8   0b1111111111111111    20190412T161432423674
 2     250     2.8610      0.3       0.7     0.5627      1.8    5.8       5.085   23.8   0b1111111111111111    20190412T161432423985
 3     250     2.6951      0.6       2.3     2.5484      0.6    1.7       1.058   23.8   0b1111111111111111    20190412T161432424279
 4     250     2.8568      0.2       0.8     0.5659      2.2    7.5       5.048   23.8   0b1111111111111111    20190412T161432424633
 5     250     2.7010      0.8       2.3     2.5581      0.8    1.7       1.056   23.8   0b1111111111111111    20190412T161432424776
 6     250     2.8845      0.0       0.0     0.5737      1.7    5.0       5.027   23.8   0b1111111111111111    20190412T161432424915
 7     250     2.6985      0.8       2.3     2.5558      0.6    1.7       1.056   23.8   0b1111111111111111    20190412T161432425053
 8     250     2.8627      0.0       0.0     0.5606      2.6   10.0       5.107   23.8   0b1111111111111111    20190412T161432425189
 9     250     2.7043      0.6       1.5     2.5542      0.7    2.5       1.059   23.8   0b1111111111111111    20190412T161432425327
10     250     2.8553      0.0       0.0     0.5621      1.8    5.0       5.080   23.8   0b1111111111111111    20190412T161432425463
11     250     2.7047      0.7       2.2     2.5801      0.6    1.7       1.048   23.8   0b1111111111111111    20190412T161432425630
12     250     2.8568      0.0       0.0     0.5635      1.4    3.3       5.070   23.8   0b1111111111111111    20190412T161432425767
13     250     2.7116      0.8       2.3     2.5460      0.9    3.3       1.065   23.8   0b1111111111111111    20190412T161432425903
14     250     2.8725      0.0       0.0     0.5645      1.7    5.0       5.089   23.8   0b1111111111111111    20190412T161432426039
15     250     2.6699      0.9       3.0     2.5241      0.8    2.5       1.058   23.8   0b1111111111111111    20190412T161432426174
 0     240     2.8346      0.4       0.8     0.5550      1.2    4.2       5.107   23.9   0b1111111111111111    20190412T161435893394
 1     240     2.6944      0.4       0.8     2.5493      0.4    1.7       1.057   23.9   0b1111111111111111    20190412T161435893777
 2     240     2.8153      0.3       0.8     0.5547      0.9    2.5       5.076   23.9   0b1111111111111111    20190412T161435894074
 3     240     2.6899      0.4       0.8     2.5440      0.5    1.7       1.057   23.9   0b1111111111111111    20190412T161435894403
 4     240     2.8109      0.3       0.8     0.5577      1.0    3.3       5.040   23.9   0b1111111111111111    20190412T161435894547
 5     240     2.6957      0.3       0.8     2.5528      0.5    1.7       1.056   23.9   0b1111111111111111    20190412T161435894686
 6     240     2.8433      0.0       0.0     0.5645      1.5    5.8       5.037   23.9   0b1111111111111111    20190412T161435894824
 7     240     2.6944      0.4       0.8     2.5520      0.8    2.5       1.056   23.9   0b1111111111111111    20190412T161435894962
 8     240     2.8165      0.3       0.8     0.5524      0.8    2.5       5.098   23.9   0b1111111111111111    20190412T161435895099
 9     240     2.6973      0.4       0.8     2.5481      0.5    1.7       1.059   23.9   0b1111111111111111    20190412T161435895253
10     240     2.8088      0.0       0.0     0.5528      1.2    4.2       5.081   23.9   0b1111111111111111    20190412T161435895399
11     240     2.6983      0.5       1.5     2.5743      0.5    1.7       1.048   23.9   0b1111111111111111    20190412T161435895535
12     240     2.8102      0.2       0.8     0.5533      1.1    3.3       5.079   23.9   0b1111111111111111    20190412T161435895670
13     240     2.7057      0.5       1.5     2.5406      0.7    1.7       1.065   23.9   0b1111111111111111    20190412T161435895805
14     240     2.8268      0.0       0.0     0.5557      1.7    5.8       5.087   23.9   0b1111111111111111    20190412T161435895950
15     240     2.6662      0.5       1.5     2.5207      0.5    1.7       1.058   23.9   0b1111111111111111    20190412T161435896086
 0     230     2.7871      0.2       0.7     0.5458      0.5    1.7       5.106   24.1   0b1111111111111111    20190412T161439362474
 1     230     2.6857      0.0       0.0     2.5413      0.4    0.8       1.057   24.1   0b1111111111111111    20190412T161439362863
 2     230     2.7683      0.0       0.0     0.5449      0.4    1.7       5.080   24.1   0b1111111111111111    20190412T161439363163
 3     230     2.6830      0.3       0.8     2.5373      0.3    0.8       1.057   24.1   0b1111111111111111    20190412T161439363522
 4     230     2.7630      0.0       0.0     0.5487      0.8    2.5       5.036   24.1   0b1111111111111111    20190412T161439363819
 5     230     2.6880      0.0       0.0     2.5457      0.6    1.7       1.056   24.1   0b1111111111111111    20190412T161439364109
 6     230     2.7967      0.0       0.0     0.5548      1.5    5.8       5.041   24.1   0b1111111111111111    20190412T161439364417
 7     230     2.6889      0.3       0.7     2.5472      0.4    0.8       1.056   24.1   0b1111111111111111    20190412T161439364558
 8     230     2.7697      0.0       0.0     0.5432      0.8    3.3       5.099   24.1   0b1111111111111111    20190412T161439364694
 9     230     2.6872      0.3       1.5     2.5384      0.6    1.7       1.059   24.1   0b1111111111111111    20190412T161439364831
10     230     2.7617      0.3       0.7     0.5427      0.5    1.7       5.089   24.1   0b1111111111111111    20190412T161439364967
11     230     2.6889      0.3       0.7     2.5656      0.4    0.8       1.048   24.1   0b1111111111111111    20190412T161439365102
12     230     2.7627      0.4       0.8     0.5451      0.7    2.5       5.068   24.1   0b1111111111111111    20190412T161439365258
13     230     2.6972      0.3       0.8     2.5326      0.8    2.5       1.065   24.1   0b1111111111111111    20190412T161439365403
14     230     2.7795      0.0       0.0     0.5456      0.8    2.5       5.095   24.1   0b1111111111111111    20190412T161439365538
15     230     2.6615      0.3       0.7     2.5163      0.4    0.8       1.058   24.1   0b1111111111111111    20190412T161439365673
 0     220     2.7382      0.2       0.8     0.5363      0.6    1.7       5.105   24.3   0b1111111111111111    20190412T161442832225
 1     220     2.6707      0.0       0.0     2.5268      0.4    1.7       1.057   24.3   0b1111111111111111    20190412T161442832598
 2     220     2.7195      0.0       0.0     0.5357      0.3    0.8       5.077   24.3   0b1111111111111111    20190412T161442832896
 3     220     2.6702      0.3       0.7     2.5252      0.4    0.8       1.057   24.3   0b1111111111111111    20190412T161442833209
 4     220     2.7142      0.0       0.0     0.5383      0.4    1.7       5.043   24.3   0b1111111111111111    20190412T161442833499
 5     220     2.6745      0.0       0.0     2.5325      0.4    1.7       1.056   24.3   0b1111111111111111    20190412T161442833783
 6     220     2.7473      0.0       0.0     0.5450      0.4    1.7       5.041   24.3   0b1111111111111111    20190412T161442834065
 7     220     2.6794      0.4       0.8     2.5382      0.3    0.8       1.056   24.3   0b1111111111111111    20190412T161442834329
 8     220     2.7216      0.3       0.8     0.5339      0.7    1.7       5.097   24.3   0b1111111111111111    20190412T161442834466
 9     220     2.6693      0.0       0.0     2.5217      0.4    1.7       1.059   24.3   0b1111111111111111    20190412T161442834602
10     220     2.7135      0.0       0.0     0.5333      0.0    0.0       5.088   24.3   0b1111111111111111    20190412T161442834759
11     220     2.6723      0.0       0.0     2.5495      0.6    1.7       1.048   24.3   0b1111111111111111    20190412T161442834902
12     220     2.7142      0.0       0.0     0.5352      0.3    0.8       5.072   24.3   0b1111111111111111    20190412T161442835038
13     220     2.6828      0.2       0.8     2.5195      0.4    0.8       1.065   24.3   0b1111111111111111    20190412T161442835192
14     220     2.7300      0.0       0.0     0.5360      0.5    1.7       5.093   24.3   0b1111111111111111    20190412T161442835329
15     220     2.6540      0.4       0.8     2.5092      0.4    1.7       1.058   24.3   0b1111111111111111    20190412T161442835466
 0     210     2.6880      0.0       0.0     0.5264      0.4    0.8       5.106   24.5   0b1111111111111111    20190412T161446267489
 1     210     2.6429      0.2       0.7     2.5000      0.0    0.0       1.057   24.5   0b1111111111111111    20190412T161446267734
 2     210     2.6700      0.0       0.0     0.5258      0.4    1.7       5.078   24.5   0b1111111111111111    20190412T161446269392
 3     210     2.6468      0.0       0.0     2.5033      0.3    0.8       1.057   24.5   0b1111111111111111    20190412T161446269543
 4     210     2.6644      0.4       0.8     0.5290      0.5    1.7       5.037   24.5   0b1111111111111111    20190412T161446269685
 5     210     2.6490      0.0       0.0     2.5083      0.0    0.0       1.056   24.5   0b1111111111111111    20190412T161446269825
 6     210     2.6966      0.4       0.8     0.5351      0.4    1.7       5.040   24.5   0b1111111111111111    20190412T161446269962
 7     210     2.6618      0.0       0.0     2.5215      0.5    1.7       1.056   24.5   0b1111111111111111    20190412T161446270128
 8     210     2.6723      0.0       0.0     0.5242      0.4    1.7       5.098   24.5   0b1111111111111111    20190412T161446270269
 9     210     2.6378      0.0       0.0     2.4917      0.0    0.0       1.059   24.5   0b1111111111111111    20190412T161446270406
10     210     2.6648      0.0       0.0     0.5239      0.4    0.8       5.086   24.5   0b1111111111111111    20190412T161446270565
11     210     2.6423      0.0       0.0     2.5208      0.4    1.7       1.048   24.5   0b1111111111111111    20190412T161446270730
12     210     2.6648      0.0       0.0     0.5257      0.3    0.8       5.069   24.5   0b1111111111111111    20190412T161446270869
13     210     2.6565      0.0       0.0     2.4943      0.3    0.8       1.065   24.5   0b1111111111111111    20190412T161446271005
14     210     2.6805      0.0       0.0     0.5259      0.3    0.8       5.097   24.5   0b1111111111111111    20190412T161446271164
15     210     2.6400      0.0       0.0     2.4959      0.2    0.8       1.058   24.5   0b1111111111111111    20190412T161446271304
 0     200     2.6378      0.0       0.0     0.5167      0.0    0.0       5.105   24.7   0b1111111111111111    20190412T161449701412
 1     200     2.5995      0.0       0.0     2.4592      0.3    0.8       1.057   24.7   0b1111111111111111    20190412T161449701790
 2     200     2.6203      0.3       0.8     0.5159      0.3    0.8       5.079   24.7   0b1111111111111111    20190412T161449702087
 3     200     2.6070      0.0       0.0     2.4653      0.4    0.8       1.057   24.7   0b1111111111111111    20190412T161449702408
 4     200     2.6145      0.0       0.0     0.5192      0.4    1.7       5.036   24.7   0b1111111111111111    20190412T161449702696
 5     200     2.6074      0.4       0.8     2.4691      0.3    0.8       1.056   24.7   0b1111111111111111    20190412T161449702980
 6     200     2.6460      0.0       0.0     0.5251      0.4    1.7       5.039   24.7   0b1111111111111111    20190412T161449703284
 7     200     2.6290      0.3       0.8     2.4903      0.4    0.8       1.056   24.7   0b1111111111111111    20190412T161449703568
 8     200     2.6233      0.3       0.8     0.5143      0.3    0.8       5.100   24.7   0b1111111111111111    20190412T161449703849
 9     200     2.5930      0.4       0.7     2.4494      0.4    0.8       1.059   24.7   0b1111111111111111    20190412T161449704155
10     200     2.6157      0.4       0.8     0.5139      0.4    0.8       5.090   24.7   0b1111111111111111    20190412T161449704491
11     200     2.5987      0.0       0.0     2.4792      0.0    0.0       1.048   24.7   0b1111111111111111    20190412T161449704775
12     200     2.6152      0.0       0.0     0.5159      0.3    0.8       5.069   24.7   0b1111111111111111    20190412T161449705066
13     200     2.6138      0.0       0.0     2.4546      0.4    0.8       1.065   24.7   0b1111111111111111    20190412T161449705370
14     200     2.6303      0.0       0.0     0.5163      0.4    0.8       5.094   24.7   0b1111111111111111    20190412T161449705651
15     200     2.6130      0.0       0.0     2.4708      0.4    1.7       1.058   24.7   0b1111111111111111    20190412T161449705928
 0     190     2.5890      0.0       0.0     0.5073      0.3    0.8       5.103   24.8   0b1111111111111111    20190412T161453135615
 1     190     2.5523      0.0       0.0     2.4142      0.0    0.0       1.057   24.8   0b1111111111111111    20190412T161453136022
 2     190     2.5725      0.0       0.0     0.5067      0.4    1.7       5.077   24.8   0b1111111111111111    20190412T161453136356
 3     190     2.5599      0.3       0.8     2.4212      0.4    0.8       1.057   24.8   0b1111111111111111    20190412T161453136651
 4     190     2.5658      0.2       0.8     0.5094      0.4    0.8       5.037   24.8   0b1111111111111111    20190412T161453136936
 5     190     2.5613      0.0       0.0     2.4250      0.0    0.0       1.056   24.8   0b1111111111111111    20190412T161453137240
 6     190     2.5972      0.2       0.8     0.5151      0.2    0.8       5.042   24.8   0b1111111111111111    20190412T161453137526
 7     190     2.5838      0.0       0.0     2.4473      0.3    0.8       1.056   24.8   0b1111111111111111    20190412T161453137807
 8     190     2.5763      0.0       0.0     0.5052      0.3    0.8       5.100   24.8   0b1111111111111111    20190412T161453138089
 9     190     2.5472      0.3       0.8     2.4063      0.4    0.8       1.059   24.8   0b1111111111111111    20190412T161453138442
10     190     2.5688      0.0       0.0     0.5049      0.2    0.8       5.087   24.8   0b1111111111111111    20190412T161453138729
11     190     2.5530      0.0       0.0     2.4356      0.4    0.8       1.048   24.8   0b1111111111111111    20190412T161453139012
12     190     2.5666      0.2       0.8     0.5063      0.4    0.8       5.070   24.8   0b1111111111111111    20190412T161453139312
13     190     2.5673      0.0       0.0     2.4109      0.3    0.8       1.065   24.8   0b1111111111111111    20190412T161453139595
14     190     2.5822      0.0       0.0     0.5067      0.0    0.0       5.097   24.8   0b1111111111111111    20190412T161453139875
15     190     2.5718      0.0       0.0     2.4319      0.4    0.8       1.057   24.8   0b1111111111111111    20190412T161453140179
 0     180     2.5388      0.0       0.0     0.4974      0.2    0.8       5.104   25.0   0b1111111111111111    20190412T161456573720
 1     180     2.5027      0.0       0.0     2.3676      0.3    0.8       1.057   25.0   0b1111111111111111    20190412T161456574110
 2     180     2.5230      0.0       0.0     0.4967      0.0    0.0       5.080   25.0   0b1111111111111111    20190412T161456574449
 3     180     2.5105      0.4       0.8     2.3743      0.3    0.8       1.057   25.0   0b1111111111111111    20190412T161456574745
 4     180     2.5162      0.0       0.0     0.4998      0.3    0.8       5.034   25.0   0b1111111111111111    20190412T161456575031
 5     180     2.5110      0.0       0.0     2.3776      0.3    0.8       1.056   25.0   0b1111111111111111    20190412T161456575313
 6     180     2.5463      0.0       0.0     0.5050      0.0    0.0       5.042   25.0   0b1111111111111111    20190412T161456575618
 7     180     2.5338      0.4       0.8     2.4000      0.0    0.0       1.056   25.0   0b1111111111111111    20190412T161456575900
 8     180     2.5269      0.3       0.8     0.4956      0.4    0.8       5.099   25.0   0b1111111111111111    20190412T161456576225
 9     180     2.4982      0.0       0.0     2.3600      0.4    1.7       1.059   25.0   0b1111111111111111    20190412T161456576536
10     180     2.5200      0.0       0.0     0.4951      0.3    0.8       5.090   25.0   0b1111111111111111    20190412T161456576819
11     180     2.5036      0.2       0.7     2.3888      0.4    0.8       1.048   25.0   0b1111111111111111    20190412T161456577111
12     180     2.5174      0.4       0.8     0.4967      0.0    0.0       5.069   25.0   0b1111111111111111    20190412T161456577413
13     180     2.5177      0.0       0.0     2.3639      0.4    0.8       1.065   25.0   0b1111111111111111    20190412T161456577695
14     180     2.5320      0.0       0.0     0.4971      0.4    0.8       5.094   25.0   0b1111111111111111    20190412T161456577974
15     180     2.5230      0.0       0.0     2.3858      0.0    0.0       1.057   25.0   0b1111111111111111    20190412T161456578250
 0     170     2.4885      0.0       0.0     0.4875      0.0    0.0       5.105   25.1   0b1111111111111111    20190412T161500011180
 1     170     2.4536      0.4       0.8     2.3209      0.3    0.8       1.057   25.1   0b1111111111111111    20190412T161500011557
 2     170     2.4735      0.0       0.0     0.4870      0.4    0.8       5.079   25.1   0b1111111111111111    20190412T161500011856
 3     170     2.4608      0.2       0.8     2.3275      0.0    0.0       1.057   25.1   0b1111111111111111    20190412T161500012172
 4     170     2.4668      0.0       0.0     0.4899      0.2    0.8       5.035   25.1   0b1111111111111111    20190412T161500012462
 5     170     2.4611      0.4       0.8     2.3302      0.3    0.8       1.056   25.1   0b1111111111111111    20190412T161500012746
 6     170     2.4959      0.2       0.8     0.4953      0.4    0.8       5.040   25.1   0b1111111111111111    20190412T161500013027
 7     170     2.4832      0.0       0.0     2.3523      0.4    0.8       1.056   25.1   0b1111111111111111    20190412T161500013331
 8     170     2.4780      0.0       0.0     0.4858      0.0    0.0       5.101   25.1   0b1111111111111111    20190412T161500013615
 9     170     2.4495      0.0       0.0     2.3138      0.4    0.8       1.059   25.1   0b1111111111111111    20190412T161500013897
10     170     2.4708      0.4       0.8     0.4853      0.4    0.8       5.091   25.1   0b1111111111111111    20190412T161500014249
11     170     2.4548      0.2       0.7     2.3420      0.4    0.8       1.048   25.1   0b1111111111111111    20190412T161500014534
12     170     2.4681      0.3       0.8     0.4867      0.0    0.0       5.071   25.1   0b1111111111111111    20190412T161500014816
13     170     2.4681      0.3       0.8     2.3173      0.3    0.8       1.065   25.1   0b1111111111111111    20190412T161500015095
14     170     2.4821      0.4       0.8     0.4871      0.4    0.8       5.096   25.1   0b1111111111111111    20190412T161500015396
15     170     2.4735      0.0       0.0     2.3386      0.4    0.8       1.058   25.1   0b1111111111111111    20190412T161500015675
 0     160     2.4383      0.0       0.0     0.4775      0.0    0.0       5.106   25.2   0b1111111111111111    20190412T161503448258
 1     160     2.4039      0.3       0.8     2.2740      0.3    0.8       1.057   25.2   0b1111111111111111    20190412T161503448597
 2     160     2.4238      0.3       0.8     0.4773      0.3    0.8       5.078   25.2   0b1111111111111111    20190412T161503448852
 3     160     2.4112      0.0       0.0     2.2802      0.4    0.8       1.057   25.2   0b1111111111111111    20190412T161503449128
 4     160     2.4165      0.0       0.0     0.4800      0.0    0.0       5.034   25.2   0b1111111111111111    20190412T161503449391
 5     160     2.4112      0.0       0.0     2.2830      0.4    0.8       1.056   25.2   0b1111111111111111    20190412T161503449646
 6     160     2.4450      0.0       0.0     0.4850      0.0    0.0       5.041   25.2   0b1111111111111111    20190412T161503449904
 7     160     2.4328      0.3       0.8     2.3042      0.0    0.0       1.056   25.2   0b1111111111111111    20190412T161503450161
 8     160     2.4290      0.3       0.7     0.4763      0.4    0.8       5.100   25.2   0b1111111111111111    20190412T161503450414
 9     160     2.4008      0.2       0.8     2.2676      0.3    0.8       1.059   25.2   0b1111111111111111    20190412T161503450669
10     160     2.4217      0.0       0.0     0.4756      0.4    0.8       5.092   25.2   0b1111111111111111    20190412T161503450960
11     160     2.4060      0.0       0.0     2.2953      0.4    0.8       1.048   25.2   0b1111111111111111    20190412T161503451265
12     160     2.4181      0.3       0.8     0.4768      0.2    0.8       5.072   25.2   0b1111111111111111    20190412T161503451526
13     160     2.4180      0.0       0.0     2.2705      0.4    0.8       1.065   25.2   0b1111111111111111    20190412T161503451778
14     160     2.4322      0.0       0.0     0.4773      0.3    0.8       5.095   25.2   0b1111111111111111    20190412T161503452031
15     160     2.4240      0.0       0.0     2.2916      0.2    0.8       1.058   25.2   0b1111111111111111    20190412T161503452288
 0     150     2.3910      0.0       0.0     0.4683      0.3    0.8       5.106   25.3   0b1111111111111111    20190412T161506884908
 1     150     2.3563      0.3       0.8     2.2288      0.4    0.8       1.057   25.3   0b1111111111111111    20190412T161506885316
 2     150     2.3760      0.0       0.0     0.4676      0.3    0.8       5.081   25.3   0b1111111111111111    20190412T161506885616
 3     150     2.3633      0.0       0.0     2.2350      0.0    0.0       1.057   25.3   0b1111111111111111    20190412T161506885907
 4     150     2.3686      0.2       0.8     0.4705      0.4    0.8       5.034   25.3   0b1111111111111111    20190412T161506886213
 5     150     2.3633      0.0       0.0     2.2375      0.0    0.0       1.056   25.3   0b1111111111111111    20190412T161506886500
 6     150     2.3969      0.2       0.8     0.4756      0.4    0.8       5.040   25.3   0b1111111111111111    20190412T161506886782
 7     150     2.3843      0.0       0.0     2.2583      0.0    0.0       1.056   25.3   0b1111111111111111    20190412T161506887062
 8     150     2.3828      0.0       0.0     0.4672      0.4    0.8       5.100   25.3   0b1111111111111111    20190412T161506887364
 9     150     2.3550      0.0       0.0     2.2236      0.4    0.8       1.059   25.3   0b1111111111111111    20190412T161506887692
10     150     2.3751      0.3       0.8     0.4661      0.4    0.8       5.096   25.3   0b1111111111111111    20190412T161506887982
11     150     2.3595      0.0       0.0     2.2509      0.2    0.8       1.048   25.3   0b1111111111111111    20190412T161506888287
12     150     2.3723      0.0       0.0     0.4678      0.4    0.8       5.071   25.3   0b1111111111111111    20190412T161506888569
13     150     2.3700      0.0       0.0     2.2250      0.0    0.0       1.065   25.3   0b1111111111111111    20190412T161506888848
14     150     2.3843      0.0       0.0     0.4676      0.3    0.8       5.099   25.3   0b1111111111111111    20190412T161506889145
15     150     2.3753      0.0       0.0     2.2453      0.4    0.8       1.058   25.3   0b1111111111111111    20190412T161506889427
 0     140     2.3407      0.0       0.0     0.4583      0.0    0.0       5.107   25.5   0b1111111111111111    20190412T161510321855
 1     140     2.3070      0.0       0.0     2.1824      0.3    0.8       1.057   25.5   0b1111111111111111    20190412T161510322252
 2     140     2.3265      0.0       0.0     0.4579      0.4    0.8       5.081   25.5   0b1111111111111111    20190412T161510322554
 3     140     2.3145      0.0       0.0     2.1885      0.3    0.8       1.058   25.5   0b1111111111111111    20190412T161510322843
 4     140     2.3191      0.3       0.8     0.4607      0.3    0.8       5.034   25.5   0b1111111111111111    20190412T161510323152
 5     140     2.3137      0.0       0.0     2.1909      0.3    0.8       1.056   25.5   0b1111111111111111    20190412T161510323440
 6     140     2.3465      0.3       0.8     0.4656      0.4    0.8       5.040   25.5   0b1111111111111111    20190412T161510323722
 7     140     2.3342      0.3       0.8     2.2108      0.0    0.0       1.056   25.5   0b1111111111111111    20190412T161510324002
 8     140     2.3340      0.0       0.0     0.4575      0.0    0.0       5.102   25.5   0b1111111111111111    20190412T161510324318
 9     140     2.3062      0.0       0.0     2.1775      0.0    0.0       1.059   25.5   0b1111111111111111    20190412T161510324652
10     140     2.3263      0.3       0.8     0.4567      0.0    0.0       5.094   25.5   0b1111111111111111    20190412T161510324938
11     140     2.3107      0.0       0.0     2.2048      0.3    0.8       1.048   25.5   0b1111111111111111    20190412T161510325244
12     140     2.3227      0.0       0.0     0.4582      0.2    0.8       5.069   25.5   0b1111111111111111    20190412T161510325528
13     140     2.3205      0.0       0.0     2.1789      0.4    0.8       1.065   25.5   0b1111111111111111    20190412T161510325807
14     140     2.3342      0.3       0.8     0.4580      0.4    0.8       5.097   25.5   0b1111111111111111    20190412T161510326087
15     140     2.3258      0.2       0.8     2.1987      0.4    0.8       1.058   25.5   0b1111111111111111    20190412T161510326388
 0     130     2.2913      0.0       0.0     0.4483      0.0    0.0       5.111   25.6   0b1111111111111111    20190412T161513754583
 1     130     2.2582      0.0       0.0     2.1360      0.3    0.8       1.057   25.6   0b1111111111111111    20190412T161513754964
 2     130     2.2772      0.3       0.8     0.4483      0.0    0.0       5.079   25.6   0b1111111111111111    20190412T161513755296
 3     130     2.2652      0.3       0.8     2.1421      0.4    0.8       1.057   25.6   0b1111111111111111    20190412T161513755590
 4     130     2.2696      0.2       0.8     0.4508      0.3    0.8       5.035   25.6   0b1111111111111111    20190412T161513755878
 5     130     2.2643      0.2       0.7     2.1442      0.0    0.0       1.056   25.6   0b1111111111111111    20190412T161513756184
 6     130     2.2964      0.3       0.8     0.4558      0.2    0.8       5.039   25.6   0b1111111111111111    20190412T161513756469
 7     130     2.2844      0.2       0.8     2.1633      0.0    0.0       1.056   25.6   0b1111111111111111    20190412T161513756749
 8     130     2.2853      0.0       0.0     0.4482      0.3    0.8       5.098   25.6   0b1111111111111111    20190412T161513757028
 9     130     2.2582      0.0       0.0     2.1323      0.3    0.8       1.059   25.6   0b1111111111111111    20190412T161513757331
10     130     2.2778      0.0       0.0     0.4467      0.3    0.8       5.098   25.6   0b1111111111111111    20190412T161513757654
11     130     2.2628      0.0       0.0     2.1583      0.0    0.0       1.048   25.6   0b1111111111111111    20190412T161513757936
12     130     2.2740      0.0       0.0     0.4483      0.0    0.0       5.072   25.6   0b1111111111111111    20190412T161513758241
13     130     2.2715      0.3       0.8     2.1325      0.0    0.0       1.065   25.6   0b1111111111111111    20190412T161513758524
14     130     2.2845      0.0       0.0     0.4483      0.4    1.7       5.096   25.6   0b1111111111111111    20190412T161513758801
15     130     2.2770      0.0       0.0     2.1519      0.4    0.8       1.058   25.6   0b1111111111111111    20190412T161513759079
 0     120     2.2410      0.0       0.0     0.4383      0.0    0.0       5.113   25.7   0b1111111111111111    20190412T161517186606
 1     120     2.2101      0.3       0.8     2.0900      0.0    0.0       1.057   25.7   0b1111111111111111    20190412T161517186986
 2     120     2.2273      0.3       0.8     0.4383      0.0    0.0       5.081   25.7   0b1111111111111111    20190412T161517187312
 3     120     2.2162      0.0       0.0     2.0957      0.3    0.8       1.058   25.7   0b1111111111111111    20190412T161517187605
 4     120     2.2201      0.2       0.7     0.4408      0.0    0.0       5.036   25.7   0b1111111111111111    20190412T161517187893
 5     120     2.2155      0.0       0.0     2.0978      0.4    0.8       1.056   25.7   0b1111111111111111    20190412T161517188198
 6     120     2.2462      0.2       0.7     0.4458      0.0    0.0       5.038   25.7   0b1111111111111111    20190412T161517188484
 7     120     2.2335      0.0       0.0     2.1151      0.3    0.8       1.056   25.7   0b1111111111111111    20190412T161517188776
 8     120     2.2372      0.0       0.0     0.4383      0.0    0.0       5.104   25.7   0b1111111111111111    20190412T161517189056
 9     120     2.2109      0.2       0.8     2.0869      0.4    0.8       1.059   25.7   0b1111111111111111    20190412T161517189396
10     120     2.2282      0.0       0.0     0.4373      0.3    0.8       5.095   25.7   0b1111111111111111    20190412T161517189681
11     120     2.2147      0.0       0.0     2.1132      0.2    0.8       1.048   25.7   0b1111111111111111    20190412T161517189960
12     120     2.2245      0.0       0.0     0.4387      0.4    0.8       5.071   25.7   0b1111111111111111    20190412T161517190263
13     120     2.2231      0.2       0.8     2.0874      0.3    0.8       1.065   25.7   0b1111111111111111    20190412T161517190545
14     120     2.2342      0.0       0.0     0.4381      0.4    0.8       5.100   25.7   0b1111111111111111    20190412T161517190824
15     120     2.2282      0.0       0.0     2.1058      0.3    0.8       1.058   25.7   0b1111111111111111    20190412T161517191102
 0     110     2.1938      0.0       0.0     0.4292      0.0    0.0       5.112   25.9   0b1111111111111111    20190412T161520624159
 1     110     2.1638      0.0       0.0     2.0461      0.4    0.8       1.058   25.9   0b1111111111111111    20190412T161520624539
 2     110     2.1810      0.0       0.0     0.4292      0.0    0.0       5.082   25.9   0b1111111111111111    20190412T161520624836
 3     110     2.1698      0.0       0.0     2.0514      0.4    0.8       1.058   25.9   0b1111111111111111    20190412T161520625149
 4     110     2.1735      0.0       0.0     0.4315      0.3    0.8       5.037   25.9   0b1111111111111111    20190412T161520625437
 5     110     2.1683      0.0       0.0     2.0533      0.0    0.0       1.056   25.9   0b1111111111111111    20190412T161520625720
 6     110     2.1983      0.0       0.0     0.4361      0.4    0.8       5.041   25.9   0b1111111111111111    20190412T161520626001
 7     110     2.1863      0.2       0.8     2.0702      0.3    0.8       1.056   25.9   0b1111111111111111    20190412T161520626302
 8     110     2.1908      0.0       0.0     0.4293      0.3    0.8       5.103   25.9   0b1111111111111111    20190412T161520626584
 9     110     2.1652      0.2       0.8     2.0438      0.4    0.8       1.059   25.9   0b1111111111111111    20190412T161520626865
10     110     2.1825      0.0       0.0     0.4282      0.3    0.8       5.097   25.9   0b1111111111111111    20190412T161520627211
11     110     2.1690      0.0       0.0     2.0692      0.0    0.0       1.048   25.9   0b1111111111111111    20190412T161520627497
12     110     2.1780      0.0       0.0     0.4293      0.2    0.8       5.074   25.9   0b1111111111111111    20190412T161520627776
13     110     2.1765      0.0       0.0     2.0432      0.3    0.8       1.065   25.9   0b1111111111111111    20190412T161520628055
14     110     2.1873      0.4       0.8     0.4290      0.3    0.8       5.099   25.9   0b1111111111111111    20190412T161520628359
15     110     2.1816      0.3       0.8     2.0616      0.3    0.8       1.058   25.9   0b1111111111111111    20190412T161520628638
 0     100     2.1444      0.3       0.8     0.4192      0.0    0.0       5.116   26.0   0b1111111111111111    20190412T161524059386
 1     100     2.1150      0.0       0.0     2.0001      0.3    0.8       1.057   26.0   0b1111111111111111    20190412T161524059763
 2     100     2.1321      0.3       0.8     0.4192      0.3    0.8       5.086   26.0   0b1111111111111111    20190412T161524060061
 3     100     2.1210      0.0       0.0     2.0050      0.0    0.0       1.058   26.0   0b1111111111111111    20190412T161524060376
 4     100     2.1240      0.0       0.0     0.4217      0.0    0.0       5.037   26.0   0b1111111111111111    20190412T161524060662
 5     100     2.1194      0.2       0.8     2.0067      0.0    0.0       1.056   26.0   0b1111111111111111    20190412T161524060945
 6     100     2.1488      0.0       0.0     0.4258      0.0    0.0       5.046   26.0   0b1111111111111111    20190412T161524061261
 7     100     2.1367      0.0       0.0     2.0226      0.3    0.8       1.056   26.0   0b1111111111111111    20190412T161524061544
 8     100     2.1427      0.0       0.0     0.4200      0.0    0.0       5.102   26.0   0b1111111111111111    20190412T161524061824
 9     100     2.1172      0.2       0.8     1.9983      0.3    0.8       1.060   26.0   0b1111111111111111    20190412T161524062174
10     100     2.1341      0.4       0.8     0.4183      0.0    0.0       5.101   26.0   0b1111111111111111    20190412T161524062461
11     100     2.1210      0.0       0.0     2.0233      0.0    0.0       1.048   26.0   0b1111111111111111    20190412T161524062742
12     100     2.1292      0.0       0.0     0.4198      0.3    0.8       5.072   26.0   0b1111111111111111    20190412T161524063022
13     100     2.1277      0.2       0.8     1.9973      0.3    0.8       1.065   26.0   0b1111111111111111    20190412T161524063325
14     100     2.1382      0.0       0.0     0.4192      0.0    0.0       5.101   26.0   0b1111111111111111    20190412T161524063606
15     100     2.1330      0.0       0.0     2.0154      0.4    0.8       1.058   26.0   0b1111111111111111    20190412T161524063885
 0      90     2.0955      0.0       0.0     0.4098      0.3    0.8       5.113   26.1   0b1111111111111111    20190412T161527494951
 1      90     2.0663      0.0       0.0     1.9538      0.4    0.8       1.058   26.1   0b1111111111111111    20190412T161527495364
 2      90     2.0820      0.0       0.0     0.4097      0.4    0.8       5.082   26.1   0b1111111111111111    20190412T161527495665
 3      90     2.0722      0.0       0.0     1.9583      0.0    0.0       1.058   26.1   0b1111111111111111    20190412T161527495954
 4      90     2.0753      0.0       0.0     0.4121      0.4    0.8       5.036   26.1   0b1111111111111111    20190412T161527496260
 5      90     2.0701      0.2       0.7     1.9603      0.4    0.8       1.056   26.1   0b1111111111111111    20190412T161527496546
 6      90     2.0970      0.0       0.0     0.4158      0.0    0.0       5.043   26.1   0b1111111111111111    20190412T161527496828
 7      90     2.0865      0.0       0.0     1.9748      0.4    0.8       1.057   26.1   0b1111111111111111    20190412T161527497129
 8      90     2.0955      0.0       0.0     0.4104      0.4    0.8       5.106   26.1   0b1111111111111111    20190412T161527497413
 9      90     2.0685      0.0       0.0     1.9522      0.4    0.8       1.060   26.1   0b1111111111111111    20190412T161527497693
10      90     2.0865      0.0       0.0     0.4089      0.4    0.8       5.103   26.1   0b1111111111111111    20190412T161527498012
11      90     2.0730      0.0       0.0     1.9775      0.0    0.0       1.048   26.1   0b1111111111111111    20190412T161527498312
12      90     2.0813      0.0       0.0     0.4102      0.3    0.8       5.074   26.1   0b1111111111111111    20190412T161527498593
13      90     2.0790      0.0       0.0     1.9516      0.3    0.8       1.065   26.1   0b1111111111111111    20190412T161527498873
14      90     2.0902      0.2       0.8     0.4097      0.4    0.8       5.102   26.1   0b1111111111111111    20190412T161527499177
15      90     2.0835      0.0       0.0     1.9686      0.4    0.8       1.058   26.1   0b1111111111111111    20190412T161527499458
 0      80     2.0460      0.0       0.0     0.3999      0.3    0.8       5.116   26.2   0b1111111111111111    20190412T161530928633
 1      80     2.0168      0.0       0.0     1.9068      0.3    0.8       1.058   26.2   0b1111111111111111    20190412T161530929017
 2      80     2.0325      0.0       0.0     0.3997      0.4    0.8       5.085   26.2   0b1111111111111111    20190412T161530929352
 3      80     2.0221      0.3       0.8     1.9117      0.0    0.0       1.058   26.2   0b1111111111111111    20190412T161530929651
 4      80     2.0250      0.0       0.0     0.4020      0.4    0.8       5.037   26.2   0b1111111111111111    20190412T161530929943
 5      80     2.0198      0.2       0.8     1.9126      0.3    0.8       1.056   26.2   0b1111111111111111    20190412T161530930265
 6      80     2.0460      0.0       0.0     0.4058      0.0    0.0       5.041   26.2   0b1111111111111111    20190412T161530930552
 7      80     2.0355      0.0       0.0     1.9267      0.0    0.0       1.056   26.2   0b1111111111111111    20190412T161530930837
 8      80     2.0460      0.0       0.0     0.4008      0.0    0.0       5.104   26.2   0b1111111111111111    20190412T161530931141
 9      80     2.0190      0.0       0.0     1.9058      0.3    0.8       1.059   26.2   0b1111111111111111    20190412T161530931425
10      80     2.0370      0.0       0.0     0.3990      0.3    0.8       5.105   26.2   0b1111111111111111    20190412T161530931756
11      80     2.0235      0.0       0.0     1.9300      0.0    0.0       1.048   26.2   0b1111111111111111    20190412T161530932043
12      80     2.0317      0.0       0.0     0.4005      0.4    0.8       5.073   26.2   0b1111111111111111    20190412T161530932349
13      80     2.0295      0.0       0.0     1.9053      0.4    0.8       1.065   26.2   0b1111111111111111    20190412T161530932631
14      80     2.0407      0.0       0.0     0.4000      0.0    0.0       5.102   26.2   0b1111111111111111    20190412T161530932912
15      80     2.0341      0.2       0.8     1.9221      0.4    0.8       1.058   26.2   0b1111111111111111    20190412T161530933214
 0      70     1.9950      0.0       0.0     0.3897      0.4    0.8       5.120   26.3   0b1111111111111111    20190412T161534368569
 1      70     1.9672      0.2       0.8     1.8600      0.0    0.0       1.058   26.3   0b1111111111111111    20190412T161534368958
 2      70     1.9830      0.0       0.0     0.3901      0.3    0.8       5.084   26.3   0b1111111111111111    20190412T161534369283
 3      70     1.9725      0.0       0.0     1.8642      0.0    0.0       1.058   26.3   0b1111111111111111    20190412T161534369577
 4      70     1.9748      0.0       0.0     0.3918      0.3    0.8       5.040   26.3   0b1111111111111111    20190412T161534369862
 5      70     1.9695      0.0       0.0     1.8649      0.2    0.8       1.056   26.3   0b1111111111111111    20190412T161534370168
 6      70     1.9956      0.3       0.7     0.3958      0.0    0.0       5.042   26.3   0b1111111111111111    20190412T161534370451
 7      70     1.9853      0.0       0.0     1.8787      0.4    0.8       1.057   26.3   0b1111111111111111    20190412T161534370733
 8      70     1.9965      0.0       0.0     0.3909      0.3    0.8       5.107   26.3   0b1111111111111111    20190412T161534371014
 9      70     1.9689      0.3       0.8     1.8583      0.0    0.0       1.059   26.3   0b1111111111111111    20190412T161534371314
10      70     1.9868      0.0       0.0     0.3891      0.2    0.8       5.106   26.3   0b1111111111111111    20190412T161534371636
11      70     1.9735      0.3       0.8     1.8825      0.0    0.0       1.048   26.3   0b1111111111111111    20190412T161534371921
12      70     1.9829      0.3       0.8     0.3908      0.0    0.0       5.073   26.3   0b1111111111111111    20190412T161534372228
13      70     1.9808      0.0       0.0     1.8592      0.0    0.0       1.065   26.3   0b1111111111111111    20190412T161534372510
14      70     1.9913      0.0       0.0     0.3900      0.0    0.0       5.106   26.3   0b1111111111111111    20190412T161534372789
15      70     1.9853      0.2       0.8     1.8758      0.0    0.0       1.058   26.3   0b1111111111111111    20190412T161534373068
 0      60     1.9425      0.0       0.0     0.3793      0.3    0.8       5.122   26.4   0b1111111111111111    20190412T161537803922
 1      60     1.9148      0.0       0.0     1.8104      0.4    0.8       1.058   26.4   0b1111111111111111    20190412T161537804331
 2      60     1.9305      0.0       0.0     0.3792      0.0    0.0       5.091   26.4   0b1111111111111111    20190412T161537804635
 3      60     1.9200      0.0       0.0     1.8144      0.4    0.8       1.058   26.4   0b1111111111111111    20190412T161537804924
 4      60     1.9215      0.0       0.0     0.3816      0.2    0.8       5.036   26.4   0b1111111111111111    20190412T161537805247
 5      60     1.9175      0.3       0.8     1.8156      0.4    0.8       1.056   26.4   0b1111111111111111    20190412T161537805533
 6      60     1.9422      0.4       0.8     0.3851      0.3    0.8       5.044   26.4   0b1111111111111111    20190412T161537805815
 7      60     1.9320      0.0       0.0     1.8283      0.0    0.0       1.057   26.4   0b1111111111111111    20190412T161537806095
 8      60     1.9455      0.0       0.0     0.3808      0.0    0.0       5.109   26.4   0b1111111111111111    20190412T161537806455
 9      60     1.9181      0.4       0.8     1.8102      0.4    0.8       1.060   26.4   0b1111111111111111    20190412T161537806743
10      60     1.9349      0.2       0.8     0.3785      0.3    0.8       5.112   26.4   0b1111111111111111    20190412T161537807023
11      60     1.9230      0.0       0.0     1.8343      0.3    0.8       1.048   26.4   0b1111111111111111    20190412T161537807326
12      60     1.9312      0.0       0.0     0.3803      0.4    0.8       5.078   26.4   0b1111111111111111    20190412T161537807607
13      60     1.9282      0.0       0.0     1.8099      0.2    0.8       1.065   26.4   0b1111111111111111    20190412T161537807886
14      60     1.9395      0.0       0.0     0.3800      0.0    0.0       5.104   26.4   0b1111111111111111    20190412T161537808187
15      60     1.9335      0.0       0.0     1.8267      0.0    0.0       1.058   26.4   0b1111111111111111    20190412T161537808469
 0      50     1.8900      0.0       0.0     0.3690      0.3    0.8       5.122   26.5   0b1111111111111111    20190412T161541238864
 1      50     1.8622      0.0       0.0     1.7609      0.3    0.8       1.058   26.5   0b1111111111111111    20190412T161541239273
 2      50     1.8782      0.3       0.8     0.3692      0.0    0.0       5.088   26.5   0b1111111111111111    20190412T161541239574
 3      50     1.8675      0.0       0.0     1.7650      0.0    0.0       1.058   26.5   0b1111111111111111    20190412T161541239862
 4      50     1.8691      0.2       0.7     0.3708      0.0    0.0       5.040   26.5   0b1111111111111111    20190412T161541240171
 5      50     1.8645      0.0       0.0     1.7658      0.0    0.0       1.056   26.5   0b1111111111111111    20190412T161541240458
 6      50     1.8885      0.0       0.0     0.3745      0.4    0.8       5.043   26.5   0b1111111111111111    20190412T161541240740
 7      50     1.8795      0.0       0.0     1.7783      0.0    0.0       1.057   26.5   0b1111111111111111    20190412T161541241020
 8      50     1.8929      0.2       0.8     0.3706      0.4    0.8       5.108   26.5   0b1111111111111111    20190412T161541241363
 9      50     1.8660      0.0       0.0     1.7609      0.3    0.8       1.060   26.5   0b1111111111111111    20190412T161541241648
10      50     1.8825      0.0       0.0     0.3683      0.0    0.0       5.111   26.5   0b1111111111111111    20190412T161541241927
11      50     1.8712      0.2       0.7     1.7850      0.0    0.0       1.048   26.5   0b1111111111111111    20190412T161541242229
12      50     1.8791      0.4       0.8     0.3700      0.0    0.0       5.079   26.5   0b1111111111111111    20190412T161541242511
13      50     1.8752      0.3       0.8     1.7602      0.3    0.8       1.065   26.5   0b1111111111111111    20190412T161541242790
14      50     1.8864      0.3       0.8     0.3694      0.4    0.8       5.106   26.5   0b1111111111111111    20190412T161541243067
15      50     1.8810      0.0       0.0     1.7772      0.4    0.8       1.058   26.5   0b1111111111111111    20190412T161541243371
 0      40     1.8367      0.0       0.0     0.3583      0.0    0.0       5.126   26.6   0b1111111111111111    20190412T161544676551
 1      40     1.8101      0.4       0.8     1.7117      0.0    0.0       1.058   26.6   0b1111111111111111    20190412T161544676927
 2      40     1.8255      0.0       0.0     0.3583      0.0    0.0       5.094   26.6   0b1111111111111111    20190412T161544677264
 3      40     1.8150      0.0       0.0     1.7157      0.3    0.8       1.058   26.6   0b1111111111111111    20190412T161544677561
 4      40     1.8165      0.0       0.0     0.3603      0.4    0.8       5.041   26.6   0b1111111111111111    20190412T161544677849
 5      40     1.8126      0.3       0.8     1.7162      0.4    0.8       1.056   26.6   0b1111111111111111    20190412T161544678155
 6      40     1.8352      0.0       0.0     0.3640      0.3    0.8       5.042   26.6   0b1111111111111111    20190412T161544678441
 7      40     1.8255      0.0       0.0     1.7275      0.0    0.0       1.057   26.6   0b1111111111111111    20190412T161544678723
 8      40     1.8397      0.0       0.0     0.3599      0.3    0.8       5.112   26.6   0b1111111111111111    20190412T161544679043
 9      40     1.8143      0.0       0.0     1.7118      0.3    0.8       1.060   26.6   0b1111111111111111    20190412T161544679363
10      40     1.8300      0.0       0.0     0.3578      0.4    0.8       5.114   26.6   0b1111111111111111    20190412T161544679647
11      40     1.8183      0.4       0.8     1.7347      0.4    0.8       1.048   26.6   0b1111111111111111    20190412T161544679928
12      40     1.8259      0.4       0.8     0.3594      0.4    0.8       5.080   26.6   0b1111111111111111    20190412T161544680232
13      40     1.8225      0.0       0.0     1.7108      0.3    0.8       1.065   26.6   0b1111111111111111    20190412T161544680515
14      40     1.8337      0.2       0.7     0.3591      0.2    0.8       5.107   26.6   0b1111111111111111    20190412T161544680794
15      40     1.8278      0.0       0.0     1.7267      0.0    0.0       1.059   26.6   0b1111111111111111    20190412T161544681074
 0      30     1.7843      0.0       0.0     0.3481      0.4    0.8       5.126   26.7   0b1111111111111111    20190412T161548110251
 1      30     1.7587      0.0       0.0     1.6633      0.3    0.8       1.057   26.7   0b1111111111111111    20190412T161548110643
 2      30     1.7730      0.0       0.0     0.3482      0.3    0.8       5.092   26.7   0b1111111111111111    20190412T161548110941
 3      30     1.7640      0.0       0.0     1.6675      0.0    0.0       1.058   26.7   0b1111111111111111    20190412T161548111249
 4      30     1.7650      0.3       0.8     0.3501      0.3    0.8       5.042   26.7   0b1111111111111111    20190412T161548111539
 5      30     1.7607      0.4       0.8     1.6674      0.3    0.8       1.056   26.7   0b1111111111111111    20190412T161548111821
 6      30     1.7828      0.2       0.8     0.3534      0.3    0.8       5.045   26.7   0b1111111111111111    20190412T161548112102
 7      30     1.7745      0.0       0.0     1.6792      0.0    0.0       1.057   26.7   0b1111111111111111    20190412T161548112403
 8      30     1.7902      0.0       0.0     0.3501      0.3    0.8       5.114   26.7   0b1111111111111111    20190412T161548112683
 9      30     1.7639      0.2       0.8     1.6642      0.0    0.0       1.060   26.7   0b1111111111111111    20190412T161548113005
10      30     1.7790      0.0       0.0     0.3475      0.0    0.0       5.119   26.7   0b1111111111111111    20190412T161548113306
11      30     1.7685      0.0       0.0     1.6874      0.2    0.8       1.048   26.7   0b1111111111111111    20190412T161548113590
12      30     1.7745      0.0       0.0     0.3492      0.0    0.0       5.082   26.7   0b1111111111111111    20190412T161548113868
13      30     1.7720      0.3       0.8     1.6633      0.0    0.0       1.065   26.7   0b1111111111111111    20190412T161548114176
14      30     1.7812      0.0       0.0     0.3486      0.4    0.8       5.110   26.7   0b1111111111111111    20190412T161548114460
15      30     1.7760      0.0       0.0     1.6778      0.4    0.8       1.059   26.7   0b1111111111111111    20190412T161548114738
 0      20     1.7324      0.2       0.8     0.3375      0.0    0.0       5.133   26.8   0b1111111111111111    20190412T161551546649
 1      20     1.7078      0.0       0.0     1.6149      0.2    0.8       1.057   26.8   0b1111111111111111    20190412T161551547036
 2      20     1.7212      0.0       0.0     0.3381      0.4    0.8       5.091   26.8   0b1111111111111111    20190412T161551547407
 3      20     1.7130      0.0       0.0     1.6189      0.4    0.8       1.058   26.8   0b1111111111111111    20190412T161551547703
 4      20     1.7138      0.0       0.0     0.3400      0.0    0.0       5.040   26.8   0b1111111111111111    20190412T161551547991
 5      20     1.7093      0.0       0.0     1.6183      0.0    0.0       1.056   26.8   0b1111111111111111    20190412T161551548327
 6      20     1.7303      0.0       0.0     0.3432      0.3    0.8       5.041   26.8   0b1111111111111111    20190412T161551548617
 7      20     1.7227      0.2       0.8     1.6299      0.2    0.8       1.057   26.8   0b1111111111111111    20190412T161551548900
 8      20     1.7385      0.0       0.0     0.3400      0.0    0.0       5.113   26.8   0b1111111111111111    20190412T161551549241
 9      20     1.7127      0.4       0.7     1.6160      0.3    0.8       1.060   26.8   0b1111111111111111    20190412T161551549527
10      20     1.7279      0.2       0.8     0.3375      0.0    0.0       5.120   26.8   0b1111111111111111    20190412T161551549864
11      20     1.7175      0.0       0.0     1.6383      0.0    0.0       1.048   26.8   0b1111111111111111    20190412T161551550222
12      20     1.7228      0.0       0.0     0.3391      0.2    0.8       5.081   26.8   0b1111111111111111    20190412T161551550513
13      20     1.7197      0.0       0.0     1.6141      0.3    0.8       1.065   26.8   0b1111111111111111    20190412T161551550792
14      20     1.7292      0.4       0.7     0.3383      0.0    0.0       5.111   26.8   0b1111111111111111    20190412T161551551069
15      20     1.7243      0.0       0.0     1.6292      0.0    0.0       1.058   26.8   0b1111111111111111    20190412T161551551408
 0      10     1.6800      0.0       0.0     0.3274      0.3    0.8       5.131   26.9   0b1111111111111111    20190412T161554986264
 1      10     1.6568      0.0       0.0     1.5662      0.4    0.8       1.058   26.9   0b1111111111111111    20190412T161554986708
 2      10     1.6699      0.4       0.8     0.3275      0.0    0.0       5.099   26.9   0b1111111111111111    20190412T161554987013
 3      10     1.6620      0.0       0.0     1.5707      0.3    0.8       1.058   26.9   0b1111111111111111    20190412T161554987304
 4      10     1.6620      0.0       0.0     0.3298      0.4    0.8       5.040   26.9   0b1111111111111111    20190412T161554987638
 5      10     1.6575      0.0       0.0     1.5697      0.4    0.8       1.056   26.9   0b1111111111111111    20190412T161554987927
 6      10     1.6779      0.3       0.8     0.3327      0.4    0.8       5.043   26.9   0b1111111111111111    20190412T161554988210
 7      10     1.6704      0.3       0.8     1.5806      0.4    0.8       1.057   26.9   0b1111111111111111    20190412T161554988546
 8      10     1.6875      0.0       0.0     0.3300      0.0    0.0       5.114   26.9   0b1111111111111111    20190412T161554988880
 9      10     1.6620      0.0       0.0     1.5684      0.3    0.8       1.060   26.9   0b1111111111111111    20190412T161554989163
10      10     1.6770      0.0       0.0     0.3275      0.0    0.0       5.121   26.9   0b1111111111111111    20190412T161554989509
11      10     1.6672      0.0       0.0     1.5903      0.4    0.8       1.048   26.9   0b1111111111111111    20190412T161554989799
12      10     1.6710      0.0       0.0     0.3287      0.4    0.8       5.084   26.9   0b1111111111111111    20190412T161554990081
13      10     1.6680      0.0       0.0     1.5657      0.3    0.8       1.065   26.9   0b1111111111111111    20190412T161554990391
14      10     1.6770      0.0       0.0     0.3282      0.3    0.8       5.110   26.9   0b1111111111111111    20190412T161554990695
15      10     1.6725      0.0       0.0     1.5800      0.0    0.0       1.059   26.9   0b1111111111111111    20190412T161554990974
 0       0     1.6282      0.0       0.0     0.3167      0.3    0.8       5.140   27.0   0b1111111111111111    20190412T161558427952
 1       0     1.6050      0.0       0.0     1.5177      0.3    0.8       1.058   27.0   0b1111111111111111    20190412T161558428393
 2       0     1.6185      0.0       0.0     0.3175      0.0    0.0       5.098   27.0   0b1111111111111111    20190412T161558428698
 3       0     1.6104      0.3       0.8     1.5218      0.3    0.8       1.058   27.0   0b1111111111111111    20190412T161558428991
 4       0     1.6103      0.0       0.0     0.3194      0.4    0.8       5.041   27.0   0b1111111111111111    20190412T161558429327
 5       0     1.6065      0.0       0.0     1.5209      0.3    0.8       1.056   27.0   0b1111111111111111    20190412T161558429619
 6       0     1.6260      0.0       0.0     0.3224      0.2    0.8       5.043   27.0   0b1111111111111111    20190412T161558429902
 7       0     1.6181      0.4       0.8     1.5308      0.0    0.0       1.057   27.0   0b1111111111111111    20190412T161558430240
 8       0     1.6357      0.0       0.0     0.3198      0.3    0.8       5.114   27.0   0b1111111111111111    20190412T161558430583
 9       0     1.6115      0.3       0.8     1.5208      0.2    0.8       1.060   27.0   0b1111111111111111    20190412T161558430870
10       0     1.6257      0.4       0.7     0.3173      0.3    0.8       5.123   27.0   0b1111111111111111    20190412T161558431216
11       0     1.6158      0.4       0.8     1.5416      0.2    0.8       1.048   27.0   0b1111111111111111    20190412T161558431507
12       0     1.6192      0.0       0.0     0.3184      0.2    0.8       5.085   27.0   0b1111111111111111    20190412T161558431787
13       0     1.6163      0.0       0.0     1.5174      0.3    0.8       1.065   27.0   0b1111111111111111    20190412T161558432066
14       0     1.6252      0.0       0.0     0.3179      0.4    0.8       5.112   27.0   0b1111111111111111    20190412T161558432403
15       0     1.6207      0.0       0.0     1.5309      0.2    0.8       1.059   27.0   0b1111111111111111    20190412T161558432683
