CH# Vset[DAC]   V[V]    dVRMS[mV] dVpp[mV]    I[A]  dIRMS[mA] dIpp[mA]   R[ohm]   T[C]   State                Timestamp
 0     250     2.8620      0.0       0.0     0.0013      0.4    0.8    2146.500   25.1   0b1111111111111111    20191206T125206035574
 1     250     2.8610      0.3       0.7     0.0030      0.4    0.8     953.675   25.1   0b1111111111111111    20191206T125206036018
 2     250     2.8480      0.3       0.8     0.0028      0.4    0.8    1035.627   25.1   0b1111111111111111    20191206T125206036321
 3     250     2.8554      0.3       0.7     0.0017      0.5    1.7    1713.240   25.1   0b1111111111111111    20191206T125206036614
 4     250     2.8718      0.2       0.8     0.0016      0.6    1.7    1813.784   25.1   0b1111111111111111    20191206T125206036925
 5     250     2.8605      0.0       0.0     0.0023      0.3    0.8    1225.929   25.1   0b1111111111111111    20191206T125206037210
 6     250     2.8642      0.0       0.0     0.0033      0.5    1.7     859.275   25.1   0b1111111111111111    20191206T125206037493
 7     250     2.8538      0.0       0.0     0.0021      0.4    0.8    1369.800   25.1   0b1111111111111111    20191206T125206037821
 8     250     2.8362      0.4       0.8     0.0018      0.2    0.8    1620.686   25.1   0b1111111111111111    20191206T125206038130
 9     250     2.8485      0.0       0.0     0.0039      0.4    0.8     727.277   25.1   0b1111111111111111    20191206T125206038413
10     250     2.8530      0.0       0.0    -0.0001      0.2    0.8    -666.000   25.1   0b1111111111111111    20191206T125206038716
11     250     2.8343      0.0       0.0     0.0008      0.4    1.7    3401.100   25.1   0b1111111111111111    20191206T125206039002
12     250     2.8792      0.0       0.0     0.0009      0.6    1.7    3141.000   25.1   0b1111111111111111    20191206T125206039283
13     250     2.8620      0.0       0.0    -0.0003      0.4    0.8    -666.000   25.1   0b1111111111111111    20191206T125206039567
14     250     2.8642      0.0       0.0     0.0039      0.4    0.8     731.298   25.1   0b1111111111111111    20191206T125206039873
15     250     2.8582      0.2       0.7     0.0032      0.3    0.8     902.582   25.1   0b1111111111111111    20191206T125206040154
 0     240     2.8130      0.3       0.8     0.0009      0.4    1.7    3068.755   25.1   0b1111111111111111    20191206T125209513702
 1     240     2.8123      0.3       0.8     0.0032      0.3    0.8     888.111   25.1   0b1111111111111111    20191206T125209514154
 2     240     2.7996      0.3       0.7     0.0026      0.2    0.8    1083.716   25.1   0b1111111111111111    20191206T125209514458
 3     240     2.8070      0.3       0.7     0.0015      0.3    0.8    1871.350   25.1   0b1111111111111111    20191206T125209514751
 4     240     2.8230      0.0       0.0     0.0014      0.4    0.8    1992.706   25.1   0b1111111111111111    20191206T125209515093
 5     240     2.8112      0.3       0.7     0.0023      0.3    0.8    1204.779   25.1   0b1111111111111111    20191206T125209515381
 6     240     2.8148      0.0       0.0     0.0032      0.3    0.8     888.868   25.1   0b1111111111111111    20191206T125209515664
 7     240     2.8049      0.2       0.7     0.0018      0.2    0.8    1602.814   25.1   0b1111111111111111    20191206T125209515964
 8     240     2.7877      0.2       0.7     0.0017      0.0    0.0    1672.605   25.1   0b1111111111111111    20191206T125209516103
 9     240     2.7997      0.0       0.0     0.0039      0.4    0.8     714.830   25.1   0b1111111111111111    20191206T125209516241
10     240     2.8043      0.0       0.0     0.0000      0.4    1.7    -666.000   25.1   0b1111111111111111    20191206T125209516378
11     240     2.7857      0.3       0.8     0.0007      0.3    0.8    4178.588   25.1   0b1111111111111111    20191206T125209516514
12     240     2.8298      0.2       0.7     0.0009      0.3    0.8    3087.082   25.1   0b1111111111111111    20191206T125209516650
13     240     2.8125      0.0       0.0    -0.0005      0.4    0.8    -666.000   25.1   0b1111111111111111    20191206T125209516814
14     240     2.8148      0.0       0.0     0.0037      0.4    0.8     767.659   25.1   0b1111111111111111    20191206T125209516958
15     240     2.8091      0.4       0.7     0.0026      0.2    0.8    1087.403   25.1   0b1111111111111111    20191206T125209517094
 0     230     2.7652      0.0       0.0     0.0010      0.3    0.8    2765.250   25.0   0b1111111111111111    20191206T125212959035
 1     230     2.7645      0.0       0.0     0.0031      0.4    0.8     896.595   25.0   0b1111111111111111    20191206T125212959420
 2     230     2.7518      0.0       0.0     0.0027      0.3    0.8    1031.906   25.0   0b1111111111111111    20191206T125212959754
 3     230     2.7593      0.0       0.0     0.0015      0.3    0.8    1839.500   25.0   0b1111111111111111    20191206T125212960050
 4     230     2.7742      0.0       0.0     0.0013      0.4    0.8    2080.687   25.0   0b1111111111111111    20191206T125212960338
 5     230     2.7634      0.4       0.8     0.0023      0.3    0.8    1184.304   25.0   0b1111111111111111    20191206T125212960624
 6     230     2.7668      0.0       0.0     0.0033      0.2    0.8     851.308   25.0   0b1111111111111111    20191206T125212960928
 7     230     2.7570      0.0       0.0     0.0018      0.2    0.8    1575.429   25.0   0b1111111111111111    20191206T125212961210
 8     230     2.7405      0.0       0.0     0.0014      0.4    0.8    1934.471   25.0   0b1111111111111111    20191206T125212961491
 9     230     2.7525      0.0       0.0     0.0039      0.4    0.8     702.766   25.0   0b1111111111111111    20191206T125212961828
10     230     2.7570      0.0       0.0     0.0000      0.0    0.0    -666.000   25.0   0b1111111111111111    20191206T125212962114
11     230     2.7390      0.0       0.0     0.0007      0.2    0.8    3652.000   25.0   0b1111111111111111    20191206T125212962396
12     230     2.7817      0.0       0.0     0.0008      0.4    1.7    3338.100   25.0   0b1111111111111111    20191206T125212962701
13     230     2.7652      0.0       0.0    -0.0007      0.3    0.8    -666.000   25.0   0b1111111111111111    20191206T125212962985
14     230     2.7668      0.2       0.7     0.0040      0.3    0.8     691.706   25.0   0b1111111111111111    20191206T125212963266
15     230     2.7615      0.0       0.0     0.0029      0.4    0.8     946.800   25.0   0b1111111111111111    20191206T125212963546
 0     220     2.7153      0.4       0.7     0.0010      0.3    0.8    2715.300   25.0   0b1111111111111111    20191206T125216406615
 1     220     2.7157      0.0       0.0     0.0028      0.4    0.8     987.545   25.0   0b1111111111111111    20191206T125216407057
 2     220     2.7030      0.0       0.0     0.0025      0.0    0.0    1081.200   25.0   0b1111111111111111    20191206T125216407363
 3     220     2.7098      0.0       0.0     0.0014      0.4    0.8    1912.765   25.0   0b1111111111111111    20191206T125216407656
 4     220     2.7247      0.0       0.0     0.0016      0.3    0.8    1720.895   25.0   0b1111111111111111    20191206T125216407992
 5     220     2.7150      0.0       0.0     0.0024      0.2    0.8    1123.448   25.0   0b1111111111111111    20191206T125216408286
 6     220     2.7180      0.0       0.0     0.0031      0.4    0.8     881.514   25.0   0b1111111111111111    20191206T125216408572
 7     220     2.7083      0.0       0.0     0.0018      0.2    0.8    1547.571   25.0   0b1111111111111111    20191206T125216408911
 8     220     2.6917      0.0       0.0     0.0014      0.4    0.8    1900.059   25.0   0b1111111111111111    20191206T125216409200
 9     220     2.7037      0.0       0.0     0.0036      0.4    0.8     754.535   25.0   0b1111111111111111    20191206T125216409484
10     220     2.7075      0.0       0.0    -0.0002      0.4    0.8    -666.000   25.0   0b1111111111111111    20191206T125216409783
11     220     2.6904      0.3       0.8     0.0007      0.2    0.8    3587.200   25.0   0b1111111111111111    20191206T125216410098
12     220     2.7323      0.2       0.8     0.0011      0.4    0.8    2522.146   25.0   0b1111111111111111    20191206T125216410380
13     220     2.7157      0.0       0.0    -0.0006      0.4    0.8    -666.000   25.0   0b1111111111111111    20191206T125216410672
14     220     2.7180      0.0       0.0     0.0039      0.4    0.8     693.957   25.0   0b1111111111111111    20191206T125216411003
15     220     2.7128      0.0       0.0     0.0028      0.4    0.8     986.455   25.0   0b1111111111111111    20191206T125216411288
 0     210     2.6663      0.0       0.0     0.0009      0.3    0.8    2908.636   25.0   0b1111111111111111    20191206T125219860652
 1     210     2.6669      0.3       0.8     0.0028      0.4    0.8     969.764   25.0   0b1111111111111111    20191206T125219861096
 2     210     2.6543      0.0       0.0     0.0025      0.0    0.0    1061.700   25.0   0b1111111111111111    20191206T125219861401
 3     210     2.6603      0.0       0.0     0.0013      0.4    0.8    2128.200   25.0   0b1111111111111111    20191206T125219861694
 4     210     2.6751      0.3       0.7     0.0011      0.4    0.8    2469.323   25.0   0b1111111111111111    20191206T125219862024
 5     210     2.6655      0.0       0.0     0.0019      0.4    0.8    1390.696   25.0   0b1111111111111111    20191206T125219862315
 6     210     2.6685      0.0       0.0     0.0027      0.3    0.8    1000.687   25.0   0b1111111111111111    20191206T125219862599
 7     210     2.6588      0.0       0.0     0.0017      0.0    0.0    1595.250   25.0   0b1111111111111111    20191206T125219862935
 8     210     2.6430      0.0       0.0     0.0013      0.4    0.8    2114.400   25.0   0b1111111111111111    20191206T125219863223
 9     210     2.6550      0.0       0.0     0.0037      0.4    0.8     724.091   25.0   0b1111111111111111    20191206T125219863506
10     210     2.6580      0.0       0.0    -0.0002      0.3    0.8    -666.000   25.0   0b1111111111111111    20191206T125219863830
11     210     2.6415      0.0       0.0     0.0008      0.0    0.0    3169.800   25.0   0b1111111111111111    20191206T125219864125
12     210     2.6827      0.0       0.0     0.0008      0.0    0.0    3219.300   25.0   0b1111111111111111    20191206T125219864408
13     210     2.6663      0.0       0.0    -0.0005      0.4    0.8    -666.000   25.0   0b1111111111111111    20191206T125219864688
14     210     2.6685      0.0       0.0     0.0037      0.4    0.8     711.600   25.0   0b1111111111111111    20191206T125219865016
15     210     2.6637      0.4       0.8     0.0030      0.4    0.8     887.900   25.0   0b1111111111111111    20191206T125219865301
 0     200     2.6166      0.3       0.7     0.0008      0.0    0.0    3139.920   25.0   0b1111111111111111    20191206T125223330758
 1     200     2.6170      0.4       0.7     0.0028      0.4    0.8     951.655   25.0   0b1111111111111111    20191206T125223331202
 2     200     2.6047      0.0       0.0     0.0025      0.0    0.0    1041.900   25.0   0b1111111111111111    20191206T125223331516
 3     200     2.6115      0.0       0.0     0.0011      0.4    0.8    2410.615   25.0   0b1111111111111111    20191206T125223331872
 4     200     2.6249      0.2       0.8     0.0011      0.4    0.8    2423.008   25.0   0b1111111111111111    20191206T125223332173
 5     200     2.6160      0.0       0.0     0.0019      0.4    0.8    1364.870   25.0   0b1111111111111111    20191206T125223332465
 6     200     2.6183      0.0       0.0     0.0027      0.3    0.8     981.844   25.0   0b1111111111111111    20191206T125223332753
 7     200     2.6092      0.0       0.0     0.0017      0.0    0.0    1565.550   25.0   0b1111111111111111    20191206T125223333090
 8     200     2.5942      0.0       0.0     0.0011      0.4    0.8    2394.692   25.0   0b1111111111111111    20191206T125223333379
 9     200     2.6058      0.4       0.8     0.0035      0.3    0.8     744.514   25.0   0b1111111111111111    20191206T125223333663
10     200     2.6089      0.4       0.8    -0.0003      0.4    0.8    -666.000   25.0   0b1111111111111111    20191206T125223333993
11     200     2.5927      0.0       0.0     0.0007      0.2    0.8    3457.000   25.0   0b1111111111111111    20191206T125223334282
12     200     2.6325      0.0       0.0     0.0008      0.0    0.0    3159.000   25.0   0b1111111111111111    20191206T125223334575
13     200     2.6168      0.0       0.0    -0.0007      0.2    0.8    -666.000   25.0   0b1111111111111111    20191206T125223334914
14     200     2.6184      0.3       0.7     0.0039      0.4    0.8     668.528   25.0   0b1111111111111111    20191206T125223335202
15     200     2.6139      0.3       0.7     0.0028      0.4    0.8     922.553   25.0   0b1111111111111111    20191206T125223335485
 0     190     2.5684      0.4       0.8     0.0008      0.0    0.0    3082.050   25.0   0b1111111111111111    20191206T125226774034
 1     190     2.5695      0.0       0.0     0.0027      0.3    0.8     963.562   25.0   0b1111111111111111    20191206T125226774411
 2     190     2.5576      0.2       0.8     0.0024      0.2    0.8    1058.307   25.0   0b1111111111111111    20191206T125226774746
 3     190     2.5635      0.0       0.0     0.0010      0.3    0.8    2563.500   25.0   0b1111111111111111    20191206T125226775041
 4     190     2.5770      0.0       0.0     0.0011      0.4    0.8    2378.769   25.0   0b1111111111111111    20191206T125226775327
 5     190     2.5685      0.4       0.8     0.0018      0.3    0.8    1400.973   25.0   0b1111111111111111    20191206T125226775612
 6     190     2.5703      0.0       0.0     0.0026      0.2    0.8     994.935   25.0   0b1111111111111111    20191206T125226775862
 7     190     2.5613      0.0       0.0     0.0017      0.0    0.0    1536.750   25.0   0b1111111111111111    20191206T125226776000
 8     190     2.5470      0.0       0.0     0.0012      0.4    0.8    2183.143   25.0   0b1111111111111111    20191206T125226776136
 9     190     2.5583      0.0       0.0     0.0035      0.3    0.8     730.929   25.0   0b1111111111111111    20191206T125226776272
10     190     2.5618      0.3       0.8    -0.0006      0.4    0.8    -666.000   25.0   0b1111111111111111    20191206T125226776408
11     190     2.5463      0.0       0.0     0.0006      0.4    0.8    4365.000   25.0   0b1111111111111111    20191206T125226776544
12     190     2.5852      0.0       0.0     0.0008      0.0    0.0    3102.300   25.0   0b1111111111111111    20191206T125226776691
13     190     2.5688      0.0       0.0    -0.0008      0.0    0.0    -666.000   25.0   0b1111111111111111    20191206T125226776828
14     190     2.5709      0.3       0.8     0.0036      0.4    0.8     717.447   25.0   0b1111111111111111    20191206T125226776984
15     190     2.5659      0.3       0.8     0.0027      0.3    0.8     962.212   25.0   0b1111111111111111    20191206T125226777129
 0     180     2.5192      0.0       0.0     0.0008      0.0    0.0    3023.100   25.0   0b1111111111111111    20191206T125230219987
 1     180     2.5202      0.3       0.7     0.0026      0.2    0.8     975.571   25.0   0b1111111111111111    20191206T125230220370
 2     180     2.5087      0.0       0.0     0.0023      0.4    0.8    1115.000   25.0   0b1111111111111111    20191206T125230220696
 3     180     2.5147      0.0       0.0     0.0008      0.0    0.0    3017.700   25.0   0b1111111111111111    20191206T125230220990
 4     180     2.5275      0.0       0.0     0.0008      0.0    0.0    3033.000   25.0   0b1111111111111111    20191206T125230221278
 5     180     2.5192      0.0       0.0     0.0017      0.0    0.0    1511.550   25.0   0b1111111111111111    20191206T125230221562
 6     180     2.5208      0.0       0.0     0.0025      0.0    0.0    1008.300   25.0   0b1111111111111111    20191206T125230221867
 7     180     2.5117      0.0       0.0     0.0016      0.3    0.8    1586.368   25.0   0b1111111111111111    20191206T125230222151
 8     180     2.4982      0.0       0.0     0.0009      0.3    0.8    2725.364   25.0   0b1111111111111111    20191206T125230222433
 9     180     2.5095      0.0       0.0     0.0033      0.0    0.0     752.850   25.0   0b1111111111111111    20191206T125230222735
10     180     2.5125      0.0       0.0    -0.0007      0.2    0.8    -666.000   25.0   0b1111111111111111    20191206T125230223065
11     180     2.4972      0.4       0.7     0.0004      0.4    0.8    5993.280   25.0   0b1111111111111111    20191206T125230223363
12     180     2.5358      0.0       0.0     0.0008      0.0    0.0    3042.900   25.0   0b1111111111111111    20191206T125230223668
13     180     2.5192      0.0       0.0    -0.0009      0.3    0.8    -666.000   25.0   0b1111111111111111    20191206T125230223952
14     180     2.5215      0.0       0.0     0.0035      0.3    0.8     720.429   25.0   0b1111111111111111    20191206T125230224233
15     180     2.5170      0.0       0.0     0.0025      0.0    0.0    1006.800   25.0   0b1111111111111111    20191206T125230224514
 0     170     2.4698      0.0       0.0     0.0007      0.2    0.8    3293.000   25.0   0b1111111111111111    20191206T125233663459
 1     170     2.4713      0.0       0.0     0.0025      0.0    0.0     988.500   25.0   0b1111111111111111    20191206T125233663885
 2     170     2.4600      0.0       0.0     0.0023      0.3    0.8    1054.286   25.0   0b1111111111111111    20191206T125233664189
 3     170     2.4653      0.0       0.0     0.0008      0.0    0.0    2958.300   25.0   0b1111111111111111    20191206T125233664482
 4     170     2.4773      0.0       0.0     0.0008      0.0    0.0    2972.700   25.0   0b1111111111111111    20191206T125233664789
 5     170     2.4698      0.0       0.0     0.0017      0.0    0.0    1481.850   25.0   0b1111111111111111    20191206T125233665078
 6     170     2.4713      0.0       0.0     0.0025      0.0    0.0     988.500   25.0   0b1111111111111111    20191206T125233665361
 7     170     2.4627      0.4       0.8     0.0017      0.0    0.0    1477.620   25.0   0b1111111111111111    20191206T125233665670
 8     170     2.4495      0.0       0.0     0.0010      0.3    0.8    2449.500   25.0   0b1111111111111111    20191206T125233665905
 9     170     2.4604      0.4       0.8     0.0033      0.0    0.0     738.112   25.0   0b1111111111111111    20191206T125233666044
10     170     2.4638      0.0       0.0    -0.0007      0.2    0.8    -666.000   25.0   0b1111111111111111    20191206T125233666180
11     170     2.4487      0.0       0.0     0.0000      0.0    0.0    -666.000   25.0   0b1111111111111111    20191206T125233666317
12     170     2.4855      0.0       0.0     0.0008      0.0    0.0    2982.600   25.0   0b1111111111111111    20191206T125233666453
13     170     2.4704      0.2       0.8    -0.0009      0.3    0.8    -666.000   25.0   0b1111111111111111    20191206T125233666589
14     170     2.4720      0.0       0.0     0.0033      0.0    0.0     741.600   25.0   0b1111111111111111    20191206T125233666735
15     170     2.4675      0.0       0.0     0.0025      0.0    0.0     987.000   25.0   0b1111111111111111    20191206T125233666873
 0     160     2.4202      0.0       0.0     0.0006      0.4    0.8    4149.000   25.0   0b1111111111111111    20191206T125237100037
 1     160     2.4217      0.0       0.0     0.0025      0.0    0.0     968.700   25.0   0b1111111111111111    20191206T125237100437
 2     160     2.4105      0.0       0.0     0.0018      0.3    0.8    1314.818   25.0   0b1111111111111111    20191206T125237100778
 3     160     2.4165      0.0       0.0     0.0008      0.0    0.0    2899.800   25.0   0b1111111111111111    20191206T125237101079
 4     160     2.4277      0.0       0.0     0.0008      0.0    0.0    2913.300   25.0   0b1111111111111111    20191206T125237101372
 5     160     2.4198      0.4       0.8     0.0017      0.0    0.0    1451.880   25.0   0b1111111111111111    20191206T125237101682
 6     160     2.4216      0.3       0.8     0.0025      0.0    0.0     968.640   25.0   0b1111111111111111    20191206T125237101973
 7     160     2.4135      0.0       0.0     0.0014      0.4    0.8    1703.647   25.0   0b1111111111111111    20191206T125237102259
 8     160     2.4007      0.0       0.0     0.0010      0.3    0.8    2400.750   25.0   0b1111111111111111    20191206T125237102556
 9     160     2.4112      0.0       0.0     0.0033      0.0    0.0     723.375   25.0   0b1111111111111111    20191206T125237102895
10     160     2.4142      0.0       0.0    -0.0008      0.0    0.0    -666.000   25.0   0b1111111111111111    20191206T125237103193
11     160     2.3992      0.0       0.0     0.0001      0.2    0.8   28791.000   25.0   0b1111111111111111    20191206T125237103479
12     160     2.4360      0.0       0.0     0.0007      0.3    0.8    3654.000   25.0   0b1111111111111111    20191206T125237103786
13     160     2.4209      0.2       0.8    -0.0009      0.3    0.8    -666.000   25.0   0b1111111111111111    20191206T125237104070
14     160     2.4225      0.0       0.0     0.0033      0.0    0.0     726.750   25.0   0b1111111111111111    20191206T125237104353
15     160     2.4180      0.0       0.0     0.0024      0.2    0.8    1000.552   25.0   0b1111111111111111    20191206T125237104634
 0     150     2.3730      0.0       0.0     0.0004      0.4    0.8    5695.200   24.9   0b1111111111111111    20191206T125240543071
 1     150     2.3745      0.0       0.0     0.0024      0.2    0.8     982.552   24.9   0b1111111111111111    20191206T125240543468
 2     150     2.3640      0.0       0.0     0.0019      0.4    0.8    1233.391   24.9   0b1111111111111111    20191206T125240543809
 3     150     2.3693      0.0       0.0     0.0007      0.2    0.8    3159.000   24.9   0b1111111111111111    20191206T125240544113
 4     150     2.3798      0.0       0.0     0.0007      0.3    0.8    3569.625   24.9   0b1111111111111111    20191206T125240544405
 5     150     2.3730      0.0       0.0     0.0017      0.0    0.0    1423.800   24.9   0b1111111111111111    20191206T125240544717
 6     150     2.3744      0.2       0.8     0.0024      0.2    0.8     982.521   24.9   0b1111111111111111    20191206T125240545006
 7     150     2.3663      0.0       0.0     0.0013      0.4    0.8    1893.000   24.9   0b1111111111111111    20191206T125240545291
 8     150     2.3542      0.0       0.0     0.0008      0.0    0.0    2825.100   24.9   0b1111111111111111    20191206T125240545615
 9     150     2.3648      0.0       0.0     0.0033      0.0    0.0     709.425   24.9   0b1111111111111111    20191206T125240545933
10     150     2.3678      0.0       0.0    -0.0008      0.0    0.0    -666.000   24.9   0b1111111111111111    20191206T125240546217
11     150     2.3542      0.0       0.0     0.0000      0.0    0.0    -666.000   24.9   0b1111111111111111    20191206T125240546499
12     150     2.3880      0.0       0.0     0.0007      0.2    0.8    3184.000   24.9   0b1111111111111111    20191206T125240546804
13     150     2.3730      0.0       0.0    -0.0009      0.3    0.8    -666.000   24.9   0b1111111111111111    20191206T125240547089
14     150     2.3753      0.0       0.0     0.0033      0.0    0.0     712.575   24.9   0b1111111111111111    20191206T125240547371
15     150     2.3711      0.4       0.8     0.0025      0.0    0.0     948.450   24.9   0b1111111111111111    20191206T125240547671
 0     140     2.3239      0.4       0.8     0.0003      0.4    0.8    6971.625   24.9   0b1111111111111111    20191206T125243983033
 1     140     2.3257      0.0       0.0     0.0023      0.3    0.8     996.750   24.9   0b1111111111111111    20191206T125243983405
 2     140     2.3152      0.0       0.0     0.0018      0.2    0.8    1323.000   24.9   0b1111111111111111    20191206T125243983738
 3     140     2.3205      0.0       0.0     0.0008      0.0    0.0    2784.600   24.9   0b1111111111111111    20191206T125243984034
 4     140     2.3302      0.0       0.0     0.0007      0.2    0.8    3107.000   24.9   0b1111111111111111    20191206T125243984321
 5     140     2.3242      0.0       0.0     0.0015      0.3    0.8    1549.500   24.9   0b1111111111111111    20191206T125243984606
 6     140     2.3250      0.0       0.0     0.0023      0.3    0.8     996.429   24.9   0b1111111111111111    20191206T125243984913
 7     140     2.3175      0.0       0.0     0.0009      0.3    0.8    2528.182   24.9   0b1111111111111111    20191206T125243985196
 8     140     2.3055      0.0       0.0     0.0008      0.0    0.0    2766.600   24.9   0b1111111111111111    20191206T125243985529
 9     140     2.3160      0.0       0.0     0.0033      0.0    0.0     694.800   24.9   0b1111111111111111    20191206T125243985825
10     140     2.3190      0.0       0.0    -0.0008      0.0    0.0    -666.000   24.9   0b1111111111111111    20191206T125243985964
11     140     2.3061      0.3       0.8     0.0000      0.0    0.0    -666.000   24.9   0b1111111111111111    20191206T125243986100
12     140     2.3385      0.0       0.0     0.0005      0.4    0.8    4677.000   24.9   0b1111111111111111    20191206T125243986236
13     140     2.3242      0.0       0.0    -0.0009      0.3    0.8    -666.000   24.9   0b1111111111111111    20191206T125243986371
14     140     2.3265      0.0       0.0     0.0033      0.2    0.8     715.846   24.9   0b1111111111111111    20191206T125243986507
15     140     2.3220      0.0       0.0     0.0023      0.3    0.8     995.143   24.9   0b1111111111111111    20191206T125243986654
 0     130     2.2748      0.0       0.0     0.0002      0.4    0.8    9099.000   24.9   0b1111111111111111    20191206T125247422127
 1     130     2.2768      0.3       0.8     0.0021      0.4    0.8    1092.852   24.9   0b1111111111111111    20191206T125247422514
 2     130     2.2665      0.0       0.0     0.0017      0.0    0.0    1359.900   24.9   0b1111111111111111    20191206T125247422857
 3     130     2.2718      0.0       0.0     0.0007      0.2    0.8    3029.000   24.9   0b1111111111111111    20191206T125247423160
 4     130     2.2809      0.3       0.8     0.0006      0.4    0.8    3910.114   24.9   0b1111111111111111    20191206T125247423452
 5     130     2.2748      0.0       0.0     0.0013      0.4    0.8    1706.062   24.9   0b1111111111111111    20191206T125247423768
 6     130     2.2762      0.2       0.8     0.0022      0.4    0.8    1050.542   24.9   0b1111111111111111    20191206T125247424059
 7     130     2.2688      0.0       0.0     0.0008      0.0    0.0    2722.500   24.9   0b1111111111111111    20191206T125247424385
 8     130     2.2575      0.0       0.0     0.0007      0.3    0.8    3386.250   24.9   0b1111111111111111    20191206T125247424695
 9     130     2.2680      0.0       0.0     0.0031      0.4    0.8     735.568   24.9   0b1111111111111111    20191206T125247424982
10     130     2.2703      0.0       0.0    -0.0008      0.0    0.0    -666.000   24.9   0b1111111111111111    20191206T125247425264
11     130     2.2575      0.0       0.0     0.0000      0.0    0.0    -666.000   24.9   0b1111111111111111    20191206T125247425546
12     130     2.2890      0.0       0.0     0.0002      0.4    0.8    9156.000   24.9   0b1111111111111111    20191206T125247425832
13     130     2.2755      0.0       0.0    -0.0011      0.4    0.8    -666.000   24.9   0b1111111111111111    20191206T125247425971
14     130     2.2770      0.0       0.0     0.0033      0.0    0.0     683.100   24.9   0b1111111111111111    20191206T125247426109
15     130     2.2733      0.0       0.0     0.0023      0.4    0.8    1010.333   24.9   0b1111111111111111    20191206T125247426246
 0     120     2.2267      0.0       0.0     0.0000      0.0    0.0    -666.000   24.9   0b1111111111111111    20191206T125250859602
 1     120     2.2282      0.0       0.0     0.0020      0.4    0.8    1114.125   24.9   0b1111111111111111    20191206T125250860002
 2     120     2.2185      0.0       0.0     0.0017      0.0    0.0    1331.100   24.9   0b1111111111111111    20191206T125250860302
 3     120     2.2224      0.3       0.8     0.0006      0.4    0.8    3809.829   24.9   0b1111111111111111    20191206T125250860592
 4     120     2.2327      0.0       0.0     0.0006      0.4    0.8    3827.571   24.9   0b1111111111111111    20191206T125250860902
 5     120     2.2266      0.3       0.8     0.0011      0.4    0.8    2055.323   24.9   0b1111111111111111    20191206T125250861187
 6     120     2.2268      0.2       0.8     0.0018      0.2    0.8    1272.471   24.9   0b1111111111111111    20191206T125250861469
 7     120     2.2200      0.0       0.0     0.0008      0.0    0.0    2664.000   24.9   0b1111111111111111    20191206T125250861782
 8     120     2.2087      0.0       0.0     0.0004      0.4    0.8    5301.000   24.9   0b1111111111111111    20191206T125250862114
 9     120     2.2197      0.4       0.8     0.0029      0.4    0.8     761.040   24.9   0b1111111111111111    20191206T125250862401
10     120     2.2215      0.0       0.0    -0.0008      0.0    0.0    -666.000   24.9   0b1111111111111111    20191206T125250862705
11     120     2.2095      0.0       0.0     0.0000      0.0    0.0    -666.000   24.9   0b1111111111111111    20191206T125250862990
12     120     2.2395      0.0       0.0     0.0003      0.4    0.8    6718.500   24.9   0b1111111111111111    20191206T125250863269
13     120     2.2267      0.0       0.0    -0.0009      0.3    0.8    -666.000   24.9   0b1111111111111111    20191206T125250863548
14     120     2.2290      0.0       0.0     0.0032      0.3    0.8     703.895   24.9   0b1111111111111111    20191206T125250863851
15     120     2.2246      0.2       0.8     0.0019      0.4    0.8    1160.648   24.9   0b1111111111111111    20191206T125250864134
 0     110     2.1803      0.0       0.0     0.0001      0.2    0.8   26163.000   24.8   0b1111111111111111    20191206T125254302970
 1     110     2.1818      0.0       0.0     0.0019      0.4    0.8    1138.304   24.8   0b1111111111111111    20191206T125254303358
 2     110     2.1721      0.2       0.8     0.0017      0.0    0.0    1303.245   24.8   0b1111111111111111    20191206T125254303685
 3     110     2.1759      0.3       0.8     0.0007      0.3    0.8    3263.850   24.8   0b1111111111111111    20191206T125254303978
 4     110     2.1855      0.0       0.0     0.0002      0.4    0.8    8742.000   24.8   0b1111111111111111    20191206T125254304267
 5     110     2.1795      0.0       0.0     0.0012      0.4    0.8    1868.143   24.8   0b1111111111111111    20191206T125254304551
 6     110     2.1803      0.0       0.0     0.0018      0.2    0.8    1245.857   24.8   0b1111111111111111    20191206T125254304857
 7     110     2.1735      0.0       0.0     0.0009      0.3    0.8    2371.091   24.8   0b1111111111111111    20191206T125254305140
 8     110     2.1623      0.0       0.0     0.0002      0.4    0.8    8649.000   24.8   0b1111111111111111    20191206T125254305422
 9     110     2.1731      0.4       0.8     0.0029      0.4    0.8     745.046   24.8   0b1111111111111111    20191206T125254305734
10     110     2.1750      0.0       0.0    -0.0008      0.0    0.0    -666.000   24.8   0b1111111111111111    20191206T125254306065
11     110     2.1630      0.0       0.0    -0.0001      0.2    0.8    -666.000   24.8   0b1111111111111111    20191206T125254306352
12     110     2.1930      0.0       0.0     0.0002      0.3    0.8   13158.000   24.8   0b1111111111111111    20191206T125254306632
13     110     2.1803      0.0       0.0    -0.0013      0.4    0.8    -666.000   24.8   0b1111111111111111    20191206T125254306940
14     110     2.1824      0.2       0.8     0.0031      0.4    0.8     707.814   24.8   0b1111111111111111    20191206T125254307223
15     110     2.1782      0.3       0.8     0.0020      0.4    0.8    1089.075   24.8   0b1111111111111111    20191206T125254307503
 0     100     2.1307      0.0       0.0     0.0000      0.0    0.0    -666.000   24.8   0b1111111111111111    20191206T125257748407
 1     100     2.1329      0.2       0.8     0.0017      0.0    0.0    1279.755   24.8   0b1111111111111111    20191206T125257748792
 2     100     2.1232      0.2       0.8     0.0017      0.0    0.0    1273.905   24.8   0b1111111111111111    20191206T125257749122
 3     100     2.1270      0.0       0.0     0.0003      0.4    0.8    6381.000   24.8   0b1111111111111111    20191206T125257749414
 4     100     2.1367      0.0       0.0     0.0000      0.0    0.0    -666.000   24.8   0b1111111111111111    20191206T125257749698
 5     100     2.1307      0.0       0.0     0.0010      0.3    0.8    2130.750   24.8   0b1111111111111111    20191206T125257750004
 6     100     2.1307      0.0       0.0     0.0018      0.2    0.8    1217.571   24.8   0b1111111111111111    20191206T125257750301
 7     100     2.1247      0.0       0.0     0.0007      0.2    0.8    2833.000   24.8   0b1111111111111111    20191206T125257750585
 8     100     2.1135      0.0       0.0     0.0002      0.4    0.8    8454.000   24.8   0b1111111111111111    20191206T125257750937
 9     100     2.1247      0.0       0.0     0.0028      0.4    0.8     749.912   24.8   0b1111111111111111    20191206T125257751225
10     100     2.1262      0.0       0.0    -0.0010      0.3    0.8    -666.000   24.8   0b1111111111111111    20191206T125257751508
11     100     2.1147      0.4       0.7     0.0000      0.0    0.0    -666.000   24.8   0b1111111111111111    20191206T125257751789
12     100     2.1435      0.0       0.0     0.0000      0.0    0.0    -666.000   24.8   0b1111111111111111    20191206T125257752087
13     100     2.1310      0.3       0.8    -0.0015      0.3    0.8    -666.000   24.8   0b1111111111111111    20191206T125257752368
14     100     2.1330      0.0       0.0     0.0031      0.4    0.8     691.784   24.8   0b1111111111111111    20191206T125257752648
15     100     2.1293      0.2       0.8     0.0018      0.2    0.8    1216.757   24.8   0b1111111111111111    20191206T125257752948
 0      90     2.0804      0.2       0.8    -0.0001      0.2    0.8    -666.000   24.8   0b1111111111111111    20191206T125301194698
 1      90     2.0834      0.2       0.8     0.0017      0.0    0.0    1250.055   24.8   0b1111111111111111    20191206T125301195097
 2      90     2.0737      0.2       0.8     0.0016      0.3    0.8    1309.689   24.8   0b1111111111111111    20191206T125301195401
 3      90     2.0768      0.0       0.0     0.0002      0.4    0.8    8307.000   24.8   0b1111111111111111    20191206T125301195692
 4      90     2.0865      0.0       0.0     0.0000      0.0    0.0    -666.000   24.8   0b1111111111111111    20191206T125301196007
 5      90     2.0820      0.0       0.0     0.0008      0.0    0.0    2498.400   24.8   0b1111111111111111    20191206T125301196298
 6      90     2.0828      0.0       0.0     0.0017      0.0    0.0    1249.650   24.8   0b1111111111111111    20191206T125301196582
 7      90     2.0753      0.0       0.0     0.0008      0.0    0.0    2490.300   24.8   0b1111111111111111    20191206T125301196864
 8      90     2.0648      0.0       0.0     0.0002      0.3    0.8   12388.500   24.8   0b1111111111111111    20191206T125301197167
 9      90     2.0753      0.0       0.0     0.0026      0.2    0.8     803.323   24.8   0b1111111111111111    20191206T125301197449
10      90     2.0783      0.0       0.0    -0.0010      0.3    0.8    -666.000   24.8   0b1111111111111111    20191206T125301197770
11      90     2.0663      0.0       0.0    -0.0002      0.4    0.8    -666.000   24.8   0b1111111111111111    20191206T125301198077
12      90     2.0941      0.2       0.7     0.0000      0.0    0.0    -666.000   24.8   0b1111111111111111    20191206T125301198359
13      90     2.0820      0.0       0.0    -0.0017      0.0    0.0    -666.000   24.8   0b1111111111111111    20191206T125301198638
14      90     2.0843      0.0       0.0     0.0027      0.3    0.8     781.594   24.8   0b1111111111111111    20191206T125301198938
15      90     2.0805      0.0       0.0     0.0017      0.0    0.0    1248.300   24.8   0b1111111111111111    20191206T125301199221
 0      80     2.0295      0.0       0.0    -0.0001      0.2    0.8    -666.000   24.8   0b1111111111111111    20191206T125304635460
 1      80     2.0324      0.2       0.8     0.0018      0.2    0.8    1161.386   24.8   0b1111111111111111    20191206T125304635880
 2      80     2.0224      0.4       0.8     0.0014      0.4    0.8    1427.559   24.8   0b1111111111111111    20191206T125304636186
 3      80     2.0257      0.0       0.0     0.0001      0.2    0.8   24309.000   24.8   0b1111111111111111    20191206T125304636481
 4      80     2.0356      0.2       0.8     0.0001      0.2    0.8   24426.900   24.8   0b1111111111111111    20191206T125304636792
 5      80     2.0317      0.2       0.7     0.0008      0.0    0.0    2438.010   24.8   0b1111111111111111    20191206T125304637094
 6      80     2.0325      0.0       0.0     0.0017      0.0    0.0    1219.500   24.8   0b1111111111111111    20191206T125304637378
 7      80     2.0250      0.0       0.0     0.0007      0.3    0.8    3037.500   24.8   0b1111111111111111    20191206T125304637682
 8      80     2.0139      0.3       0.7     0.0000      0.0    0.0    -666.000   24.8   0b1111111111111111    20191206T125304637966
 9      80     2.0250      0.0       0.0     0.0025      0.0    0.0     810.000   24.8   0b1111111111111111    20191206T125304638247
10      80     2.0274      0.3       0.8    -0.0011      0.4    0.8    -666.000   24.8   0b1111111111111111    20191206T125304638566
11      80     2.0159      0.2       0.8    -0.0005      0.4    0.8    -666.000   24.8   0b1111111111111111    20191206T125304638882
12      80     2.0441      0.4       0.8     0.0000      0.0    0.0    -666.000   24.8   0b1111111111111111    20191206T125304639162
13      80     2.0317      0.0       0.0    -0.0017      0.0    0.0    -666.000   24.8   0b1111111111111111    20191206T125304639441
14      80     2.0343      0.4       0.8     0.0027      0.3    0.8     762.862   24.8   0b1111111111111111    20191206T125304639746
15      80     2.0305      0.3       0.8     0.0017      0.0    0.0    1218.285   24.8   0b1111111111111111    20191206T125304640029
 0      70     1.9778      0.2       0.8     0.0000      0.0    0.0    -666.000   24.7   0b1111111111111111    20191206T125308097176
 1      70     1.9815      0.0       0.0     0.0017      0.0    0.0    1188.900   24.7   0b1111111111111111    20191206T125308097558
 2      70     1.9718      0.0       0.0     0.0013      0.4    0.8    1478.812   24.7   0b1111111111111111    20191206T125308097949
 3      70     1.9748      0.0       0.0     0.0000      0.0    0.0    -666.000   24.7   0b1111111111111111    20191206T125308098253
 4      70     1.9845      0.0       0.0     0.0000      0.0    0.0    -666.000   24.7   0b1111111111111111    20191206T125308098541
 5      70     1.9808      0.0       0.0     0.0008      0.0    0.0    2376.900   24.7   0b1111111111111111    20191206T125308098896
 6      70     1.9815      0.0       0.0     0.0016      0.3    0.8    1251.474   24.7   0b1111111111111111    20191206T125308099187
 7      70     1.9748      0.0       0.0     0.0006      0.4    0.8    3385.286   24.7   0b1111111111111111    20191206T125308099471
 8      70     1.9641      0.3       0.8     0.0000      0.0    0.0    -666.000   24.7   0b1111111111111111    20191206T125308099754
 9      70     1.9745      0.3       0.8     0.0025      0.0    0.0     789.810   24.7   0b1111111111111111    20191206T125308100090
10      70     1.9769      0.2       0.7    -0.0013      0.4    0.8    -666.000   24.7   0b1111111111111111    20191206T125308100371
11      70     1.9657      0.0       0.0    -0.0007      0.3    0.8    -666.000   24.7   0b1111111111111111    20191206T125308100650
12      70     1.9935      0.0       0.0     0.0000      0.0    0.0    -666.000   24.7   0b1111111111111111    20191206T125308100984
13      70     1.9815      0.0       0.0    -0.0017      0.0    0.0    -666.000   24.7   0b1111111111111111    20191206T125308101268
14      70     1.9838      0.2       0.8     0.0025      0.0    0.0     793.530   24.7   0b1111111111111111    20191206T125308101549
15      70     1.9804      0.4       0.8     0.0016      0.3    0.8    1250.763   24.7   0b1111111111111111    20191206T125308101884
 0      60     1.9267      0.0       0.0    -0.0002      0.3    0.8    -666.000   24.7   0b1111111111111111    20191206T125311544350
 1      60     1.9297      0.0       0.0     0.0017      0.0    0.0    1157.850   24.7   0b1111111111111111    20191206T125311544767
 2      60     1.9200      0.0       0.0     0.0010      0.3    0.8    1920.000   24.7   0b1111111111111111    20191206T125311545070
 3      60     1.9230      0.0       0.0     0.0000      0.0    0.0    -666.000   24.7   0b1111111111111111    20191206T125311545361
 4      60     1.9335      0.0       0.0    -0.0001      0.2    0.8    -666.000   24.7   0b1111111111111111    20191206T125311545687
 5      60     1.9295      0.3       0.8     0.0008      0.0    0.0    2315.430   24.7   0b1111111111111111    20191206T125311545977
 6      60     1.9297      0.0       0.0     0.0015      0.3    0.8    1286.500   24.7   0b1111111111111111    20191206T125311546260
 7      60     1.9230      0.0       0.0     0.0005      0.4    0.8    3846.000   24.7   0b1111111111111111    20191206T125311546543
 8      60     1.9125      0.0       0.0     0.0000      0.0    0.0    -666.000   24.7   0b1111111111111111    20191206T125311546842
 9      60     1.9232      0.3       0.8     0.0025      0.0    0.0     769.260   24.7   0b1111111111111111    20191206T125311547139
10      60     1.9252      0.0       0.0    -0.0013      0.4    0.8    -666.000   24.7   0b1111111111111111    20191206T125311547450
11      60     1.9140      0.0       0.0    -0.0007      0.2    0.8    -666.000   24.7   0b1111111111111111    20191206T125311547757
12      60     1.9418      0.2       0.8     0.0000      0.0    0.0    -666.000   24.7   0b1111111111111111    20191206T125311548039
13      60     1.9284      0.3       0.8    -0.0017      0.0    0.0    -666.000   24.7   0b1111111111111111    20191206T125311548318
14      60     1.9325      0.3       0.8     0.0025      0.0    0.0     773.010   24.7   0b1111111111111111    20191206T125311548598
15      60     1.9282      0.0       0.0     0.0017      0.0    0.0    1156.950   24.7   0b1111111111111111    20191206T125311548899
 0      50     1.8750      0.0       0.0    -0.0004      0.4    0.8    -666.000   24.7   0b1111111111111111    20191206T125315025444
 1      50     1.8780      0.0       0.0     0.0016      0.3    0.8    1186.105   24.7   0b1111111111111111    20191206T125315025919
 2      50     1.8690      0.0       0.0     0.0008      0.0    0.0    2242.800   24.7   0b1111111111111111    20191206T125315026233
 3      50     1.8720      0.0       0.0     0.0000      0.0    0.0    -666.000   24.7   0b1111111111111111    20191206T125315026527
 4      50     1.8811      0.2       0.7     0.0000      0.0    0.0    -666.000   24.7   0b1111111111111111    20191206T125315026874
 5      50     1.8773      0.2       0.8     0.0005      0.4    0.8    3754.650   24.7   0b1111111111111111    20191206T125315027168
 6      50     1.8776      0.4       0.8     0.0016      0.3    0.8    1185.821   24.7   0b1111111111111111    20191206T125315027455
 7      50     1.8712      0.0       0.0     0.0003      0.4    0.8    5613.750   24.7   0b1111111111111111    20191206T125315027740
 8      50     1.8615      0.0       0.0     0.0000      0.0    0.0    -666.000   24.7   0b1111111111111111    20191206T125315028073
 9      50     1.8720      0.0       0.0     0.0024      0.2    0.8     774.621   24.7   0b1111111111111111    20191206T125315028358
10      50     1.8736      0.2       0.8    -0.0014      0.4    0.8    -666.000   24.7   0b1111111111111111    20191206T125315028639
11      50     1.8628      0.3       0.7    -0.0007      0.3    0.8    -666.000   24.7   0b1111111111111111    20191206T125315028977
12      50     1.8900      0.0       0.0    -0.0002      0.3    0.8    -666.000   24.7   0b1111111111111111    20191206T125315029262
13      50     1.8765      0.0       0.0    -0.0017      0.2    0.8    -666.000   24.7   0b1111111111111111    20191206T125315029543
14      50     1.8803      0.0       0.0     0.0025      0.0    0.0     752.100   24.7   0b1111111111111111    20191206T125315029875
15      50     1.8765      0.0       0.0     0.0017      0.0    0.0    1125.900   24.7   0b1111111111111111    20191206T125315030162
 0      40     1.8233      0.0       0.0    -0.0006      0.4    0.8    -666.000   24.7   0b1111111111111111    20191206T125318477141
 1      40     1.8261      0.3       0.8     0.0016      0.3    0.8    1153.326   24.7   0b1111111111111111    20191206T125318477533
 2      40     1.8173      0.0       0.0     0.0008      0.0    0.0    2180.700   24.7   0b1111111111111111    20191206T125318477860
 3      40     1.8203      0.0       0.0     0.0000      0.0    0.0    -666.000   24.7   0b1111111111111111    20191206T125318478245
 4      40     1.8285      0.0       0.0    -0.0002      0.4    0.8    -666.000   24.7   0b1111111111111111    20191206T125318478541
 5      40     1.8255      0.0       0.0     0.0003      0.4    0.8    5476.500   24.7   0b1111111111111111    20191206T125318478831
 6      40     1.8255      0.0       0.0     0.0012      0.4    0.8    1564.714   24.7   0b1111111111111111    20191206T125318479164
 7      40     1.8194      0.3       0.8     0.0001      0.2    0.8   21832.200   24.7   0b1111111111111111    20191206T125318479452
 8      40     1.8097      0.0       0.0     0.0000      0.0    0.0    -666.000   24.7   0b1111111111111111    20191206T125318479735
 9      40     1.8209      0.2       0.8     0.0023      0.3    0.8     780.396   24.7   0b1111111111111111    20191206T125318480111
10      40     1.8225      0.0       0.0    -0.0017      0.0    0.0    -666.000   24.7   0b1111111111111111    20191206T125318480404
11      40     1.8113      0.0       0.0    -0.0008      0.0    0.0    -666.000   24.7   0b1111111111111111    20191206T125318480686
12      40     1.8367      0.0       0.0    -0.0002      0.3    0.8    -666.000   24.7   0b1111111111111111    20191206T125318481036
13      40     1.8248      0.0       0.0    -0.0017      0.0    0.0    -666.000   24.7   0b1111111111111111    20191206T125318481326
14      40     1.8284      0.2       0.8     0.0024      0.2    0.8     756.590   24.7   0b1111111111111111    20191206T125318481609
15      40     1.8242      0.3       0.8     0.0013      0.4    0.8    1368.169   24.7   0b1111111111111111    20191206T125318481909
 0      30     1.7716      0.2       0.8    -0.0007      0.2    0.8    -666.000   24.6   0b1111111111111111    20191206T125321919115
 1      30     1.7768      0.0       0.0     0.0013      0.4    0.8    1332.562   24.6   0b1111111111111111    20191206T125321919511
 2      30     1.7685      0.0       0.0     0.0008      0.0    0.0    2122.200   24.6   0b1111111111111111    20191206T125321919898
 3      30     1.7692      0.0       0.0     0.0000      0.0    0.0    -666.000   24.6   0b1111111111111111    20191206T125321920207
 4      30     1.7768      0.0       0.0    -0.0002      0.4    0.8    -666.000   24.6   0b1111111111111111    20191206T125321920501
 5      30     1.7745      0.0       0.0     0.0003      0.4    0.8    5323.500   24.6   0b1111111111111111    20191206T125321920847
 6      30     1.7741      0.4       0.8     0.0013      0.4    0.8    1419.300   24.6   0b1111111111111111    20191206T125321921139
 7      30     1.7685      0.0       0.0     0.0000      0.0    0.0    -666.000   24.6   0b1111111111111111    20191206T125321921424
 8      30     1.7610      0.0       0.0    -0.0001      0.2    0.8    -666.000   24.6   0b1111111111111111    20191206T125321921798
 9      30     1.7700      0.0       0.0     0.0023      0.4    0.8     786.667   24.6   0b1111111111111111    20191206T125321922099
10      30     1.7720      0.3       0.8    -0.0017      0.0    0.0    -666.000   24.6   0b1111111111111111    20191206T125321922382
11      30     1.7625      0.0       0.0    -0.0008      0.0    0.0    -666.000   24.6   0b1111111111111111    20191206T125321922726
12      30     1.7854      0.4       0.7    -0.0002      0.4    0.8    -666.000   24.6   0b1111111111111111    20191206T125321923021
13      30     1.7738      0.0       0.0    -0.0020      0.4    0.8    -666.000   24.6   0b1111111111111111    20191206T125321923303
14      30     1.7775      0.0       0.0     0.0022      0.4    0.8     820.385   24.6   0b1111111111111111    20191206T125321923584
15      30     1.7745      0.0       0.0     0.0013      0.4    0.8    1419.600   24.6   0b1111111111111111    20191206T125321923908
 0      20     1.7212      0.0       0.0    -0.0008      0.0    0.0    -666.000   24.6   0b1111111111111111    20191206T125325365241
 1      20     1.7258      0.0       0.0     0.0011      0.4    0.8    1593.000   24.6   0b1111111111111111    20191206T125325365638
 2      20     1.7175      0.0       0.0     0.0008      0.0    0.0    2061.000   24.6   0b1111111111111111    20191206T125325366020
 3      20     1.7185      0.4       0.8     0.0000      0.0    0.0    -666.000   24.6   0b1111111111111111    20191206T125325366314
 4      20     1.7258      0.0       0.0    -0.0007      0.3    0.8    -666.000   24.6   0b1111111111111111    20191206T125325366602
 5      20     1.7235      0.0       0.0     0.0000      0.0    0.0    -666.000   24.6   0b1111111111111111    20191206T125325366953
 6      20     1.7228      0.0       0.0     0.0008      0.0    0.0    2067.300   24.6   0b1111111111111111    20191206T125325367241
 7      20     1.7175      0.0       0.0     0.0000      0.0    0.0    -666.000   24.6   0b1111111111111111    20191206T125325367531
 8      20     1.7107      0.0       0.0    -0.0004      0.4    0.8    -666.000   24.6   0b1111111111111111    20191206T125325367904
 9      20     1.7197      0.0       0.0     0.0023      0.4    0.8     764.333   24.6   0b1111111111111111    20191206T125325368195
10      20     1.7212      0.0       0.0    -0.0017      0.0    0.0    -666.000   24.6   0b1111111111111111    20191206T125325368477
11      20     1.7123      0.2       0.7    -0.0008      0.0    0.0    -666.000   24.6   0b1111111111111111    20191206T125325368815
12      20     1.7340      0.0       0.0    -0.0003      0.4    0.8    -666.000   24.6   0b1111111111111111    20191206T125325369102
13      20     1.7228      0.0       0.0    -0.0021      0.4    0.8    -666.000   24.6   0b1111111111111111    20191206T125325369382
14      20     1.7263      0.3       0.8     0.0024      0.2    0.8     714.321   24.6   0b1111111111111111    20191206T125325369709
15      20     1.7235      0.0       0.0     0.0012      0.4    0.8    1477.286   24.6   0b1111111111111111    20191206T125325370001
 0      10     1.6702      0.0       0.0    -0.0007      0.2    0.8    -666.000   24.6   0b1111111111111111    20191206T125328807963
 1      10     1.6748      0.2       0.7     0.0008      0.0    0.0    2009.790   24.6   0b1111111111111111    20191206T125328808361
 2      10     1.6672      0.0       0.0     0.0008      0.0    0.0    2000.700   24.6   0b1111111111111111    20191206T125328808677
 3      10     1.6680      0.0       0.0    -0.0002      0.3    0.8    -666.000   24.6   0b1111111111111111    20191206T125328809055
 4      10     1.6746      0.3       0.8    -0.0007      0.3    0.8    -666.000   24.6   0b1111111111111111    20191206T125328809360
 5      10     1.6725      0.0       0.0     0.0000      0.0    0.0    -666.000   24.6   0b1111111111111111    20191206T125328809650
 6      10     1.6717      0.2       0.8     0.0008      0.0    0.0    2006.010   24.6   0b1111111111111111    20191206T125328809991
 7      10     1.6666      0.2       0.8     0.0000      0.0    0.0    -666.000   24.6   0b1111111111111111    20191206T125328810283
 8      10     1.6605      0.0       0.0    -0.0004      0.4    0.8    -666.000   24.6   0b1111111111111111    20191206T125328810632
 9      10     1.6695      0.0       0.0     0.0018      0.3    0.8     910.636   24.6   0b1111111111111111    20191206T125328810987
10      10     1.6710      0.0       0.0    -0.0017      0.2    0.8    -666.000   24.6   0b1111111111111111    20191206T125328811282
11      10     1.6620      0.0       0.0    -0.0008      0.0    0.0    -666.000   24.6   0b1111111111111111    20191206T125328811566
12      10     1.6822      0.0       0.0    -0.0006      0.4    0.8    -666.000   24.6   0b1111111111111111    20191206T125328811847
13      10     1.6717      0.0       0.0    -0.0025      0.0    0.0    -666.000   24.6   0b1111111111111111    20191206T125328812181
14      10     1.6752      0.4       0.7     0.0022      0.4    0.8     773.169   24.6   0b1111111111111111    20191206T125328812465
15      10     1.6725      0.0       0.0     0.0011      0.4    0.8    1543.846   24.6   0b1111111111111111    20191206T125328812747
 0       0     1.6192      0.0       0.0    -0.0008      0.0    0.0    -666.000   24.6   0b1111111111111111    20191206T125332257839
 1       0     1.6237      0.0       0.0     0.0008      0.0    0.0    1948.500   24.6   0b1111111111111111    20191206T125332258232
 2       0     1.6163      0.0       0.0     0.0007      0.2    0.8    2155.000   24.6   0b1111111111111111    20191206T125332258532
 3       0     1.6175      0.3       0.8    -0.0002      0.4    0.8    -666.000   24.6   0b1111111111111111    20191206T125332258871
 4       0     1.6230      0.0       0.0    -0.0008      0.0    0.0    -666.000   24.6   0b1111111111111111    20191206T125332259166
 5       0     1.6213      0.3       0.8     0.0000      0.0    0.0    -666.000   24.6   0b1111111111111111    20191206T125332259451
 6       0     1.6205      0.3       0.7     0.0008      0.0    0.0    1944.630   24.6   0b1111111111111111    20191206T125332259790
 7       0     1.6162      0.2       0.8     0.0000      0.0    0.0    -666.000   24.6   0b1111111111111111    20191206T125332260080
 8       0     1.6096      0.2       0.8    -0.0007      0.2    0.8    -666.000   24.6   0b1111111111111111    20191206T125332260414
 9       0     1.6192      0.0       0.0     0.0018      0.2    0.8     925.286   24.6   0b1111111111111111    20191206T125332260777
10       0     1.6200      0.0       0.0    -0.0017      0.0    0.0    -666.000   24.6   0b1111111111111111    20191206T125332261069
11       0     1.6118      0.0       0.0    -0.0009      0.3    0.8    -666.000   24.6   0b1111111111111111    20191206T125332261351
12       0     1.6305      0.0       0.0    -0.0007      0.2    0.8    -666.000   24.6   0b1111111111111111    20191206T125332261633
13       0     1.6207      0.0       0.0    -0.0022      0.4    0.8    -666.000   24.6   0b1111111111111111    20191206T125332261973
14       0     1.6237      0.0       0.0     0.0020      0.4    0.8     811.875   24.6   0b1111111111111111    20191206T125332262255
15       0     1.6215      0.0       0.0     0.0008      0.0    0.0    1945.800   24.6   0b1111111111111111    20191206T125332262536
