CH# Vset[DAC]   V[V]    dVRMS[mV] dVpp[mV]    I[A]  dIRMS[mA] dIpp[mA]   R[ohm]   T[C]   State                Timestamp
 0     250     2.8455      0.0       0.0     0.1318      0.4    1.7      21.598   26.7   0b1111111111111111    20190613T170223513198
 1     250     2.8591      0.3       0.8     0.5655      0.7    1.7       5.056   26.7   0b1111111111111111    20190613T170223513704
 2     250     2.8448      0.0       0.0     0.1290      0.5    1.7      22.052   26.7   0b1111111111111111    20190613T170223514019
 3     250     2.8429      0.4       0.8     0.5623      0.5    1.7       5.055   26.7   0b1111111111111111    20190613T170223514377
 4     250     2.8508      0.0       0.0     0.1309      0.4    1.7      21.775   26.7   0b1111111111111111    20190613T170223514678
 5     250     2.8604      0.3       0.7     0.5667      0.5    1.7       5.048   26.7   0b1111111111111111    20190613T170223514966
 6     250     2.8506      0.3       0.8     0.1301      0.4    1.7      21.914   26.7   0b1111111111111111    20190613T170223515382
 7     250     2.8350      0.0       0.0     0.5578      0.6    1.7       5.082   26.7   0b1111111111111111    20190613T170223515683
 8     250     2.8237      0.0       0.0     0.1279      0.6    1.7      22.075   26.7   0b1111111111111111    20190613T170223515971
 9     250     2.8365      0.0       0.0     0.5630      0.7    1.7       5.038   26.7   0b1111111111111111    20190613T170223516358
10     250     2.8373      0.0       0.0     0.1279      0.4    0.8      22.180   26.7   0b1111111111111111    20190613T170223516652
11     250     2.8396      0.2       0.7     0.5608      0.0    0.0       5.063   26.7   0b1111111111111111    20190613T170223516936
12     250     2.8590      0.0       0.0     0.1296      0.4    0.8      22.063   26.7   0b1111111111111111    20190613T170223517256
13     250     2.8800      0.0       0.0     0.5658      0.9    3.3       5.091   26.7   0b1111111111111111    20190613T170223517567
14     250     2.8935      0.0       0.0     0.1308      1.1    3.3      22.130   26.7   0b1111111111111111    20190613T170223517849
15     250     2.8818      0.4       0.8     0.5677      0.6    1.7       5.077   26.7   0b1111111111111111    20190613T170223518183
 0     240     2.7967      0.0       0.0     0.1295      0.6    1.7      21.597   26.8   0b1111111111111111    20190613T170226961279
 1     240     2.8110      0.0       0.0     0.5560      0.3    0.8       5.056   26.8   0b1111111111111111    20190613T170226961617
 2     240     2.7960      0.0       0.0     0.1268      0.3    0.8      22.045   26.8   0b1111111111111111    20190613T170226961901
 3     240     2.7945      0.0       0.0     0.5526      0.4    1.7       5.057   26.8   0b1111111111111111    20190613T170226962193
 4     240     2.8020      0.0       0.0     0.1289      0.4    0.8      21.735   26.8   0b1111111111111111    20190613T170226962552
 5     240     2.8113      0.4       0.7     0.5572      0.4    0.8       5.046   26.8   0b1111111111111111    20190613T170226962810
 6     240     2.8020      0.0       0.0     0.1281      0.4    0.8      21.876   26.8   0b1111111111111111    20190613T170226963067
 7     240     2.7870      0.0       0.0     0.5483      0.5    1.7       5.083   26.8   0b1111111111111111    20190613T170226963329
 8     240     2.7757      0.0       0.0     0.1259      0.4    1.7      22.044   26.8   0b1111111111111111    20190613T170226963584
 9     240     2.7883      0.3       0.8     0.5535      0.3    0.8       5.038   26.8   0b1111111111111111    20190613T170226963841
10     240     2.7885      0.0       0.0     0.1259      0.3    0.8      22.146   26.8   0b1111111111111111    20190613T170226964095
11     240     2.7915      0.0       0.0     0.5517      0.4    1.7       5.060   26.8   0b1111111111111111    20190613T170226964477
12     240     2.8102      0.0       0.0     0.1273      0.4    0.8      22.084   26.8   0b1111111111111111    20190613T170226964732
13     240     2.8305      0.0       0.0     0.5566      0.6    1.7       5.085   26.8   0b1111111111111111    20190613T170226964986
14     240     2.8433      0.2       0.8     0.1283      0.5    1.7      22.156   26.8   0b1111111111111111    20190613T170226965257
15     240     2.8327      0.2       0.8     0.5579      0.7    1.7       5.077   26.8   0b1111111111111111    20190613T170226965509
 0     230     2.7495      0.0       0.0     0.1278      0.5    1.7      21.523   26.8   0b1111111111111111    20190613T170230419427
 1     230     2.7638      0.0       0.0     0.5465      0.5    1.7       5.057   26.8   0b1111111111111111    20190613T170230419832
 2     230     2.7495      0.0       0.0     0.1248      0.3    0.8      22.025   26.8   0b1111111111111111    20190613T170230420149
 3     230     2.7473      0.0       0.0     0.5435      0.3    0.8       5.055   26.8   0b1111111111111111    20190613T170230420519
 4     230     2.7550      0.3       0.7     0.1267      0.0    0.0      21.750   26.8   0b1111111111111111    20190613T170230420819
 5     230     2.7638      0.2       0.7     0.5478      0.4    0.8       5.046   26.8   0b1111111111111111    20190613T170230421109
 6     230     2.7548      0.0       0.0     0.1257      0.3    0.8      21.921   26.8   0b1111111111111111    20190613T170230421443
 7     230     2.7399      0.3       0.8     0.5389      0.4    0.8       5.084   26.8   0b1111111111111111    20190613T170230421734
 8     230     2.7292      0.0       0.0     0.1236      0.4    0.8      22.084   26.8   0b1111111111111111    20190613T170230422105
 9     230     2.7413      0.0       0.0     0.5442      0.0    0.0       5.038   26.8   0b1111111111111111    20190613T170230422452
10     230     2.7420      0.0       0.0     0.1238      0.4    0.8      22.158   26.8   0b1111111111111111    20190613T170230422743
11     230     2.7450      0.0       0.0     0.5424      0.3    0.8       5.061   26.8   0b1111111111111111    20190613T170230423026
12     230     2.7623      0.0       0.0     0.1251      0.2    0.8      22.083   26.8   0b1111111111111111    20190613T170230423367
13     230     2.7817      0.0       0.0     0.5468      0.3    0.8       5.087   26.8   0b1111111111111111    20190613T170230423654
14     230     2.7951      0.3       0.8     0.1262      0.6    1.7      22.154   26.8   0b1111111111111111    20190613T170230423935
15     230     2.7841      0.2       0.8     0.5487      0.4    0.8       5.074   26.8   0b1111111111111111    20190613T170230424240
 0     220     2.7007      0.0       0.0     0.1257      0.2    0.8      21.477   26.8   0b1111111111111111    20190613T170233875081
 1     220     2.7142      0.0       0.0     0.5367      0.0    0.0       5.058   26.8   0b1111111111111111    20190613T170233875580
 2     220     2.7015      0.0       0.0     0.1225      0.0    0.0      22.053   26.8   0b1111111111111111    20190613T170233875912
 3     220     2.6977      0.0       0.0     0.5336      0.4    0.8       5.056   26.8   0b1111111111111111    20190613T170233876245
 4     220     2.7067      0.0       0.0     0.1244      0.4    0.8      21.756   26.8   0b1111111111111111    20190613T170233876569
 5     220     2.7164      0.2       0.8     0.5384      0.2    0.8       5.045   26.8   0b1111111111111111    20190613T170233876862
 6     220     2.7069      0.3       0.8     0.1238      0.4    0.8      21.874   26.8   0b1111111111111111    20190613T170233877148
 7     220     2.6910      0.0       0.0     0.5290      0.3    0.8       5.087   26.8   0b1111111111111111    20190613T170233877481
 8     220     2.6805      0.0       0.0     0.1212      0.4    0.8      22.122   26.8   0b1111111111111111    20190613T170233877768
 9     220     2.6940      0.0       0.0     0.5349      0.3    0.8       5.036   26.8   0b1111111111111111    20190613T170233878111
10     220     2.6947      0.0       0.0     0.1217      0.5    1.7      22.149   26.8   0b1111111111111111    20190613T170233878412
11     220     2.6947      0.0       0.0     0.5325      0.0    0.0       5.061   26.8   0b1111111111111111    20190613T170233878554
12     220     2.7128      0.0       0.0     0.1227      0.4    0.8      22.100   26.8   0b1111111111111111    20190613T170233878693
13     220     2.7330      0.0       0.0     0.5373      0.4    0.8       5.087   26.8   0b1111111111111111    20190613T170233878838
14     220     2.7464      0.2       0.7     0.1239      0.4    0.8      22.163   26.8   0b1111111111111111    20190613T170233878976
15     220     2.7345      0.0       0.0     0.5388      0.4    0.8       5.076   26.8   0b1111111111111111    20190613T170233879113
 0     210     2.6519      0.2       0.8     0.1231      0.4    0.8      21.546   26.9   0b1111111111111111    20190613T170237333112
 1     210     2.6654      0.2       0.8     0.5271      0.4    0.8       5.057   26.9   0b1111111111111111    20190613T170237333587
 2     210     2.6520      0.0       0.0     0.1202      0.3    0.8      22.069   26.9   0b1111111111111111    20190613T170237333909
 3     210     2.6490      0.0       0.0     0.5241      0.3    0.8       5.055   26.9   0b1111111111111111    20190613T170237334208
 4     210     2.6580      0.0       0.0     0.1219      0.4    0.8      21.802   26.9   0b1111111111111111    20190613T170237334557
 5     210     2.6670      0.0       0.0     0.5283      0.0    0.0       5.048   26.9   0b1111111111111111    20190613T170237334847
 6     210     2.6582      0.3       0.8     0.1214      0.4    0.8      21.893   26.9   0b1111111111111111    20190613T170237335133
 7     210     2.6429      0.3       0.7     0.5197      0.4    0.8       5.085   26.9   0b1111111111111111    20190613T170237335463
 8     210     2.6320      0.3       0.8     0.1192      0.0    0.0      22.087   26.9   0b1111111111111111    20190613T170237335804
 9     210     2.6453      0.0       0.0     0.5253      0.4    0.8       5.036   26.9   0b1111111111111111    20190613T170237336097
10     210     2.6460      0.0       0.0     0.1192      0.0    0.0      22.204   26.9   0b1111111111111111    20190613T170237336437
11     210     2.6466      0.3       0.8     0.5227      0.3    0.8       5.064   26.9   0b1111111111111111    20190613T170237336730
12     210     2.6633      0.0       0.0     0.1205      0.4    0.8      22.102   26.9   0b1111111111111111    20190613T170237337012
13     210     2.6827      0.0       0.0     0.5273      0.3    0.8       5.087   26.9   0b1111111111111111    20190613T170237337356
14     210     2.6962      0.0       0.0     0.1216      0.2    0.8      22.176   26.9   0b1111111111111111    20190613T170237337644
15     210     2.6842      0.0       0.0     0.5291      0.3    0.8       5.073   26.9   0b1111111111111111    20190613T170237337925
 0     200     2.6025      0.0       0.0     0.1208      0.0    0.0      21.538   26.9   0b1111111111111111    20190613T170240792969
 1     200     2.6160      0.0       0.0     0.5173      0.3    0.8       5.057   26.9   0b1111111111111111    20190613T170240793418
 2     200     2.6032      0.0       0.0     0.1179      0.4    0.8      22.077   26.9   0b1111111111111111    20190613T170240793737
 3     200     2.6002      0.0       0.0     0.5142      0.3    0.8       5.056   26.9   0b1111111111111111    20190613T170240794037
 4     200     2.6089      0.4       0.8     0.1200      0.0    0.0      21.741   26.9   0b1111111111111111    20190613T170240794350
 5     200     2.6177      0.3       0.8     0.5185      0.3    0.8       5.049   26.9   0b1111111111111111    20190613T170240794640
 6     200     2.6092      0.0       0.0     0.1191      0.2    0.8      21.911   26.9   0b1111111111111111    20190613T170240794925
 7     200     2.5940      0.3       0.8     0.5101      0.2    0.8       5.085   26.9   0b1111111111111111    20190613T170240795231
 8     200     2.5838      0.0       0.0     0.1167      0.0    0.0      22.146   26.9   0b1111111111111111    20190613T170240795517
 9     200     2.5965      0.0       0.0     0.5157      0.2    0.8       5.034   26.9   0b1111111111111111    20190613T170240795802
10     200     2.5972      0.0       0.0     0.1170      0.4    0.8      22.199   26.9   0b1111111111111111    20190613T170240796083
11     200     2.5978      0.3       0.7     0.5129      0.4    0.8       5.065   26.9   0b1111111111111111    20190613T170240796388
12     200     2.6130      0.0       0.0     0.1182      0.2    0.8      22.097   26.9   0b1111111111111111    20190613T170240796680
13     200     2.6325      0.0       0.0     0.5173      0.3    0.8       5.089   26.9   0b1111111111111111    20190613T170240796962
14     200     2.6460      0.0       0.0     0.1192      0.3    0.8      22.189   26.9   0b1111111111111111    20190613T170240797267
15     200     2.6340      0.0       0.0     0.5191      0.2    0.8       5.074   26.9   0b1111111111111111    20190613T170240797551
 0     190     2.5560      0.0       0.0     0.1185      0.3    0.8      21.570   26.9   0b1111111111111111    20190613T170244251639
 1     190     2.5695      0.0       0.0     0.5080      0.4    0.8       5.058   26.9   0b1111111111111111    20190613T170244252022
 2     190     2.5568      0.0       0.0     0.1158      0.0    0.0      22.073   26.9   0b1111111111111111    20190613T170244252314
 3     190     2.5529      0.2       0.8     0.5049      0.2    0.8       5.056   26.9   0b1111111111111111    20190613T170244252576
 4     190     2.5619      0.2       0.8     0.1175      0.0    0.0      21.804   26.9   0b1111111111111111    20190613T170244252833
 5     190     2.5716      0.3       0.8     0.5095      0.4    0.8       5.047   26.9   0b1111111111111111    20190613T170244253079
 6     190     2.5620      0.0       0.0     0.1168      0.2    0.8      21.944   26.9   0b1111111111111111    20190613T170244253354
 7     190     2.5485      0.0       0.0     0.5009      0.2    0.8       5.088   26.9   0b1111111111111111    20190613T170244253594
 8     190     2.5372      0.0       0.0     0.1144      0.4    0.8      22.176   26.9   0b1111111111111111    20190613T170244253818
 9     190     2.5508      0.0       0.0     0.5066      0.3    0.8       5.035   26.9   0b1111111111111111    20190613T170244254029
10     190     2.5508      0.0       0.0     0.1150      0.0    0.0      22.180   26.9   0b1111111111111111    20190613T170244254253
11     190     2.5517      0.3       0.8     0.5039      0.4    0.8       5.064   26.9   0b1111111111111111    20190613T170244254531
12     190     2.5651      0.2       0.7     0.1157      0.2    0.8      22.160   26.9   0b1111111111111111    20190613T170244254749
13     190     2.5845      0.0       0.0     0.5078      0.4    0.8       5.090   26.9   0b1111111111111111    20190613T170244254948
14     190     2.5968      0.4       0.8     0.1169      0.4    0.8      22.211   26.9   0b1111111111111111    20190613T170244255325
15     190     2.5858      0.3       0.8     0.5092      0.0    0.0       5.079   26.9   0b1111111111111111    20190613T170244255512
 0     180     2.5066      0.2       0.8     0.1165      0.3    0.8      21.516   26.9   0b1111111111111111    20190613T170247700790
 1     180     2.5200      0.0       0.0     0.4983      0.0    0.0       5.057   26.9   0b1111111111111111    20190613T170247701185
 2     180     2.5080      0.0       0.0     0.1134      0.2    0.8      22.113   26.9   0b1111111111111111    20190613T170247701571
 3     180     2.5042      0.0       0.0     0.4951      0.3    0.8       5.058   26.9   0b1111111111111111    20190613T170247701868
 4     180     2.5132      0.0       0.0     0.1153      0.4    0.8      21.791   26.9   0b1111111111111111    20190613T170247702183
 5     180     2.5223      0.0       0.0     0.4999      0.2    0.8       5.045   26.9   0b1111111111111111    20190613T170247702542
 6     180     2.5132      0.0       0.0     0.1145      0.4    0.8      21.950   26.9   0b1111111111111111    20190613T170247702831
 7     180     2.4997      0.0       0.0     0.4915      0.3    0.8       5.086   26.9   0b1111111111111111    20190613T170247703113
 8     180     2.4885      0.0       0.0     0.1125      0.0    0.0      22.120   26.9   0b1111111111111111    20190613T170247703469
 9     180     2.5023      0.4       0.8     0.4968      0.2    0.8       5.037   26.9   0b1111111111111111    20190613T170247703756
10     180     2.5020      0.0       0.0     0.1128      0.4    0.8      22.191   26.9   0b1111111111111111    20190613T170247704037
11     180     2.5035      0.0       0.0     0.4942      0.2    0.8       5.065   26.9   0b1111111111111111    20190613T170247704395
12     180     2.5155      0.0       0.0     0.1134      0.2    0.8      22.179   26.9   0b1111111111111111    20190613T170247704688
13     180     2.5343      0.2       0.7     0.4980      0.4    0.8       5.089   26.9   0b1111111111111111    20190613T170247704970
14     180     2.5467      0.4       0.7     0.1146      0.4    0.8      22.226   26.9   0b1111111111111111    20190613T170247705303
15     180     2.5358      0.0       0.0     0.4996      0.4    0.8       5.076   26.9   0b1111111111111111    20190613T170247705591
 0     170     2.4579      0.3       0.8     0.1142      0.0    0.0      21.529   27.0   0b1111111111111111    20190613T170251156684
 1     170     2.4713      0.0       0.0     0.4885      0.3    0.8       5.059   27.0   0b1111111111111111    20190613T170251157098
 2     170     2.4593      0.0       0.0     0.1113      0.4    0.8      22.106   27.0   0b1111111111111111    20190613T170251157417
 3     170     2.4555      0.0       0.0     0.4855      0.4    0.8       5.058   27.0   0b1111111111111111    20190613T170251157795
 4     170     2.4645      0.0       0.0     0.1133      0.2    0.8      21.762   27.0   0b1111111111111111    20190613T170251158094
 5     170     2.4735      0.0       0.0     0.4900      0.0    0.0       5.048   27.0   0b1111111111111111    20190613T170251158387
 6     170     2.4645      0.0       0.0     0.1123      0.3    0.8      21.939   27.0   0b1111111111111111    20190613T170251158669
 7     170     2.4518      0.0       0.0     0.4817      0.3    0.8       5.089   27.0   0b1111111111111111    20190613T170251158810
 8     170     2.4405      0.0       0.0     0.1100      0.0    0.0      22.186   27.0   0b1111111111111111    20190613T170251158949
 9     170     2.4539      0.2       0.8     0.4875      0.0    0.0       5.034   27.0   0b1111111111111111    20190613T170251159112
10     170     2.4536      0.4       0.8     0.1105      0.4    0.8      22.204   27.0   0b1111111111111111    20190613T170251159262
11     170     2.4548      0.0       0.0     0.4848      0.4    0.8       5.064   27.0   0b1111111111111111    20190613T170251159402
12     170     2.4660      0.0       0.0     0.1112      0.4    0.8      22.183   27.0   0b1111111111111111    20190613T170251159586
13     170     2.4848      0.0       0.0     0.4882      0.3    0.8       5.090   27.0   0b1111111111111111    20190613T170251159729
14     170     2.4967      0.0       0.0     0.1121      0.4    0.8      22.276   27.0   0b1111111111111111    20190613T170251159867
15     170     2.4859      0.4       0.7     0.4897      0.4    0.8       5.077   27.0   0b1111111111111111    20190613T170251160005
 0     160     2.4090      0.0       0.0     0.1117      0.0    0.0      21.573   27.0   0b1111111111111111    20190613T170254611606
 1     160     2.4224      0.2       0.7     0.4788      0.4    0.8       5.060   27.0   0b1111111111111111    20190613T170254612064
 2     160     2.4105      0.0       0.0     0.1092      0.0    0.0      22.081   27.0   0b1111111111111111    20190613T170254612464
 3     160     2.4067      0.2       0.8     0.4758      0.2    0.8       5.059   27.0   0b1111111111111111    20190613T170254612777
 4     160     2.4152      0.3       0.8     0.1107      0.3    0.8      21.824   27.0   0b1111111111111111    20190613T170254613074
 5     160     2.4242      0.3       0.7     0.4801      0.2    0.8       5.049   27.0   0b1111111111111111    20190613T170254613424
 6     160     2.4154      0.4       0.8     0.1100      0.0    0.0      21.959   27.0   0b1111111111111111    20190613T170254613719
 7     160     2.4030      0.0       0.0     0.4724      0.2    0.8       5.087   27.0   0b1111111111111111    20190613T170254614053
 8     160     2.3925      0.0       0.0     0.1078      0.4    0.8      22.187   27.0   0b1111111111111111    20190613T170254614420
 9     160     2.4052      0.0       0.0     0.4775      0.0    0.0       5.037   27.0   0b1111111111111111    20190613T170254614717
10     160     2.4052      0.2       0.8     0.1083      0.0    0.0      22.202   27.0   0b1111111111111111    20190613T170254615069
11     160     2.4063      0.4       0.8     0.4750      0.0    0.0       5.066   27.0   0b1111111111111111    20190613T170254615439
12     160     2.4165      0.0       0.0     0.1090      0.3    0.8      22.170   27.0   0b1111111111111111    20190613T170254615730
13     160     2.4345      0.0       0.0     0.4781      0.4    0.8       5.092   27.0   0b1111111111111111    20190613T170254616014
14     160     2.4465      0.0       0.0     0.1100      0.0    0.0      22.241   27.0   0b1111111111111111    20190613T170254616350
15     160     2.4360      0.0       0.0     0.4798      0.3    0.8       5.077   27.0   0b1111111111111111    20190613T170254616746
 0     150     2.3625      0.0       0.0     0.1096      0.4    0.8      21.559   27.0   0b1111111111111111    20190613T170258065369
 1     150     2.3760      0.0       0.0     0.4699      0.2    0.8       5.056   27.0   0b1111111111111111    20190613T170258065789
 2     150     2.3633      0.0       0.0     0.1067      0.0    0.0      22.155   27.0   0b1111111111111111    20190613T170258066107
 3     150     2.3595      0.0       0.0     0.4664      0.4    0.8       5.059   27.0   0b1111111111111111    20190613T170258066457
 4     150     2.3693      0.0       0.0     0.1084      0.3    0.8      21.853   27.0   0b1111111111111111    20190613T170258066756
 5     150     2.3781      0.3       0.8     0.4710      0.3    0.8       5.049   27.0   0b1111111111111111    20190613T170258067047
 6     150     2.3693      0.0       0.0     0.1075      0.0    0.0      22.040   27.0   0b1111111111111111    20190613T170258067389
 7     150     2.3558      0.2       0.8     0.4630      0.4    0.8       5.088   27.0   0b1111111111111111    20190613T170258067682
 8     150     2.3475      0.0       0.0     0.1058      0.3    0.8      22.199   27.0   0b1111111111111111    20190613T170258068018
 9     150     2.3588      0.0       0.0     0.4683      0.3    0.8       5.037   27.0   0b1111111111111111    20190613T170258068371
10     150     2.3588      0.0       0.0     0.1060      0.3    0.8      22.252   27.0   0b1111111111111111    20190613T170258068515
11     150     2.3603      0.0       0.0     0.4658      0.0    0.0       5.067   27.0   0b1111111111111111    20190613T170258068654
12     150     2.3693      0.0       0.0     0.1066      0.2    0.8      22.229   27.0   0b1111111111111111    20190613T170258068793
13     150     2.3865      0.0       0.0     0.4685      0.3    0.8       5.094   27.0   0b1111111111111111    20190613T170258068931
14     150     2.3985      0.0       0.0     0.1075      0.0    0.0      22.312   27.0   0b1111111111111111    20190613T170258069068
15     150     2.3876      0.4       0.7     0.4700      0.0    0.0       5.080   27.0   0b1111111111111111    20190613T170258069206
 0     140     2.3145      0.0       0.0     0.1073      0.3    0.8      21.564   27.0   0b1111111111111111    20190613T170301516118
 1     140     2.3272      0.0       0.0     0.4600      0.0    0.0       5.059   27.0   0b1111111111111111    20190613T170301516478
 2     140     2.3152      0.0       0.0     0.1045      0.4    0.8      22.156   27.0   0b1111111111111111    20190613T170301516763
 3     140     2.3112      0.4       0.8     0.4567      0.0    0.0       5.061   27.0   0b1111111111111111    20190613T170301517033
 4     140     2.3211      0.3       0.8     0.1062      0.4    0.8      21.863   27.0   0b1111111111111111    20190613T170301517310
 5     140     2.3295      0.0       0.0     0.4613      0.4    0.8       5.049   27.0   0b1111111111111111    20190613T170301517576
 6     140     2.3212      0.0       0.0     0.1056      0.4    0.8      21.985   27.0   0b1111111111111111    20190613T170301517838
 7     140     2.3080      0.3       0.8     0.4533      0.0    0.0       5.091   27.0   0b1111111111111111    20190613T170301518096
 8     140     2.2995      0.0       0.0     0.1033      0.0    0.0      22.253   27.0   0b1111111111111111    20190613T170301518367
 9     140     2.3107      0.0       0.0     0.4585      0.3    0.8       5.040   27.0   0b1111111111111111    20190613T170301518756
10     140     2.3107      0.0       0.0     0.1038      0.4    0.8      22.254   27.0   0b1111111111111111    20190613T170301519008
11     140     2.3122      0.0       0.0     0.4562      0.4    0.8       5.069   27.0   0b1111111111111111    20190613T170301519267
12     140     2.3197      0.0       0.0     0.1042      0.2    0.8      22.252   27.0   0b1111111111111111    20190613T170301519511
13     140     2.3370      0.0       0.0     0.4587      0.4    0.8       5.095   27.0   0b1111111111111111    20190613T170301519761
14     140     2.3490      0.0       0.0     0.1051      0.3    0.8      22.354   27.0   0b1111111111111111    20190613T170301520014
15     140     2.3385      0.0       0.0     0.4602      0.4    0.8       5.081   27.0   0b1111111111111111    20190613T170301520333
 0     130     2.2658      0.0       0.0     0.1051      0.3    0.8      21.561   27.1   0b1111111111111111    20190613T170304972923
 1     130     2.2787      0.3       0.8     0.4503      0.4    0.8       5.061   27.1   0b1111111111111111    20190613T170304973432
 2     130     2.2667      0.3       0.8     0.1024      0.3    0.8      22.132   27.1   0b1111111111111111    20190613T170304973764
 3     130     2.2628      0.0       0.0     0.4472      0.4    0.8       5.060   27.1   0b1111111111111111    20190613T170304974064
 4     130     2.2725      0.0       0.0     0.1042      0.0    0.0      21.816   27.1   0b1111111111111111    20190613T170304974414
 5     130     2.2809      0.3       0.8     0.4517      0.0    0.0       5.050   27.1   0b1111111111111111    20190613T170304974710
 6     130     2.2725      0.0       0.0     0.1033      0.0    0.0      21.992   27.1   0b1111111111111111    20190613T170304974998
 7     130     2.2601      0.4       0.8     0.4437      0.4    0.8       5.093   27.1   0b1111111111111111    20190613T170304975342
 8     130     2.2515      0.0       0.0     0.1012      0.4    0.8      22.255   27.1   0b1111111111111111    20190613T170304975683
 9     130     2.2627      0.2       0.8     0.4491      0.2    0.8       5.038   27.1   0b1111111111111111    20190613T170304975983
10     130     2.2628      0.0       0.0     0.1016      0.2    0.8      22.275   27.1   0b1111111111111111    20190613T170304976339
11     130     2.2643      0.0       0.0     0.4467      0.0    0.0       5.069   27.1   0b1111111111111111    20190613T170304976632
12     130     2.2710      0.0       0.0     0.1021      0.4    0.8      22.247   27.1   0b1111111111111111    20190613T170304976913
13     130     2.2874      0.2       0.8     0.4490      0.3    0.8       5.094   27.1   0b1111111111111111    20190613T170304977196
14     130     2.2988      0.2       0.8     0.1032      0.3    0.8      22.283   27.1   0b1111111111111111    20190613T170304977563
15     130     2.2889      0.2       0.8     0.4506      0.4    0.8       5.080   27.1   0b1111111111111111    20190613T170304977852
 0     120     2.2184      0.2       0.8     0.1025      0.0    0.0      21.643   27.1   0b1111111111111111    20190613T170308416780
 1     120     2.2305      0.0       0.0     0.4408      0.3    0.8       5.061   27.1   0b1111111111111111    20190613T170308417183
 2     120     2.2185      0.0       0.0     0.1000      0.0    0.0      22.185   27.1   0b1111111111111111    20190613T170308417589
 3     120     2.2145      0.3       0.8     0.4375      0.0    0.0       5.062   27.1   0b1111111111111111    20190613T170308417894
 4     120     2.2245      0.0       0.0     0.1017      0.0    0.0      21.880   27.1   0b1111111111111111    20190613T170308418185
 5     120     2.2327      0.0       0.0     0.4420      0.4    0.8       5.051   27.1   0b1111111111111111    20190613T170308418546
 6     120     2.2245      0.0       0.0     0.1009      0.2    0.8      22.043   27.1   0b1111111111111111    20190613T170308418836
 7     120     2.2132      0.0       0.0     0.4345      0.4    0.8       5.094   27.1   0b1111111111111111    20190613T170308419135
 8     120     2.2035      0.0       0.0     0.0992      0.0    0.0      22.220   27.1   0b1111111111111111    20190613T170308419509
 9     120     2.2154      0.2       0.8     0.4394      0.4    0.8       5.042   27.1   0b1111111111111111    20190613T170308419843
10     120     2.2147      0.0       0.0     0.0993      0.3    0.8      22.296   27.1   0b1111111111111111    20190613T170308420134
11     120     2.2162      0.0       0.0     0.4372      0.4    0.8       5.070   27.1   0b1111111111111111    20190613T170308420476
12     120     2.2219      0.4       0.8     0.0998      0.3    0.8      22.257   27.1   0b1111111111111111    20190613T170308420764
13     120     2.2380      0.0       0.0     0.4392      0.0    0.0       5.096   27.1   0b1111111111111111    20190613T170308421046
14     120     2.2492      0.0       0.0     0.1007      0.3    0.8      22.344   27.1   0b1111111111111111    20190613T170308421377
15     120     2.2399      0.4       0.8     0.4408      0.0    0.0       5.081   27.1   0b1111111111111111    20190613T170308421663
 0     110     2.1720      0.0       0.0     0.1007      0.2    0.8      21.558   27.1   0b1111111111111111    20190613T170311870719
 1     110     2.1842      0.3       0.8     0.4315      0.3    0.8       5.062   27.1   0b1111111111111111    20190613T170311871127
 2     110     2.1728      0.0       0.0     0.0979      0.4    0.8      22.190   27.1   0b1111111111111111    20190613T170311871520
 3     110     2.1683      0.0       0.0     0.4283      0.0    0.0       5.062   27.1   0b1111111111111111    20190613T170311871870
 4     110     2.1787      0.2       0.8     0.0993      0.3    0.8      21.933   27.1   0b1111111111111111    20190613T170311872197
 5     110     2.1867      0.4       0.8     0.4325      0.0    0.0       5.056   27.1   0b1111111111111111    20190613T170311872552
 6     110     2.1788      0.0       0.0     0.0987      0.4    0.8      22.082   27.1   0b1111111111111111    20190613T170311872842
 7     110     2.1675      0.0       0.0     0.4256      0.4    0.8       5.093   27.1   0b1111111111111111    20190613T170311873125
 8     110     2.1570      0.0       0.0     0.0968      0.3    0.8      22.275   27.1   0b1111111111111111    20190613T170311873478
 9     110     2.1690      0.0       0.0     0.4306      0.4    0.8       5.037   27.1   0b1111111111111111    20190613T170311873766
10     110     2.1690      0.0       0.0     0.0974      0.2    0.8      22.265   27.1   0b1111111111111111    20190613T170311874048
11     110     2.1705      0.0       0.0     0.4279      0.4    0.8       5.072   27.1   0b1111111111111111    20190613T170311874393
12     110     2.1750      0.0       0.0     0.0975      0.0    0.0      22.308   27.1   0b1111111111111111    20190613T170311874683
13     110     2.1908      0.0       0.0     0.4298      0.4    0.8       5.098   27.1   0b1111111111111111    20190613T170311874966
14     110     2.2020      0.0       0.0     0.0983      0.0    0.0      22.393   27.1   0b1111111111111111    20190613T170311875300
15     110     2.1930      0.0       0.0     0.4317      0.0    0.0       5.080   27.1   0b1111111111111111    20190613T170311875586
 0     100     2.1232      0.0       0.0     0.0984      0.3    0.8      21.574   27.2   0b1111111111111111    20190613T170315327700
 1     100     2.1354      0.3       0.8     0.4218      0.3    0.8       5.063   27.2   0b1111111111111111    20190613T170315328138
 2     100     2.1240      0.0       0.0     0.0958      0.3    0.8      22.183   27.2   0b1111111111111111    20190613T170315328461
 3     100     2.1196      0.2       0.8     0.4184      0.3    0.8       5.066   27.2   0b1111111111111111    20190613T170315328765
 4     100     2.1300      0.0       0.0     0.0973      0.4    0.8      21.902   27.2   0b1111111111111111    20190613T170315329059
 5     100     2.1382      0.0       0.0     0.4232      0.3    0.8       5.053   27.2   0b1111111111111111    20190613T170315329375
 6     100     2.1301      0.2       0.8     0.0966      0.2    0.8      22.054   27.2   0b1111111111111111    20190613T170315329674
 7     100     2.1195      0.0       0.0     0.4159      0.3    0.8       5.096   27.2   0b1111111111111111    20190613T170315329960
 8     100     2.1082      0.0       0.0     0.0944      0.4    0.8      22.329   27.2   0b1111111111111111    20190613T170315330264
 9     100     2.1202      0.0       0.0     0.4204      0.4    0.8       5.043   27.2   0b1111111111111111    20190613T170315330552
10     100     2.1202      0.0       0.0     0.0950      0.0    0.0      22.318   27.2   0b1111111111111111    20190613T170315330835
11     100     2.1217      0.0       0.0     0.4183      0.0    0.0       5.072   27.2   0b1111111111111111    20190613T170315331141
12     100     2.1262      0.0       0.0     0.0952      0.3    0.8      22.342   27.2   0b1111111111111111    20190613T170315331424
13     100     2.1412      0.0       0.0     0.4200      0.0    0.0       5.098   27.2   0b1111111111111111    20190613T170315331705
14     100     2.1525      0.0       0.0     0.0958      0.0    0.0      22.461   27.2   0b1111111111111111    20190613T170315332006
15     100     2.1435      0.0       0.0     0.4217      0.0    0.0       5.083   27.2   0b1111111111111111    20190613T170315332311
 0      90     2.0737      0.0       0.0     0.0960      0.3    0.8      21.602   27.2   0b1111111111111111    20190613T170318796120
 1      90     2.0861      0.4       0.8     0.4117      0.3    0.8       5.066   27.2   0b1111111111111111    20190613T170318796472
 2      90     2.0752      0.2       0.8     0.0933      0.0    0.0      22.234   27.2   0b1111111111111111    20190613T170318796750
 3      90     2.0701      0.2       0.7     0.4083      0.0    0.0       5.070   27.2   0b1111111111111111    20190613T170318797018
 4      90     2.0828      0.0       0.0     0.0950      0.0    0.0      21.924   27.2   0b1111111111111111    20190613T170318797306
 5      90     2.0903      0.0       0.0     0.4133      0.0    0.0       5.057   27.2   0b1111111111111111    20190613T170318797571
 6      90     2.0820      0.0       0.0     0.0942      0.0    0.0      22.110   27.2   0b1111111111111111    20190613T170318797833
 7      90     2.0712      0.4       0.8     0.4065      0.3    0.8       5.095   27.2   0b1111111111111111    20190613T170318798092
 8      90     2.0584      0.4       0.7     0.0923      0.4    0.8      22.314   27.2   0b1111111111111111    20190613T170318798354
 9      90     2.0711      0.4       0.8     0.4107      0.3    0.8       5.042   27.2   0b1111111111111111    20190613T170318798602
10      90     2.0707      0.0       0.0     0.0925      0.0    0.0      22.386   27.2   0b1111111111111111    20190613T170318798848
11      90     2.0722      0.0       0.0     0.4083      0.0    0.0       5.075   27.2   0b1111111111111111    20190613T170318799166
12      90     2.0768      0.2       0.7     0.0927      0.3    0.8      22.412   27.2   0b1111111111111111    20190613T170318799458
13      90     2.0919      0.3       0.8     0.4100      0.0    0.0       5.102   27.2   0b1111111111111111    20190613T170318799717
14      90     2.1038      0.0       0.0     0.0937      0.4    0.8      22.460   27.2   0b1111111111111111    20190613T170318799972
15      90     2.0940      0.0       0.0     0.4117      0.0    0.0       5.087   27.2   0b1111111111111111    20190613T170318800233
 0      80     2.0227      0.0       0.0     0.0934      0.2    0.8      21.653   27.2   0b1111111111111111    20190613T170322245842
 1      80     2.0355      0.0       0.0     0.4017      0.0    0.0       5.068   27.2   0b1111111111111111    20190613T170322246333
 2      80     2.0242      0.0       0.0     0.0909      0.3    0.8      22.265   27.2   0b1111111111111111    20190613T170322246676
 3      80     2.0197      0.0       0.0     0.3984      0.3    0.8       5.069   27.2   0b1111111111111111    20190613T170322246978
 4      80     2.0323      0.3       0.8     0.0926      0.2    0.8      21.951   27.2   0b1111111111111111    20190613T170322247330
 5      80     2.0400      0.0       0.0     0.4034      0.2    0.8       5.057   27.2   0b1111111111111111    20190613T170322247643
 6      80     2.0315      0.3       0.7     0.0918      0.2    0.8      22.142   27.2   0b1111111111111111    20190613T170322247966
 7      80     2.0212      0.0       0.0     0.3964      0.4    0.8       5.099   27.2   0b1111111111111111    20190613T170322248335
 8      80     2.0070      0.0       0.0     0.0900      0.0    0.0      22.300   27.2   0b1111111111111111    20190613T170322248491
 9      80     2.0200      0.3       0.8     0.4006      0.4    0.8       5.043   27.2   0b1111111111111111    20190613T170322248629
10      80     2.0197      0.0       0.0     0.0901      0.2    0.8      22.421   27.2   0b1111111111111111    20190613T170322248767
11      80     2.0212      0.0       0.0     0.3983      0.0    0.0       5.074   27.2   0b1111111111111111    20190613T170322248929
12      80     2.0265      0.0       0.0     0.0907      0.2    0.8      22.331   27.2   0b1111111111111111    20190613T170322249071
13      80     2.0415      0.0       0.0     0.4000      0.0    0.0       5.104   27.2   0b1111111111111111    20190613T170322249207
14      80     2.0535      0.0       0.0     0.0915      0.3    0.8      22.443   27.2   0b1111111111111111    20190613T170322249379
15      80     2.0435      0.3       0.8     0.4017      0.0    0.0       5.088   27.2   0b1111111111111111    20190613T170322249515
 0      70     1.9725      0.0       0.0     0.0913      0.4    0.8      21.616   27.2   0b1111111111111111    20190613T170325692965
 1      70     1.9853      0.0       0.0     0.3917      0.0    0.0       5.069   27.2   0b1111111111111111    20190613T170325693448
 2      70     1.9740      0.0       0.0     0.0885      0.3    0.8      22.305   27.2   0b1111111111111111    20190613T170325693775
 3      70     1.9695      0.0       0.0     0.3884      0.2    0.8       5.071   27.2   0b1111111111111111    20190613T170325694074
 4      70     1.9815      0.0       0.0     0.0900      0.0    0.0      22.017   27.2   0b1111111111111111    20190613T170325694420
 5      70     1.9890      0.0       0.0     0.3933      0.0    0.0       5.057   27.2   0b1111111111111111    20190613T170325694717
 6      70     1.9805      0.4       0.8     0.0893      0.2    0.8      22.190   27.2   0b1111111111111111    20190613T170325695003
 7      70     1.9703      0.0       0.0     0.3863      0.4    0.8       5.100   27.2   0b1111111111111111    20190613T170325695347
 8      70     1.9575      0.0       0.0     0.0875      0.0    0.0      22.371   27.2   0b1111111111111111    20190613T170325695655
 9      70     1.9691      0.4       0.8     0.3904      0.4    0.8       5.044   27.2   0b1111111111111111    20190613T170325695974
10      70     1.9688      0.0       0.0     0.0880      0.4    0.8      22.372   27.2   0b1111111111111111    20190613T170325696329
11      70     1.9710      0.0       0.0     0.3883      0.0    0.0       5.076   27.2   0b1111111111111111    20190613T170325696622
12      70     1.9755      0.0       0.0     0.0883      0.3    0.8      22.385   27.2   0b1111111111111111    20190613T170325696905
13      70     1.9905      0.0       0.0     0.3900      0.0    0.0       5.104   27.2   0b1111111111111111    20190613T170325697186
14      70     2.0025      0.0       0.0     0.0891      0.2    0.8      22.479   27.2   0b1111111111111111    20190613T170325697520
15      70     1.9921      0.2       0.8     0.3917      0.0    0.0       5.086   27.2   0b1111111111111111    20190613T170325697803
 0      60     1.9207      0.0       0.0     0.0890      0.3    0.8      21.581   27.2   0b1111111111111111    20190613T170329145696
 1      60     1.9335      0.0       0.0     0.3817      0.0    0.0       5.066   27.2   0b1111111111111111    20190613T170329146105
 2      60     1.9229      0.2       0.8     0.0860      0.3    0.8      22.360   27.2   0b1111111111111111    20190613T170329146510
 3      60     1.9178      0.0       0.0     0.3782      0.3    0.8       5.071   27.2   0b1111111111111111    20190613T170329146818
 4      60     1.9296      0.3       0.8     0.0876      0.3    0.8      22.032   27.2   0b1111111111111111    20190613T170329147123
 5      60     1.9373      0.0       0.0     0.3832      0.3    0.8       5.056   27.2   0b1111111111111111    20190613T170329147463
 6      60     1.9297      0.0       0.0     0.0871      0.4    0.8      22.160   27.2   0b1111111111111111    20190613T170329147754
 7      60     1.9197      0.4       0.8     0.3762      0.4    0.8       5.103   27.2   0b1111111111111111    20190613T170329148038
 8      60     1.9060      0.3       0.8     0.0850      0.0    0.0      22.423   27.2   0b1111111111111111    20190613T170329148372
 9      60     1.9185      0.0       0.0     0.3803      0.4    0.8       5.045   27.2   0b1111111111111111    20190613T170329148514
10      60     1.9176      0.3       0.8     0.0857      0.3    0.8      22.384   27.2   0b1111111111111111    20190613T170329148675
11      60     1.9204      0.4       0.7     0.3781      0.4    0.8       5.079   27.2   0b1111111111111111    20190613T170329148823
12      60     1.9237      0.0       0.0     0.0858      0.0    0.0      22.413   27.2   0b1111111111111111    20190613T170329148961
13      60     1.9386      0.3       0.8     0.3797      0.4    0.8       5.106   27.2   0b1111111111111111    20190613T170329149099
14      60     1.9500      0.0       0.0     0.0865      0.3    0.8      22.543   27.2   0b1111111111111111    20190613T170329149270
15      60     1.9409      0.2       0.8     0.3816      0.2    0.8       5.087   27.2   0b1111111111111111    20190613T170329149413
 0      50     1.8690      0.0       0.0     0.0864      0.4    0.8      21.628   27.2   0b1111111111111111    20190613T170332598360
 1      50     1.8817      0.0       0.0     0.3710      0.3    0.8       5.072   27.2   0b1111111111111111    20190613T170332598739
 2      50     1.8712      0.0       0.0     0.0835      0.3    0.8      22.410   27.2   0b1111111111111111    20190613T170332599038
 3      50     1.8668      0.0       0.0     0.3682      0.3    0.8       5.070   27.2   0b1111111111111111    20190613T170332599350
 4      50     1.8780      0.0       0.0     0.0853      0.4    0.8      22.029   27.2   0b1111111111111111    20190613T170332599635
 5      50     1.8854      0.3       0.8     0.3725      0.0    0.0       5.061   27.2   0b1111111111111111    20190613T170332599920
 6      50     1.8780      0.0       0.0     0.0846      0.4    0.8      22.203   27.2   0b1111111111111111    20190613T170332600222
 7      50     1.8688      0.3       0.8     0.3660      0.3    0.8       5.106   27.2   0b1111111111111111    20190613T170332600506
 8      50     1.8555      0.0       0.0     0.0825      0.0    0.0      22.491   27.2   0b1111111111111111    20190613T170332600786
 9      50     1.8675      0.0       0.0     0.3701      0.3    0.8       5.046   27.2   0b1111111111111111    20190613T170332601066
10      50     1.8660      0.0       0.0     0.0833      0.0    0.0      22.392   27.2   0b1111111111111111    20190613T170332601367
11      50     1.8692      0.3       0.7     0.3678      0.4    0.8       5.083   27.2   0b1111111111111111    20190613T170332601649
12      50     1.8720      0.0       0.0     0.0833      0.0    0.0      22.464   27.2   0b1111111111111111    20190613T170332601929
13      50     1.8862      0.0       0.0     0.3692      0.0    0.0       5.109   27.2   0b1111111111111111    20190613T170332602243
14      50     1.8968      0.0       0.0     0.0841      0.2    0.8      22.558   27.2   0b1111111111111111    20190613T170332602528
15      50     1.8879      0.3       0.7     0.3709      0.3    0.8       5.090   27.2   0b1111111111111111    20190613T170332602807
 0      40     1.8173      0.0       0.0     0.0842      0.0    0.0      21.591   27.3   0b1111111111111111    20190613T170336088882
 1      40     1.8300      0.0       0.0     0.3608      0.0    0.0       5.072   27.3   0b1111111111111111    20190613T170336089110
 2      40     1.8195      0.0       0.0     0.0816      0.3    0.8      22.302   27.3   0b1111111111111111    20190613T170336089281
 3      40     1.8150      0.0       0.0     0.3575      0.0    0.0       5.077   27.3   0b1111111111111111    20190613T170336089446
 4      40     1.8263      0.0       0.0     0.0828      0.4    0.8      22.047   27.3   0b1111111111111111    20190613T170336089592
 5      40     1.8331      0.3       0.7     0.3624      0.3    0.8       5.058   27.3   0b1111111111111111    20190613T170336089735
 6      40     1.8263      0.0       0.0     0.0823      0.3    0.8      22.181   27.3   0b1111111111111111    20190613T170336089875
 7      40     1.8173      0.0       0.0     0.3558      0.0    0.0       5.107   27.3   0b1111111111111111    20190613T170336090015
 8      40     1.8038      0.2       0.8     0.0802      0.4    0.8      22.478   27.3   0b1111111111111111    20190613T170336090156
 9      40     1.8165      0.0       0.0     0.3600      0.0    0.0       5.046   27.3   0b1111111111111111    20190613T170336090296
10      40     1.8150      0.0       0.0     0.0808      0.0    0.0      22.454   27.3   0b1111111111111111    20190613T170336090462
11      40     1.8180      0.0       0.0     0.3575      0.0    0.0       5.085   27.3   0b1111111111111111    20190613T170336090601
12      40     1.8195      0.0       0.0     0.0808      0.0    0.0      22.509   27.3   0b1111111111111111    20190613T170336090738
13      40     1.8328      0.3       0.8     0.3585      0.3    0.8       5.113   27.3   0b1111111111111111    20190613T170336090876
14      40     1.8436      0.2       0.7     0.0815      0.3    0.8      22.621   27.3   0b1111111111111111    20190613T170336091012
15      40     1.8352      0.0       0.0     0.3605      0.4    0.8       5.091   27.3   0b1111111111111111    20190613T170336091149
 0      30     1.7677      0.0       0.0     0.0817      0.0    0.0      21.646   27.3   0b1111111111111111    20190613T170339563573
 1      30     1.7790      0.0       0.0     0.3508      0.0    0.0       5.071   27.3   0b1111111111111111    20190613T170339563982
 2      30     1.7692      0.0       0.0     0.0792      0.0    0.0      22.348   27.3   0b1111111111111111    20190613T170339564333
 3      30     1.7652      0.4       0.8     0.3480      0.4    0.8       5.072   27.3   0b1111111111111111    20190613T170339564639
 4      30     1.7760      0.0       0.0     0.0803      0.4    0.8      22.108   27.3   0b1111111111111111    20190613T170339564932
 5      30     1.7828      0.0       0.0     0.3524      0.2    0.8       5.059   27.3   0b1111111111111111    20190613T170339565240
 6      30     1.7760      0.0       0.0     0.0799      0.2    0.8      22.223   27.3   0b1111111111111111    20190613T170339565530
 7      30     1.7670      0.0       0.0     0.3459      0.2    0.8       5.108   27.3   0b1111111111111111    20190613T170339565815
 8      30     1.7565      0.0       0.0     0.0783      0.0    0.0      22.423   27.3   0b1111111111111111    20190613T170339566180
 9      30     1.7662      0.0       0.0     0.3500      0.0    0.0       5.046   27.3   0b1111111111111111    20190613T170339566549
10      30     1.7655      0.0       0.0     0.0783      0.0    0.0      22.538   27.3   0b1111111111111111    20190613T170339566837
11      30     1.7699      0.2       0.8     0.3483      0.0    0.0       5.081   27.3   0b1111111111111111    20190613T170339567121
12      30     1.7677      0.0       0.0     0.0783      0.0    0.0      22.567   27.3   0b1111111111111111    20190613T170339567429
13      30     1.7820      0.0       0.0     0.3487      0.4    0.8       5.111   27.3   0b1111111111111111    20190613T170339567712
14      30     1.7925      0.0       0.0     0.0791      0.2    0.8      22.666   27.3   0b1111111111111111    20190613T170339567990
15      30     1.7828      0.0       0.0     0.3500      0.0    0.0       5.094   27.3   0b1111111111111111    20190613T170339568304
 0      20     1.7167      0.0       0.0     0.0792      0.0    0.0      21.685   27.3   0b1111111111111111    20190613T170343011919
 1      20     1.7280      0.0       0.0     0.3407      0.2    0.8       5.071   27.3   0b1111111111111111    20190613T170343012467
 2      20     1.7190      0.0       0.0     0.0767      0.0    0.0      22.422   27.3   0b1111111111111111    20190613T170343012855
 3      20     1.7145      0.0       0.0     0.3377      0.3    0.8       5.077   27.3   0b1111111111111111    20190613T170343013179
 4      20     1.7250      0.0       0.0     0.0781      0.4    0.8      22.092   27.3   0b1111111111111111    20190613T170343013501
 5      20     1.7317      0.0       0.0     0.3417      0.0    0.0       5.069   27.3   0b1111111111111111    20190613T170343013794
 6      20     1.7250      0.0       0.0     0.0775      0.0    0.0      22.258   27.3   0b1111111111111111    20190613T170343014143
 7      20     1.7174      0.2       0.8     0.3359      0.3    0.8       5.113   27.3   0b1111111111111111    20190613T170343014514
 8      20     1.7066      0.4       0.8     0.0758      0.2    0.8      22.529   27.3   0b1111111111111111    20190613T170343014870
 9      20     1.7160      0.0       0.0     0.3400      0.0    0.0       5.047   27.3   0b1111111111111111    20190613T170343015286
10      20     1.7152      0.0       0.0     0.0761      0.4    0.8      22.544   27.3   0b1111111111111111    20190613T170343015687
11      20     1.7197      0.0       0.0     0.3381      0.4    0.8       5.087   27.3   0b1111111111111111    20190613T170343016056
12      20     1.7166      0.3       0.8     0.0759      0.2    0.8      22.612   27.3   0b1111111111111111    20190613T170343016428
13      20     1.7305      0.3       0.8     0.3383      0.0    0.0       5.115   27.3   0b1111111111111111    20190613T170343016733
14      20     1.7401      0.2       0.8     0.0767      0.0    0.0      22.697   27.3   0b1111111111111111    20190613T170343017269
15      20     1.7311      0.2       0.7     0.3400      0.0    0.0       5.091   27.3   0b1111111111111111    20190613T170343017698
 0      10     1.6665      0.0       0.0     0.0768      0.3    0.8      21.690   27.3   0b1111111111111111    20190613T170346459709
 1      10     1.6777      0.2       0.8     0.3306      0.4    0.8       5.075   27.3   0b1111111111111111    20190613T170346460119
 2      10     1.6685      0.3       0.8     0.0742      0.0    0.0      22.497   27.3   0b1111111111111111    20190613T170346460466
 3      10     1.6643      0.0       0.0     0.3275      0.0    0.0       5.082   27.3   0b1111111111111111    20190613T170346460767
 4      10     1.6747      0.0       0.0     0.0758      0.0    0.0      22.085   27.3   0b1111111111111111    20190613T170346461058
 5      10     1.6808      0.0       0.0     0.3317      0.0    0.0       5.068   27.3   0b1111111111111111    20190613T170346461367
 6      10     1.6747      0.0       0.0     0.0750      0.0    0.0      22.330   27.3   0b1111111111111111    20190613T170346461653
 7      10     1.6672      0.2       0.8     0.3258      0.0    0.0       5.117   27.3   0b1111111111111111    20190613T170346461935
 8      10     1.6568      0.0       0.0     0.0733      0.0    0.0      22.592   27.3   0b1111111111111111    20190613T170346462236
 9      10     1.6657      0.0       0.0     0.3300      0.0    0.0       5.048   27.3   0b1111111111111111    20190613T170346462523
10      10     1.6650      0.0       0.0     0.0739      0.4    0.8      22.525   27.3   0b1111111111111111    20190613T170346462806
11      10     1.6695      0.0       0.0     0.3282      0.3    0.8       5.087   27.3   0b1111111111111111    20190613T170346463130
12      10     1.6650      0.0       0.0     0.0734      0.2    0.8      22.679   27.3   0b1111111111111111    20190613T170346463436
13      10     1.6786      0.3       0.8     0.3283      0.0    0.0       5.113   27.3   0b1111111111111111    20190613T170346463719
14      10     1.6883      0.0       0.0     0.0742      0.0    0.0      22.763   27.3   0b1111111111111111    20190613T170346463998
15      10     1.6793      0.0       0.0     0.3293      0.3    0.8       5.099   27.3   0b1111111111111111    20190613T170346464298
 0       0     1.6155      0.0       0.0     0.0744      0.4    0.8      21.709   27.3   0b1111111111111111    20190613T170349903743
 1       0     1.6267      0.0       0.0     0.3205      0.4    0.8       5.076   27.3   0b1111111111111111    20190613T170349904150
 2       0     1.6178      0.0       0.0     0.0718      0.2    0.8      22.547   27.3   0b1111111111111111    20190613T170349904507
 3       0     1.6140      0.0       0.0     0.3175      0.0    0.0       5.083   27.3   0b1111111111111111    20190613T170349904815
 4       0     1.6237      0.0       0.0     0.0733      0.0    0.0      22.142   27.3   0b1111111111111111    20190613T170349905110
 5       0     1.6305      0.0       0.0     0.3217      0.0    0.0       5.069   27.3   0b1111111111111111    20190613T170349905422
 6       0     1.6237      0.0       0.0     0.0725      0.0    0.0      22.397   27.3   0b1111111111111111    20190613T170349905713
 7       0     1.6169      0.2       0.7     0.3159      0.2    0.8       5.118   27.3   0b1111111111111111    20190613T170349905999
 8       0     1.6065      0.0       0.0     0.0708      0.0    0.0      22.680   27.3   0b1111111111111111    20190613T170349906307
 9       0     1.6157      0.3       0.8     0.3200      0.0    0.0       5.049   27.3   0b1111111111111111    20190613T170349906595
10       0     1.6150      0.3       0.8     0.0717      0.0    0.0      22.535   27.3   0b1111111111111111    20190613T170349906932
11       0     1.6192      0.0       0.0     0.3182      0.3    0.8       5.089   27.3   0b1111111111111111    20190613T170349907244
12       0     1.6140      0.0       0.0     0.0712      0.4    0.8      22.679   27.3   0b1111111111111111    20190613T170349907532
13       0     1.6267      0.0       0.0     0.3177      0.3    0.8       5.121   27.3   0b1111111111111111    20190613T170349907858
14       0     1.6365      0.0       0.0     0.0717      0.0    0.0      22.835   27.3   0b1111111111111111    20190613T170349908149
15       0     1.6275      0.0       0.0     0.3193      0.3    0.8       5.098   27.3   0b1111111111111111    20190613T170349908421
