CH# Vset[DAC]   V[V]    dVRMS[mV] dVpp[mV]    I[A]  dIRMS[mA] dIpp[mA]   R[ohm]   T[C]   State                Timestamp
 0     250     2.8478      0.0       0.0     0.5609      1.8    6.7       5.077   23.6   0b1111111111111111    20181017T115336380939
 1     250     2.6959      0.5       1.5     2.5477      0.8    3.3       1.058   23.6   0b1111111111111111    20181017T115336381352
 2     250     2.8500      0.0       0.0     0.5606      1.9    5.8       5.084   23.6   0b1111111111111111    20181017T115336381648
 3     250     2.6959      0.6       2.3     2.5480      0.7    2.5       1.058   23.6   0b1111111111111111    20181017T115336381957
 4     250     2.8627      0.0       0.0     0.5664      3.0   10.0       5.054   23.6   0b1111111111111111    20181017T115336382245
 5     250     2.7003      0.7       2.3     2.5591      0.9    2.5       1.055   23.6   0b1111111111111111    20181017T115336382528
 6     250     2.8687      0.0       0.0     0.5683      2.5    9.2       5.048   23.6   0b1111111111111111    20181017T115336382828
 7     250     2.6935      0.8       2.3     2.5495      0.8    2.5       1.056   23.6   0b1111111111111111    20181017T115336383107
 8     250     2.8680      0.0       0.0     0.5611      1.7    5.8       5.112   23.6   0b1111111111111111    20181017T115336383382
 9     250     2.7064      0.7       2.3     2.5547      0.6    1.7       1.059   23.6   0b1111111111111111    20181017T115336383658
10     250     2.8598      0.0       0.0     0.5663      1.8    5.8       5.050   23.6   0b1111111111111111    20181017T115336383990
11     250     2.6966      0.8       2.3     2.5718      0.8    2.5       1.049   23.6   0b1111111111111111    20181017T115336384277
12     250     2.8725      0.0       0.0     0.5691      1.4    4.2       5.048   23.6   0b1111111111111111    20181017T115336384553
13     250     2.7040      0.8       2.3     2.5388      0.7    2.5       1.065   23.6   0b1111111111111111    20181017T115336384854
14     250     2.8475      0.3       0.8     0.5587      0.9    3.3       5.097   23.6   0b1111111111111111    20181017T115336385132
15     250     2.7017      0.8       2.3     2.5560      0.7    2.5       1.057   23.6   0b1111111111111111    20181017T115336385406
 0     240     2.8013      0.0       0.0     0.5518      1.3    4.2       5.077   23.7   0b1111111111111111    20181017T115339818319
 1     240     2.6890      0.3       0.7     2.5409      0.4    1.7       1.058   23.7   0b1111111111111111    20181017T115339818715
 2     240     2.8037      0.3       0.7     0.5509      1.1    3.3       5.089   23.7   0b1111111111111111    20181017T115339819060
 3     240     2.6887      0.5       1.5     2.5412      0.6    1.7       1.058   23.7   0b1111111111111111    20181017T115339819356
 4     240     2.8175      0.3       0.8     0.5569      1.7    5.8       5.059   23.7   0b1111111111111111    20181017T115339819640
 5     240     2.6955      0.5       1.5     2.5541      0.6    1.7       1.055   23.7   0b1111111111111111    20181017T115339819941
 6     240     2.8245      0.0       0.0     0.5588      1.5    5.0       5.055   23.7   0b1111111111111111    20181017T115339820224
 7     240     2.6881      0.5       1.5     2.5444      0.5    1.7       1.056   23.7   0b1111111111111111    20181017T115339820503
 8     240     2.8223      0.0       0.0     0.5527      1.4    4.2       5.106   23.7   0b1111111111111111    20181017T115339820851
 9     240     2.6999      0.5       1.5     2.5482      0.4    1.7       1.060   23.7   0b1111111111111111    20181017T115339821137
10     240     2.8133      0.0       0.0     0.5579      1.0    3.3       5.042   23.7   0b1111111111111111    20181017T115339821415
11     240     2.6921      0.4       0.8     2.5680      0.6    1.7       1.048   23.7   0b1111111111111111    20181017T115339821692
12     240     2.8283      0.0       0.0     0.5590      1.4    5.0       5.059   23.7   0b1111111111111111    20181017T115339821993
13     240     2.6981      0.4       0.8     2.5335      0.6    1.7       1.065   23.7   0b1111111111111111    20181017T115339822271
14     240     2.8005      0.0       0.0     0.5493      1.0    2.5       5.098   23.7   0b1111111111111111    20181017T115339822562
15     240     2.6953      0.6       1.5     2.5498      0.6    1.7       1.057   23.7   0b1111111111111111    20181017T115339822861
 0     230     2.7548      0.0       0.0     0.5428      0.6    1.7       5.075   23.8   0b1111111111111111    20181017T115343254805
 1     230     2.6785      0.4       0.8     2.5313      0.4    0.8       1.058   23.8   0b1111111111111111    20181017T115343255219
 2     230     2.7577      0.2       0.8     0.5414      0.5    1.7       5.093   23.8   0b1111111111111111    20181017T115343255532
 3     230     2.6782      0.2       0.7     2.5311      0.4    0.8       1.058   23.8   0b1111111111111111    20181017T115343255848
 4     230     2.7697      0.0       0.0     0.5482      0.6    2.5       5.053   23.8   0b1111111111111111    20181017T115343256140
 5     230     2.6884      0.4       0.8     2.5474      0.4    1.7       1.055   23.8   0b1111111111111111    20181017T115343256424
 6     230     2.7780      0.0       0.0     0.5497      0.9    2.5       5.053   23.8   0b1111111111111111    20181017T115343256706
 7     230     2.6805      0.0       0.0     2.5375      0.5    1.7       1.056   23.8   0b1111111111111111    20181017T115343256969
 8     230     2.7750      0.0       0.0     0.5436      0.5    1.7       5.105   23.8   0b1111111111111111    20181017T115343257108
 9     230     2.6904      0.3       0.8     2.5394      0.5    1.7       1.059   23.8   0b1111111111111111    20181017T115343257245
10     230     2.7662      0.3       0.7     0.5486      0.7    2.5       5.042   23.8   0b1111111111111111    20181017T115343257381
11     230     2.6863      0.3       0.8     2.5619      0.4    0.8       1.049   23.8   0b1111111111111111    20181017T115343257517
12     230     2.7814      0.4       0.8     0.5497      0.6    1.7       5.060   23.8   0b1111111111111111    20181017T115343257683
13     230     2.6900      0.3       0.8     2.5253      0.7    1.7       1.065   23.8   0b1111111111111111    20181017T115343257832
14     230     2.7540      0.0       0.0     0.5406      0.4    0.8       5.094   23.8   0b1111111111111111    20181017T115343257968
15     230     2.6866      0.2       0.7     2.5418      0.5    1.7       1.057   23.8   0b1111111111111111    20181017T115343258103
 0     220     2.7067      0.0       0.0     0.5333      0.4    1.7       5.076   24.0   0b1111111111111111    20181017T115346710397
 1     220     2.6596      0.2       0.8     2.5132      0.3    0.8       1.058   24.0   0b1111111111111111    20181017T115346710866
 2     220     2.7084      0.3       0.7     0.5319      0.5    1.7       5.092   24.0   0b1111111111111111    20181017T115346711179
 3     220     2.6602      0.2       0.8     2.5142      0.6    2.5       1.058   24.0   0b1111111111111111    20181017T115346711471
 4     220     2.7225      0.0       0.0     0.5383      0.4    1.7       5.058   24.0   0b1111111111111111    20181017T115346711811
 5     220     2.6766      0.3       0.8     2.5362      0.4    0.8       1.055   24.0   0b1111111111111111    20181017T115346712101
 6     220     2.7295      0.3       0.7     0.5403      0.5    1.7       5.052   24.0   0b1111111111111111    20181017T115346712383
 7     220     2.6672      0.3       0.8     2.5248      0.5    1.7       1.056   24.0   0b1111111111111111    20181017T115346712716
 8     220     2.7263      0.0       0.0     0.5343      0.4    1.7       5.103   24.0   0b1111111111111111    20181017T115346713001
 9     220     2.6739      0.3       0.8     2.5242      0.3    0.8       1.059   24.0   0b1111111111111111    20181017T115346713278
10     220     2.7179      0.2       0.7     0.5388      0.4    0.8       5.044   24.0   0b1111111111111111    20181017T115346713555
11     220     2.6762      0.3       0.8     2.5526      0.4    1.7       1.048   24.0   0b1111111111111111    20181017T115346713879
12     220     2.7330      0.0       0.0     0.5405      0.7    2.5       5.056   24.0   0b1111111111111111    20181017T115346714159
13     220     2.6755      0.4       0.7     2.5122      0.5    1.7       1.065   24.0   0b1111111111111111    20181017T115346714446
14     220     2.7067      0.2       0.8     0.5312      0.6    1.7       5.096   24.0   0b1111111111111111    20181017T115346714778
15     220     2.6713      0.3       0.7     2.5273      0.3    0.8       1.057   24.0   0b1111111111111111    20181017T115346715060
 0     210     2.6581      0.2       0.8     0.5238      0.4    0.8       5.074   24.1   0b1111111111111111    20181017T115350189867
 1     210     2.6273      0.0       0.0     2.4826      0.4    1.7       1.058   24.1   0b1111111111111111    20181017T115350190274
 2     210     2.6597      0.3       0.8     0.5221      0.4    0.8       5.094   24.1   0b1111111111111111    20181017T115350190586
 3     210     2.6273      0.0       0.0     2.4832      0.3    0.8       1.058   24.1   0b1111111111111111    20181017T115350190934
 4     210     2.6730      0.0       0.0     0.5287      0.4    0.8       5.056   24.1   0b1111111111111111    20181017T115350191228
 5     210     2.6542      0.2       0.8     2.5148      0.3    0.8       1.055   24.1   0b1111111111111111    20181017T115350191516
 6     210     2.6800      0.3       0.7     0.5307      0.3    0.8       5.050   24.1   0b1111111111111111    20181017T115350191849
 7     210     2.6430      0.0       0.0     2.5018      0.2    0.8       1.056   24.1   0b1111111111111111    20181017T115350192137
 8     210     2.6767      0.2       0.8     0.5248      0.3    0.8       5.100   24.1   0b1111111111111111    20181017T115350192420
 9     210     2.6445      0.0       0.0     2.4962      0.6    1.7       1.059   24.1   0b1111111111111111    20181017T115350192756
10     210     2.6685      0.0       0.0     0.5291      0.4    1.7       5.044   24.1   0b1111111111111111    20181017T115350193041
11     210     2.6574      0.3       0.8     2.5351      0.4    1.7       1.048   24.1   0b1111111111111111    20181017T115350193320
12     210     2.6835      0.0       0.0     0.5306      0.4    0.8       5.058   24.1   0b1111111111111111    20181017T115350193597
13     210     2.6498      0.0       0.0     2.4879      0.4    0.8       1.065   24.1   0b1111111111111111    20181017T115350193940
14     210     2.6573      0.2       0.8     0.5217      0.0    0.0       5.094   24.1   0b1111111111111111    20181017T115350194222
15     210     2.6430      0.0       0.0     2.5007      0.3    0.8       1.057   24.1   0b1111111111111111    20181017T115350194499
 0     200     2.6092      0.0       0.0     0.5140      0.3    0.8       5.076   24.3   0b1111111111111111    20181017T115353663130
 1     200     2.5822      0.0       0.0     2.4400      0.0    0.0       1.058   24.3   0b1111111111111111    20181017T115353663572
 2     200     2.6107      0.0       0.0     0.5125      0.0    0.0       5.094   24.3   0b1111111111111111    20181017T115353665356
 3     200     2.5822      0.0       0.0     2.4402      0.3    0.8       1.058   24.3   0b1111111111111111    20181017T115353665705
 4     200     2.6235      0.0       0.0     0.5188      0.4    0.8       5.057   24.3   0b1111111111111111    20181017T115353666045
 5     200     2.6152      0.0       0.0     2.4777      0.3    0.8       1.056   24.3   0b1111111111111111    20181017T115353666341
 6     200     2.6303      0.0       0.0     0.5205      0.4    0.8       5.053   24.3   0b1111111111111111    20181017T115353666714
 7     200     2.6025      0.0       0.0     2.4633      0.0    0.0       1.056   24.3   0b1111111111111111    20181017T115353667029
 8     200     2.6268      0.4       0.8     0.5147      0.4    0.8       5.104   24.3   0b1111111111111111    20181017T115353667314
 9     200     2.6002      0.0       0.0     2.4543      0.3    0.8       1.059   24.3   0b1111111111111111    20181017T115353667594
10     200     2.6190      0.0       0.0     0.5192      0.0    0.0       5.045   24.3   0b1111111111111111    20181017T115353667856
11     200     2.6235      0.0       0.0     2.5024      0.2    0.8       1.048   24.3   0b1111111111111111    20181017T115353667993
12     200     2.6340      0.0       0.0     0.5209      0.2    0.8       5.056   24.3   0b1111111111111111    20181017T115353668207
13     200     2.6084      0.2       0.8     2.4491      0.2    0.8       1.065   24.3   0b1111111111111111    20181017T115353668345
14     200     2.6085      0.0       0.0     0.5117      0.4    1.7       5.098   24.3   0b1111111111111111    20181017T115353668480
15     200     2.6002      0.0       0.0     2.4600      0.0    0.0       1.057   24.3   0b1111111111111111    20181017T115353668614
 0     190     2.5620      0.0       0.0     0.5047      0.4    0.8       5.077   24.4   0b1111111111111111    20181017T115357136068
 1     190     2.5365      0.0       0.0     2.3965      0.3    0.8       1.058   24.4   0b1111111111111111    20181017T115357136451
 2     190     2.5650      0.0       0.0     0.5033      0.0    0.0       5.096   24.4   0b1111111111111111    20181017T115357136829
 3     190     2.5350      0.0       0.0     2.3959      0.2    0.8       1.058   24.4   0b1111111111111111    20181017T115357137127
 4     190     2.5757      0.3       0.8     0.5093      0.3    0.8       5.057   24.4   0b1111111111111111    20181017T115357137411
 5     190     2.5703      0.0       0.0     2.4350      0.0    0.0       1.056   24.4   0b1111111111111111    20181017T115357137749
 6     190     2.5822      0.0       0.0     0.5108      0.0    0.0       5.055   24.4   0b1111111111111111    20181017T115357138036
 7     190     2.5556      0.4       0.8     2.4192      0.0    0.0       1.056   24.4   0b1111111111111111    20181017T115357138314
 8     190     2.5793      0.0       0.0     0.5054      0.4    0.8       5.103   24.4   0b1111111111111111    20181017T115357138590
 9     190     2.5542      0.4       0.8     2.4108      0.0    0.0       1.059   24.4   0b1111111111111111    20181017T115357138927
10     190     2.5703      0.0       0.0     0.5096      0.4    0.8       5.044   24.4   0b1111111111111111    20181017T115357139206
11     190     2.5792      0.2       0.7     2.4599      0.3    0.8       1.048   24.4   0b1111111111111111    20181017T115357139483
12     190     2.5861      0.3       0.7     0.5117      0.4    1.7       5.054   24.4   0b1111111111111111    20181017T115357139813
13     190     2.5623      0.4       0.8     2.4058      0.0    0.0       1.065   24.4   0b1111111111111111    20181017T115357140095
14     190     2.5617      0.4       0.8     0.5026      0.3    0.8       5.097   24.4   0b1111111111111111    20181017T115357140372
15     190     2.5544      0.3       0.8     2.4166      0.2    0.8       1.057   24.4   0b1111111111111111    20181017T115357140691
 0     180     2.5132      0.0       0.0     0.4950      0.0    0.0       5.077   24.5   0b1111111111111111    20181017T115400612941
 1     180     2.4885      0.0       0.0     2.3508      0.0    0.0       1.059   24.5   0b1111111111111111    20181017T115400613342
 2     180     2.5162      0.0       0.0     0.4940      0.3    0.8       5.094   24.5   0b1111111111111111    20181017T115400613675
 3     180     2.4870      0.0       0.0     2.3500      0.0    0.0       1.058   24.5   0b1111111111111111    20181017T115400613982
 4     180     2.5260      0.0       0.0     0.4993      0.3    0.8       5.059   24.5   0b1111111111111111    20181017T115400614268
 5     180     2.5208      0.0       0.0     2.3880      0.4    0.8       1.056   24.5   0b1111111111111111    20181017T115400614548
 6     180     2.5328      0.0       0.0     0.5011      0.5    1.7       5.055   24.5   0b1111111111111111    20181017T115400614873
 7     180     2.5065      0.0       0.0     2.3727      0.3    0.8       1.056   24.5   0b1111111111111111    20181017T115400615153
 8     180     2.5298      0.0       0.0     0.4955      0.4    0.8       5.105   24.5   0b1111111111111111    20181017T115400615432
 9     180     2.5049      0.2       0.8     2.3642      0.0    0.0       1.060   24.5   0b1111111111111111    20181017T115400615765
10     180     2.5208      0.0       0.0     0.4999      0.2    0.8       5.042   24.5   0b1111111111111111    20181017T115400616049
11     180     2.5292      0.3       0.8     2.4127      0.3    0.8       1.048   24.5   0b1111111111111111    20181017T115400616336
12     180     2.5366      0.2       0.7     0.5017      0.0    0.0       5.056   24.5   0b1111111111111111    20181017T115400616613
13     180     2.5132      0.0       0.0     2.3600      0.0    0.0       1.065   24.5   0b1111111111111111    20181017T115400616861
14     180     2.5125      0.0       0.0     0.4932      0.3    0.8       5.095   24.5   0b1111111111111111    20181017T115400616996
15     180     2.5050      0.0       0.0     2.3700      0.0    0.0       1.057   24.5   0b1111111111111111    20181017T115400617129
 0     170     2.4645      0.0       0.0     0.4850      0.0    0.0       5.081   24.6   0b1111111111111111    20181017T115404091820
 1     170     2.4398      0.2       0.8     2.3054      0.4    0.8       1.058   24.6   0b1111111111111111    20181017T115404092278
 2     170     2.4675      0.0       0.0     0.4841      0.2    0.8       5.097   24.6   0b1111111111111111    20181017T115404092581
 3     170     2.4383      0.0       0.0     2.3043      0.3    0.8       1.058   24.6   0b1111111111111111    20181017T115404092872
 4     170     2.4765      0.0       0.0     0.4897      0.4    0.8       5.058   24.6   0b1111111111111111    20181017T115404093211
 5     170     2.4713      0.0       0.0     2.3411      0.4    0.8       1.056   24.6   0b1111111111111111    20181017T115404093497
 6     170     2.4832      0.0       0.0     0.4913      0.4    0.8       5.054   24.6   0b1111111111111111    20181017T115404093779
 7     170     2.4572      0.3       0.8     2.3263      0.4    0.8       1.056   24.6   0b1111111111111111    20181017T115404094105
 8     170     2.4803      0.0       0.0     0.4858      0.0    0.0       5.105   24.6   0b1111111111111111    20181017T115404094391
 9     170     2.4555      0.0       0.0     2.3176      0.2    0.8       1.060   24.6   0b1111111111111111    20181017T115404094671
10     170     2.4713      0.0       0.0     0.4900      0.0    0.0       5.043   24.6   0b1111111111111111    20181017T115404095006
11     170     2.4795      0.0       0.0     2.3650      0.0    0.0       1.048   24.6   0b1111111111111111    20181017T115404095289
12     170     2.4870      0.0       0.0     0.4919      0.4    0.8       5.056   24.6   0b1111111111111111    20181017T115404095568
13     170     2.4641      0.4       0.8     2.3136      0.4    0.8       1.065   24.6   0b1111111111111111    20181017T115404095847
14     170     2.4638      0.0       0.0     0.4833      0.0    0.0       5.097   24.6   0b1111111111111111    20181017T115404096187
15     170     2.4563      0.0       0.0     2.3233      0.0    0.0       1.057   24.6   0b1111111111111111    20181017T115404096467
 0     160     2.4151      0.3       0.8     0.4758      0.0    0.0       5.076   24.8   0b1111111111111111    20181017T115407554454
 1     160     2.3918      0.0       0.0     2.2598      0.4    0.8       1.058   24.8   0b1111111111111111    20181017T115407554858
 2     160     2.4187      0.0       0.0     0.4742      0.3    0.8       5.100   24.8   0b1111111111111111    20181017T115407555188
 3     160     2.3900      0.3       0.8     2.2587      0.4    0.8       1.058   24.8   0b1111111111111111    20181017T115407555483
 4     160     2.4270      0.0       0.0     0.4797      0.4    0.8       5.059   24.8   0b1111111111111111    20181017T115407555767
 5     160     2.4216      0.3       0.8     2.2942      0.0    0.0       1.056   24.8   0b1111111111111111    20181017T115407556071
 6     160     2.4331      0.2       0.8     0.4817      0.0    0.0       5.051   24.8   0b1111111111111111    20181017T115407556354
 7     160     2.4082      0.0       0.0     2.2797      0.4    0.8       1.056   24.8   0b1111111111111111    20181017T115407556633
 8     160     2.4301      0.2       0.8     0.4760      0.3    0.8       5.105   24.8   0b1111111111111111    20181017T115407556911
 9     160     2.4060      0.0       0.0     2.2708      0.0    0.0       1.060   24.8   0b1111111111111111    20181017T115407557191
10     160     2.4217      0.0       0.0     0.4801      0.2    0.8       5.044   24.8   0b1111111111111111    20181017T115407557335
11     160     2.4293      0.2       0.7     2.3175      0.0    0.0       1.048   24.8   0b1111111111111111    20181017T115407557470
12     160     2.4375      0.0       0.0     0.4822      0.4    0.8       5.054   24.8   0b1111111111111111    20181017T115407557619
13     160     2.4150      0.0       0.0     2.2675      0.0    0.0       1.065   24.8   0b1111111111111111    20181017T115407557761
14     160     2.4142      0.0       0.0     0.4740      0.3    0.8       5.093   24.8   0b1111111111111111    20181017T115407557895
15     160     2.4067      0.0       0.0     2.2767      0.0    0.0       1.057   24.8   0b1111111111111111    20181017T115407558041
 0     150     2.3697      0.4       0.8     0.4666      0.2    0.8       5.079   24.9   0b1111111111111111    20181017T115410996296
 1     150     2.3453      0.0       0.0     2.2158      0.0    0.0       1.058   24.9   0b1111111111111111    20181017T115410996679
 2     150     2.3707      0.2       0.8     0.4651      0.2    0.8       5.097   24.9   0b1111111111111111    20181017T115410996974
 3     150     2.3438      0.0       0.0     2.2153      0.4    0.8       1.058   24.9   0b1111111111111111    20181017T115410997295
 4     150     2.3798      0.0       0.0     0.4704      0.4    0.8       5.059   24.9   0b1111111111111111    20181017T115410997579
 5     150     2.3747      0.3       0.8     2.2501      0.3    0.8       1.055   24.9   0b1111111111111111    20181017T115410997859
 6     150     2.3865      0.0       0.0     0.4724      0.2    0.8       5.052   24.9   0b1111111111111111    20181017T115410998160
 7     150     2.3618      0.0       0.0     2.2361      0.4    0.8       1.056   24.9   0b1111111111111111    20181017T115410998442
 8     150     2.3828      0.0       0.0     0.4667      0.0    0.0       5.106   24.9   0b1111111111111111    20181017T115410998719
 9     150     2.3595      0.0       0.0     2.2268      0.3    0.8       1.060   24.9   0b1111111111111111    20181017T115410998996
10     150     2.3753      0.0       0.0     0.4707      0.3    0.8       5.046   24.9   0b1111111111111111    20181017T115410999294
11     150     2.3816      0.4       0.8     2.2719      0.4    0.8       1.048   24.9   0b1111111111111111    20181017T115410999616
12     150     2.3892      0.4       0.7     0.4725      0.0    0.0       5.057   24.9   0b1111111111111111    20181017T115410999895
13     150     2.3678      0.0       0.0     2.2233      0.0    0.0       1.065   24.9   0b1111111111111111    20181017T115411000194
14     150     2.3678      0.0       0.0     0.4649      0.3    0.8       5.093   24.9   0b1111111111111111    20181017T115411000473
15     150     2.3603      0.0       0.0     2.2324      0.2    0.8       1.057   24.9   0b1111111111111111    20181017T115411000749
 0     140     2.3212      0.0       0.0     0.4570      0.4    0.8       5.079   25.0   0b1111111111111111    20181017T115414436388
 1     140     2.2973      0.2       0.8     2.1707      0.3    0.8       1.058   25.0   0b1111111111111111    20181017T115414436788
 2     140     2.3220      0.0       0.0     0.4556      0.4    0.8       5.097   25.0   0b1111111111111111    20181017T115414437117
 3     140     2.2957      0.0       0.0     2.1700      0.0    0.0       1.058   25.0   0b1111111111111111    20181017T115414437408
 4     140     2.3302      0.0       0.0     0.4606      0.4    0.8       5.059   25.0   0b1111111111111111    20181017T115414437691
 5     140     2.3257      0.0       0.0     2.2036      0.4    0.8       1.055   25.0   0b1111111111111111    20181017T115414437970
 6     140     2.3370      0.0       0.0     0.4625      0.0    0.0       5.053   25.0   0b1111111111111111    20181017T115414438272
 7     140     2.3130      0.0       0.0     2.1900      0.0    0.0       1.056   25.0   0b1111111111111111    20181017T115414438549
 8     140     2.3333      0.0       0.0     0.4571      0.4    0.8       5.105   25.0   0b1111111111111111    20181017T115414438838
 9     140     2.3102      0.3       0.8     2.1808      0.3    0.8       1.059   25.0   0b1111111111111111    20181017T115414439135
10     140     2.3257      0.0       0.0     0.4609      0.3    0.8       5.046   25.0   0b1111111111111111    20181017T115414439452
11     140     2.3320      0.4       0.8     2.2245      0.4    0.8       1.048   25.0   0b1111111111111111    20181017T115414439730
12     140     2.3400      0.0       0.0     0.4629      0.4    0.8       5.055   25.0   0b1111111111111111    20181017T115414440027
13     140     2.3190      0.0       0.0     2.1775      0.0    0.0       1.065   25.0   0b1111111111111111    20181017T115414440305
14     140     2.3191      0.3       0.8     0.4550      0.0    0.0       5.097   25.0   0b1111111111111111    20181017T115414440582
15     140     2.3115      0.0       0.0     2.1866      0.3    0.8       1.057   25.0   0b1111111111111111    20181017T115414440855
 0     130     2.2725      0.0       0.0     0.4473      0.3    0.8       5.080   25.1   0b1111111111111111    20181017T115417871186
 1     130     2.2500      0.0       0.0     2.1257      0.3    0.8       1.058   25.1   0b1111111111111111    20181017T115417871578
 2     130     2.2740      0.0       0.0     0.4458      0.0    0.0       5.101   25.1   0b1111111111111111    20181017T115417871897
 3     130     2.2481      0.4       0.8     2.1249      0.2    0.8       1.058   25.1   0b1111111111111111    20181017T115417872188
 4     130     2.2815      0.0       0.0     0.4508      0.0    0.0       5.061   25.1   0b1111111111111111    20181017T115417872470
 5     130     2.2763      0.0       0.0     2.1572      0.4    0.8       1.055   25.1   0b1111111111111111    20181017T115417872766
 6     130     2.2877      0.3       0.8     0.4525      0.0    0.0       5.056   25.1   0b1111111111111111    20181017T115417873051
 7     130     2.2643      0.0       0.0     2.1441      0.3    0.8       1.056   25.1   0b1111111111111111    20181017T115417873328
 8     130     2.2838      0.0       0.0     0.4474      0.3    0.8       5.104   25.1   0b1111111111111111    20181017T115417873603
 9     130     2.2612      0.0       0.0     2.1344      0.4    0.8       1.059   25.1   0b1111111111111111    20181017T115417873900
10     130     2.2769      0.2       0.8     0.4513      0.4    0.8       5.045   25.1   0b1111111111111111    20181017T115417874229
11     130     2.2829      0.3       0.8     2.1776      0.3    0.8       1.048   25.1   0b1111111111111111    20181017T115417874509
12     130     2.2905      0.0       0.0     0.4532      0.3    0.8       5.054   25.1   0b1111111111111111    20181017T115417874811
13     130     2.2703      0.0       0.0     2.1317      0.0    0.0       1.065   25.1   0b1111111111111111    20181017T115417875090
14     130     2.2709      0.3       0.8     0.4454      0.4    0.8       5.098   25.1   0b1111111111111111    20181017T115417875366
15     130     2.2628      0.0       0.0     2.1403      0.4    0.8       1.057   25.1   0b1111111111111111    20181017T115417875641
 0     120     2.2245      0.0       0.0     0.4378      0.4    0.8       5.081   25.2   0b1111111111111111    20181017T115421311661
 1     120     2.2018      0.3       0.7     2.0797      0.4    0.8       1.059   25.2   0b1111111111111111    20181017T115421312093
 2     120     2.2260      0.0       0.0     0.4367      0.0    0.0       5.098   25.2   0b1111111111111111    20181017T115421312395
 3     120     2.2013      0.0       0.0     2.0808      0.0    0.0       1.058   25.2   0b1111111111111111    20181017T115421312689
 4     120     2.2320      0.0       0.0     0.4412      0.4    0.8       5.059   25.2   0b1111111111111111    20181017T115421313000
 5     120     2.2275      0.0       0.0     2.1108      0.0    0.0       1.055   25.2   0b1111111111111111    20181017T115421313286
 6     120     2.2395      0.0       0.0     0.4430      0.4    0.8       5.055   25.2   0b1111111111111111    20181017T115421313570
 7     120     2.2155      0.0       0.0     2.0978      0.4    0.8       1.056   25.2   0b1111111111111111    20181017T115421313883
 8     120     2.2350      0.0       0.0     0.4376      0.2    0.8       5.108   25.2   0b1111111111111111    20181017T115421314205
 9     120     2.2132      0.0       0.0     2.0892      0.0    0.0       1.059   25.2   0b1111111111111111    20181017T115421314488
10     120     2.2269      0.3       0.8     0.4417      0.0    0.0       5.042   25.2   0b1111111111111111    20181017T115421314787
11     120     2.2335      0.0       0.0     2.1304      0.4    0.8       1.048   25.2   0b1111111111111111    20181017T115421315068
12     120     2.2410      0.0       0.0     0.4433      0.0    0.0       5.055   25.2   0b1111111111111111    20181017T115421315345
13     120     2.2215      0.0       0.0     2.0858      0.0    0.0       1.065   25.2   0b1111111111111111    20181017T115421315621
14     120     2.2220      0.3       0.8     0.4359      0.3    0.8       5.097   25.2   0b1111111111111111    20181017T115421315921
15     120     2.2147      0.0       0.0     2.0948      0.3    0.8       1.057   25.2   0b1111111111111111    20181017T115421316200
 0     110     2.1788      0.0       0.0     0.4288      0.4    0.8       5.081   25.3   0b1111111111111111    20181017T115424751339
 1     110     2.1563      0.2       0.8     2.0367      0.3    0.8       1.059   25.3   0b1111111111111111    20181017T115424751720
 2     110     2.1803      0.0       0.0     0.4275      0.0    0.0       5.100   25.3   0b1111111111111111    20181017T115424752047
 3     110     2.1557      0.3       0.8     2.0375      0.0    0.0       1.058   25.3   0b1111111111111111    20181017T115424752336
 4     110     2.1848      0.0       0.0     0.4316      0.2    0.8       5.062   25.3   0b1111111111111111    20181017T115424752620
 5     110     2.1813      0.4       0.8     2.0667      0.0    0.0       1.055   25.3   0b1111111111111111    20181017T115424752923
 6     110     2.1923      0.2       0.8     0.4338      0.4    0.8       5.054   25.3   0b1111111111111111    20181017T115424753205
 7     110     2.1695      0.4       0.7     2.0542      0.0    0.0       1.056   25.3   0b1111111111111111    20181017T115424753482
 8     110     2.1878      0.0       0.0     0.4283      0.0    0.0       5.108   25.3   0b1111111111111111    20181017T115424753810
 9     110     2.1667      0.0       0.0     2.0453      0.4    0.8       1.059   25.3   0b1111111111111111    20181017T115424754105
10     110     2.1803      0.0       0.0     0.4318      0.3    0.8       5.049   25.3   0b1111111111111111    20181017T115424754383
11     110     2.1863      0.0       0.0     2.0852      0.3    0.8       1.048   25.3   0b1111111111111111    20181017T115424754660
12     110     2.1945      0.0       0.0     0.4340      0.3    0.8       5.056   25.3   0b1111111111111111    20181017T115424754957
13     110     2.1750      0.0       0.0     2.0425      0.0    0.0       1.065   25.3   0b1111111111111111    20181017T115424755235
14     110     2.1758      0.0       0.0     0.4268      0.3    0.8       5.097   25.3   0b1111111111111111    20181017T115424755509
15     110     2.1683      0.0       0.0     2.0510      0.3    0.8       1.057   25.3   0b1111111111111111    20181017T115424755805
 0     100     2.1307      0.2       0.8     0.4192      0.0    0.0       5.083   25.4   0b1111111111111111    20181017T115428196167
 1     100     2.1090      0.0       0.0     1.9917      0.0    0.0       1.059   25.4   0b1111111111111111    20181017T115428196564
 2     100     2.1325      0.4       0.8     0.4182      0.3    0.8       5.100   25.4   0b1111111111111111    20181017T115428196860
 3     100     2.1082      0.0       0.0     1.9926      0.3    0.8       1.058   25.4   0b1111111111111111    20181017T115428197168
 4     100     2.1360      0.0       0.0     0.4219      0.4    0.8       5.063   25.4   0b1111111111111111    20181017T115428197306
 5     100     2.1325      0.4       0.8     2.0205      0.4    0.8       1.055   25.4   0b1111111111111111    20181017T115428197442
 6     100     2.1436      0.2       0.7     0.4242      0.0    0.0       5.054   25.4   0b1111111111111111    20181017T115428197586
 7     100     2.1210      0.0       0.0     2.0083      0.0    0.0       1.056   25.4   0b1111111111111111    20181017T115428197721
 8     100     2.1390      0.0       0.0     0.4187      0.4    0.8       5.108   25.4   0b1111111111111111    20181017T115428197855
 9     100     2.1187      0.2       0.8     1.9994      0.4    0.8       1.060   25.4   0b1111111111111111    20181017T115428197989
10     100     2.1315      0.0       0.0     0.4225      0.0    0.0       5.045   25.4   0b1111111111111111    20181017T115428198134
11     100     2.1375      0.0       0.0     2.0383      0.0    0.0       1.049   25.4   0b1111111111111111    20181017T115428198267
12     100     2.1458      0.0       0.0     0.4242      0.0    0.0       5.059   25.4   0b1111111111111111    20181017T115428198400
13     100     2.1270      0.0       0.0     1.9972      0.4    0.8       1.065   25.4   0b1111111111111111    20181017T115428198533
14     100     2.1277      0.0       0.0     0.4175      0.0    0.0       5.096   25.4   0b1111111111111111    20181017T115428198689
15     100     2.1202      0.0       0.0     2.0054      0.4    0.8       1.057   25.4   0b1111111111111111    20181017T115428198825
 0      90     2.0828      0.0       0.0     0.4099      0.2    0.8       5.081   25.5   0b1111111111111111    20181017T115431640155
 1      90     2.0625      0.0       0.0     1.9475      0.0    0.0       1.059   25.5   0b1111111111111111    20181017T115431640542
 2      90     2.0850      0.0       0.0     0.4083      0.0    0.0       5.106   25.5   0b1111111111111111    20181017T115431640835
 3      90     2.0621      0.4       0.8     1.9492      0.0    0.0       1.058   25.5   0b1111111111111111    20181017T115431641196
 4      90     2.0891      0.4       0.8     0.4125      0.0    0.0       5.065   25.5   0b1111111111111111    20181017T115431641483
 5      90     2.0843      0.0       0.0     1.9747      0.4    0.8       1.055   25.5   0b1111111111111111    20181017T115431641761
 6      90     2.0955      0.0       0.0     0.4142      0.0    0.0       5.060   25.5   0b1111111111111111    20181017T115431642093
 7      90     2.0737      0.0       0.0     1.9634      0.2    0.8       1.056   25.5   0b1111111111111111    20181017T115431642376
 8      90     2.0903      0.0       0.0     0.4091      0.2    0.8       5.110   25.5   0b1111111111111111    20181017T115431642651
 9      90     2.0700      0.0       0.0     1.9533      0.0    0.0       1.060   25.5   0b1111111111111111    20181017T115431642982
10      90     2.0828      0.0       0.0     0.4125      0.0    0.0       5.049   25.5   0b1111111111111111    20181017T115431643264
11      90     2.0895      0.0       0.0     1.9925      0.0    0.0       1.049   25.5   0b1111111111111111    20181017T115431643541
12      90     2.0970      0.0       0.0     0.4148      0.4    0.8       5.056   25.5   0b1111111111111111    20181017T115431643815
13      90     2.0790      0.0       0.0     1.9521      0.4    0.8       1.065   25.5   0b1111111111111111    20181017T115431644137
14      90     2.0798      0.0       0.0     0.4078      0.4    0.8       5.101   25.5   0b1111111111111111    20181017T115431644413
15      90     2.0715      0.0       0.0     1.9597      0.4    0.8       1.057   25.5   0b1111111111111111    20181017T115431644689
 0      80     2.0344      0.4       0.8     0.4000      0.0    0.0       5.086   25.6   0b1111111111111111    20181017T115435106170
 1      80     2.0145      0.0       0.0     1.9022      0.4    0.8       1.059   25.6   0b1111111111111111    20181017T115435106569
 2      80     2.0364      0.3       0.8     0.3992      0.0    0.0       5.102   25.6   0b1111111111111111    20181017T115435106865
 3      80     2.0140      0.3       0.7     1.9033      0.0    0.0       1.058   25.6   0b1111111111111111    20181017T115435107171
 4      80     2.0402      0.3       0.8     0.4026      0.2    0.8       5.068   25.6   0b1111111111111111    20181017T115435107310
 5      80     2.0362      0.0       0.0     1.9285      0.3    0.8       1.056   25.6   0b1111111111111111    20181017T115435107453
 6      80     2.0467      0.0       0.0     0.4047      0.4    0.8       5.058   25.6   0b1111111111111111    20181017T115435107589
 7      80     2.0257      0.0       0.0     1.9176      0.2    0.8       1.056   25.6   0b1111111111111111    20181017T115435107724
 8      80     2.0414      0.2       0.8     0.3997      0.4    0.8       5.108   25.6   0b1111111111111111    20181017T115435107857
 9      80     2.0212      0.0       0.0     1.9076      0.3    0.8       1.060   25.6   0b1111111111111111    20181017T115435107991
10      80     2.0340      0.0       0.0     0.4028      0.4    0.8       5.049   25.6   0b1111111111111111    20181017T115435108137
11      80     2.0407      0.0       0.0     1.9454      0.4    0.8       1.049   25.6   0b1111111111111111    20181017T115435108271
12      80     2.0482      0.2       0.8     0.4050      0.0    0.0       5.057   25.6   0b1111111111111111    20181017T115435108404
13      80     2.0306      0.4       0.8     1.9069      0.4    0.8       1.065   25.6   0b1111111111111111    20181017T115435108537
14      80     2.0311      0.3       0.7     0.3983      0.0    0.0       5.099   25.6   0b1111111111111111    20181017T115435108670
15      80     2.0235      0.0       0.0     1.9141      0.2    0.8       1.057   25.6   0b1111111111111111    20181017T115435108804
 0      70     1.9859      0.3       0.8     0.3907      0.3    0.8       5.082   25.7   0b1111111111111111    20181017T115438581155
 1      70     1.9665      0.0       0.0     1.8569      0.4    0.8       1.059   25.7   0b1111111111111111    20181017T115438581540
 2      70     1.9890      0.0       0.0     0.3899      0.2    0.8       5.101   25.7   0b1111111111111111    20181017T115438581849
 3      70     1.9664      0.2       0.8     1.8582      0.3    0.8       1.058   25.7   0b1111111111111111    20181017T115438582227
 4      70     1.9924      0.4       0.8     0.3933      0.0    0.0       5.065   25.7   0b1111111111111111    20181017T115438582520
 5      70     1.9890      0.0       0.0     1.8841      0.2    0.8       1.056   25.7   0b1111111111111111    20181017T115438582804
 6      70     1.9995      0.0       0.0     0.3951      0.2    0.8       5.061   25.7   0b1111111111111111    20181017T115438583134
 7      70     1.9785      0.0       0.0     1.8733      0.0    0.0       1.056   25.7   0b1111111111111111    20181017T115438583418
 8      70     1.9935      0.0       0.0     0.3900      0.0    0.0       5.112   25.7   0b1111111111111111    20181017T115438583698
 9      70     1.9735      0.3       0.8     1.8625      0.0    0.0       1.060   25.7   0b1111111111111111    20181017T115438584032
10      70     1.9860      0.0       0.0     0.3933      0.0    0.0       5.049   25.7   0b1111111111111111    20181017T115438584317
11      70     1.9928      0.0       0.0     1.8998      0.3    0.8       1.049   25.7   0b1111111111111111    20181017T115438584595
12      70     2.0010      0.0       0.0     0.3958      0.0    0.0       5.055   25.7   0b1111111111111111    20181017T115438584893
13      70     1.9838      0.0       0.0     1.8625      0.0    0.0       1.065   25.7   0b1111111111111111    20181017T115438585202
14      70     1.9845      0.0       0.0     0.3892      0.0    0.0       5.099   25.7   0b1111111111111111    20181017T115438585480
15      70     1.9769      0.2       0.7     1.8694      0.4    0.8       1.058   25.7   0b1111111111111111    20181017T115438585756
 0      60     1.9350      0.0       0.0     0.3808      0.2    0.8       5.082   25.8   0b1111111111111111    20181017T115442041078
 1      60     1.9163      0.0       0.0     1.8092      0.0    0.0       1.059   25.8   0b1111111111111111    20181017T115442041480
 2      60     1.9388      0.0       0.0     0.3796      0.4    0.8       5.108   25.8   0b1111111111111111    20181017T115442041790
 3      60     1.9163      0.0       0.0     1.8108      0.0    0.0       1.058   25.8   0b1111111111111111    20181017T115442042107
 4      60     1.9433      0.0       0.0     0.3834      0.2    0.8       5.068   25.8   0b1111111111111111    20181017T115442042408
 5      60     1.9394      0.2       0.7     1.8367      0.0    0.0       1.056   25.8   0b1111111111111111    20181017T115442042693
 6      60     1.9492      0.0       0.0     0.3852      0.3    0.8       5.061   25.8   0b1111111111111111    20181017T115442043023
 7      60     1.9291      0.2       0.8     1.8267      0.0    0.0       1.056   25.8   0b1111111111111111    20181017T115442043308
 8      60     1.9431      0.3       0.8     0.3800      0.0    0.0       5.113   25.8   0b1111111111111111    20181017T115442043588
 9      60     1.9245      0.0       0.0     1.8164      0.4    0.8       1.060   25.8   0b1111111111111111    20181017T115442043867
10      60     1.9350      0.0       0.0     0.3833      0.0    0.0       5.048   25.8   0b1111111111111111    20181017T115442044205
11      60     1.9425      0.0       0.0     1.8517      0.3    0.8       1.049   25.8   0b1111111111111111    20181017T115442044490
12      60     1.9514      0.2       0.8     0.3858      0.0    0.0       5.058   25.8   0b1111111111111111    20181017T115442044767
13      60     1.9335      0.0       0.0     1.8157      0.2    0.8       1.065   25.8   0b1111111111111111    20181017T115442045070
14      60     1.9350      0.0       0.0     0.3792      0.0    0.0       5.103   25.8   0b1111111111111111    20181017T115442045349
15      60     1.9275      0.0       0.0     1.8233      0.0    0.0       1.057   25.8   0b1111111111111111    20181017T115442045625
 0      50     1.8840      0.0       0.0     0.3701      0.3    0.8       5.091   25.9   0b1111111111111111    20181017T115445483229
 1      50     1.8653      0.0       0.0     1.7611      0.4    0.8       1.059   25.9   0b1111111111111111    20181017T115445483633
 2      50     1.8870      0.0       0.0     0.3692      0.2    0.8       5.110   25.9   0b1111111111111111    20181017T115445483949
 3      50     1.8652      0.2       0.8     1.7623      0.3    0.8       1.058   25.9   0b1111111111111111    20181017T115445484235
 4      50     1.8915      0.0       0.0     0.3733      0.0    0.0       5.067   25.9   0b1111111111111111    20181017T115445484517
 5      50     1.8881      0.4       0.7     1.7883      0.0    0.0       1.056   25.9   0b1111111111111111    20181017T115445484820
 6      50     1.8980      0.4       0.8     0.3750      0.0    0.0       5.061   25.9   0b1111111111111111    20181017T115445485101
 7      50     1.8783      0.4       0.8     1.7782      0.2    0.8       1.056   25.9   0b1111111111111111    20181017T115445485379
 8      50     1.8908      0.0       0.0     0.3700      0.0    0.0       5.110   25.9   0b1111111111111111    20181017T115445485653
 9      50     1.8734      0.2       0.8     1.7678      0.4    0.8       1.060   25.9   0b1111111111111111    20181017T115445485988
10      50     1.8836      0.4       0.8     0.3728      0.4    0.8       5.053   25.9   0b1111111111111111    20181017T115445486278
11      50     1.8908      0.0       0.0     1.8025      0.0    0.0       1.049   25.9   0b1111111111111111    20181017T115445486553
12      50     1.8998      0.0       0.0     0.3758      0.0    0.0       5.055   25.9   0b1111111111111111    20181017T115445486861
13      50     1.8825      0.0       0.0     1.7678      0.4    0.8       1.065   25.9   0b1111111111111111    20181017T115445487141
14      50     1.8840      0.0       0.0     0.3692      0.2    0.8       5.102   25.9   0b1111111111111111    20181017T115445487416
15      50     1.8765      0.0       0.0     1.7750      0.0    0.0       1.057   25.9   0b1111111111111111    20181017T115445487689
 0      40     1.8315      0.0       0.0     0.3600      0.0    0.0       5.087   26.0   0b1111111111111111    20181017T115448920685
 1      40     1.8135      0.0       0.0     1.7118      0.3    0.8       1.059   26.0   0b1111111111111111    20181017T115448921119
 2      40     1.8342      0.4       0.8     0.3592      0.0    0.0       5.107   26.0   0b1111111111111111    20181017T115448921429
 3      40     1.8134      0.2       0.7     1.7134      0.2    0.8       1.058   26.0   0b1111111111111111    20181017T115448921716
 4      40     1.8382      0.0       0.0     0.3625      0.0    0.0       5.071   26.0   0b1111111111111111    20181017T115448921996
 5      40     1.8354      0.3       0.8     1.7383      0.0    0.0       1.056   26.0   0b1111111111111111    20181017T115448922298
 6      40     1.8450      0.0       0.0     0.3643      0.3    0.8       5.064   26.0   0b1111111111111111    20181017T115448922578
 7      40     1.8263      0.0       0.0     1.7289      0.4    0.8       1.056   26.0   0b1111111111111111    20181017T115448922855
 8      40     1.8382      0.0       0.0     0.3592      0.0    0.0       5.118   26.0   0b1111111111111111    20181017T115448923150
 9      40     1.8203      0.0       0.0     1.7180      0.4    0.8       1.060   26.0   0b1111111111111111    20181017T115448923429
10      40     1.8302      0.3       0.8     0.3624      0.3    0.8       5.050   26.0   0b1111111111111111    20181017T115448923710
11      40     1.8380      0.3       0.8     1.7518      0.3    0.8       1.049   26.0   0b1111111111111111    20181017T115448924051
12      40     1.8469      0.4       0.8     0.3651      0.3    0.8       5.059   26.0   0b1111111111111111    20181017T115448924330
13      40     1.8300      0.0       0.0     1.7183      0.0    0.0       1.065   26.0   0b1111111111111111    20181017T115448924607
14      40     1.8315      0.0       0.0     0.3588      0.4    0.8       5.104   26.0   0b1111111111111111    20181017T115448924883
15      40     1.8240      0.0       0.0     1.7257      0.3    0.8       1.057   26.0   0b1111111111111111    20181017T115448925179
 0      30     1.7790      0.0       0.0     0.3493      0.3    0.8       5.093   26.1   0b1111111111111111    20181017T115452363893
 1      30     1.7619      0.3       0.8     1.6637      0.4    0.8       1.059   26.1   0b1111111111111111    20181017T115452364291
 2      30     1.7843      0.0       0.0     0.3492      0.0    0.0       5.110   26.1   0b1111111111111111    20181017T115452364595
 3      30     1.7625      0.0       0.0     1.6658      0.0    0.0       1.058   26.1   0b1111111111111111    20181017T115452364950
 4      30     1.7866      0.2       0.8     0.3525      0.0    0.0       5.068   26.1   0b1111111111111111    20181017T115452365241
 5      30     1.7820      0.0       0.0     1.6878      0.4    0.8       1.056   26.1   0b1111111111111111    20181017T115452365525
 6      30     1.7925      0.0       0.0     0.3542      0.0    0.0       5.061   26.1   0b1111111111111111    20181017T115452365851
 7      30     1.7738      0.0       0.0     1.6792      0.0    0.0       1.056   26.1   0b1111111111111111    20181017T115452366135
 8      30     1.7854      0.4       0.7     0.3491      0.2    0.8       5.114   26.1   0b1111111111111111    20181017T115452366415
 9      30     1.7684      0.2       0.8     1.6685      0.3    0.8       1.060   26.1   0b1111111111111111    20181017T115452366757
10      30     1.7790      0.0       0.0     0.3519      0.4    0.8       5.055   26.1   0b1111111111111111    20181017T115452366909
11      30     1.7865      0.0       0.0     1.7026      0.3    0.8       1.049   26.1   0b1111111111111111    20181017T115452367045
12      30     1.7948      0.0       0.0     0.3549      0.2    0.8       5.057   26.1   0b1111111111111111    20181017T115452367179
13      30     1.7782      0.0       0.0     1.6700      0.0    0.0       1.065   26.1   0b1111111111111111    20181017T115452367313
14      30     1.7797      0.2       0.8     0.3484      0.2    0.8       5.108   26.1   0b1111111111111111    20181017T115452367447
15      30     1.7738      0.0       0.0     1.6778      0.4    0.8       1.057   26.1   0b1111111111111111    20181017T115452367581
 0      20     1.7280      0.0       0.0     0.3392      0.0    0.0       5.095   26.2   0b1111111111111111    20181017T115455841708
 1      20     1.7115      0.0       0.0     1.6158      0.0    0.0       1.059   26.2   0b1111111111111111    20181017T115455842178
 2      20     1.7331      0.3       0.7     0.3390      0.3    0.8       5.112   26.2   0b1111111111111111    20181017T115455842495
 3      20     1.7119      0.4       0.8     1.6176      0.3    0.8       1.058   26.2   0b1111111111111111    20181017T115455842786
 4      20     1.7345      0.4       0.8     0.3418      0.3    0.8       5.075   26.2   0b1111111111111111    20181017T115455843122
 5      20     1.7303      0.0       0.0     1.6388      0.4    0.8       1.056   26.2   0b1111111111111111    20181017T115455843409
 6      20     1.7400      0.0       0.0     0.3437      0.4    0.8       5.063   26.2   0b1111111111111111    20181017T115455843691
 7      20     1.7220      0.0       0.0     1.6300      0.0    0.0       1.056   26.2   0b1111111111111111    20181017T115455844029
 8      20     1.7332      0.0       0.0     0.3387      0.4    0.8       5.118   26.2   0b1111111111111111    20181017T115455844314
 9      20     1.7167      0.0       0.0     1.6198      0.3    0.8       1.060   26.2   0b1111111111111111    20181017T115455844594
10      20     1.7273      0.0       0.0     0.3417      0.0    0.0       5.055   26.2   0b1111111111111111    20181017T115455844890
11      20     1.7340      0.0       0.0     1.6525      0.0    0.0       1.049   26.2   0b1111111111111111    20181017T115455845201
12      20     1.7429      0.2       0.8     0.3444      0.4    0.8       5.061   26.2   0b1111111111111111    20181017T115455845478
13      20     1.7266      0.2       0.8     1.6216      0.3    0.8       1.065   26.2   0b1111111111111111    20181017T115455845754
14      20     1.7279      0.3       0.8     0.3383      0.0    0.0       5.107   26.2   0b1111111111111111    20181017T115455846082
15      20     1.7222      0.3       0.8     1.6292      0.0    0.0       1.057   26.2   0b1111111111111111    20181017T115455846362
 0      10     1.6770      0.0       0.0     0.3292      0.3    0.8       5.093   26.3   0b1111111111111111    20181017T115459305748
 1      10     1.6620      0.0       0.0     1.5689      0.4    0.8       1.059   26.3   0b1111111111111111    20181017T115459306181
 2      10     1.6821      0.3       0.7     0.3292      0.0    0.0       5.110   26.3   0b1111111111111111    20181017T115459306496
 3      10     1.6615      0.3       0.8     1.5700      0.0    0.0       1.058   26.3   0b1111111111111111    20181017T115459306788
 4      10     1.6822      0.0       0.0     0.3317      0.0    0.0       5.072   26.3   0b1111111111111111    20181017T115459307107
 5      10     1.6785      0.0       0.0     1.5898      0.3    0.8       1.056   26.3   0b1111111111111111    20181017T115459307277
 6      10     1.6880      0.4       0.8     0.3333      0.0    0.0       5.064   26.3   0b1111111111111111    20181017T115459307416
 7      10     1.6710      0.0       0.0     1.5817      0.0    0.0       1.056   26.3   0b1111111111111111    20181017T115459307551
 8      10     1.6811      0.4       0.8     0.3283      0.0    0.0       5.120   26.3   0b1111111111111111    20181017T115459307704
 9      10     1.6650      0.0       0.0     1.5716      0.2    0.8       1.059   26.3   0b1111111111111111    20181017T115459307840
10      10     1.6751      0.4       0.7     0.3316      0.3    0.8       5.052   26.3   0b1111111111111111    20181017T115459307975
11      10     1.6817      0.3       0.7     1.6032      0.3    0.8       1.049   26.3   0b1111111111111111    20181017T115459308120
12      10     1.6905      0.0       0.0     0.3342      0.0    0.0       5.059   26.3   0b1111111111111111    20181017T115459308254
13      10     1.6753      0.3       0.7     1.5732      0.3    0.8       1.065   26.3   0b1111111111111111    20181017T115459308413
14      10     1.6763      0.0       0.0     0.3283      0.0    0.0       5.105   26.3   0b1111111111111111    20181017T115459308551
15      10     1.6710      0.0       0.0     1.5807      0.2    0.8       1.057   26.3   0b1111111111111111    20181017T115459308685
 0       0     1.6260      0.0       0.0     0.3192      0.0    0.0       5.095   26.3   0b1111111111111111    20181017T115502746346
 1       0     1.6110      0.0       0.0     1.5208      0.0    0.0       1.059   26.3   0b1111111111111111    20181017T115502746747
 2       0     1.6305      0.0       0.0     0.3191      0.2    0.8       5.110   26.3   0b1111111111111111    20181017T115502747088
 3       0     1.6110      0.0       0.0     1.5225      0.0    0.0       1.058   26.3   0b1111111111111111    20181017T115502747380
 4       0     1.6305      0.0       0.0     0.3210      0.3    0.8       5.079   26.3   0b1111111111111111    20181017T115502747665
 5       0     1.6266      0.3       0.8     1.5402      0.3    0.8       1.056   26.3   0b1111111111111111    20181017T115502747970
 6       0     1.6357      0.0       0.0     0.3227      0.3    0.8       5.069   26.3   0b1111111111111111    20181017T115502748252
 7       0     1.6192      0.0       0.0     1.5330      0.4    0.8       1.056   26.3   0b1111111111111111    20181017T115502748530
 8       0     1.6290      0.0       0.0     0.3183      0.0    0.0       5.117   26.3   0b1111111111111111    20181017T115502748830
 9       0     1.6133      0.0       0.0     1.5225      0.0    0.0       1.060   26.3   0b1111111111111111    20181017T115502749118
10       0     1.6230      0.0       0.0     0.3208      0.0    0.0       5.059   26.3   0b1111111111111111    20181017T115502749428
11       0     1.6298      0.0       0.0     1.5533      0.0    0.0       1.049   26.3   0b1111111111111111    20181017T115502749706
12       0     1.6380      0.0       0.0     0.3238      0.4    0.8       5.058   26.3   0b1111111111111111    20181017T115502750010
13       0     1.6237      0.0       0.0     1.5246      0.4    0.8       1.065   26.3   0b1111111111111111    20181017T115502750286
14       0     1.6246      0.2       0.8     0.3183      0.0    0.0       5.103   26.3   0b1111111111111111    20181017T115502750563
15       0     1.6192      0.0       0.0     1.5317      0.0    0.0       1.057   26.3   0b1111111111111111    20181017T115502750858
