CH# Vset[DAC]   V[V]    dVRMS[mV] dVpp[mV]    I[A]  dIRMS[mA] dIpp[mA]   R[ohm]   T[C]   State                Timestamp
 0     250     2.8125      0.0       0.0     0.2828      0.4    0.8       9.944   26.7   0b1111111111111111    20181008T182252766332
 1     250     2.8358      0.2       0.8     1.2489      0.5    1.7       2.271   26.7   0b1111111111111111    20181008T182252766844
 2     250     2.8553      0.0       0.0     0.2838      0.6    1.7      10.060   26.7   0b1111111111111111    20181008T182252767192
 3     250     2.8316      0.4       0.8     1.2486      0.7    1.7       2.268   26.7   0b1111111111111111    20181008T182252767489
 4     250     2.8478      0.0       0.0     0.2838      0.8    3.3      10.033   26.7   0b1111111111111111    20181008T182252767823
 5     250     2.8530      0.0       0.0     1.2549      1.0    3.3       2.273   26.7   0b1111111111111111    20181008T182252768136
 6     250     2.8583      0.2       0.7     0.2865      1.0    3.3       9.977   26.7   0b1111111111111111    20181008T182252768419
 7     250     2.8433      0.0       0.0     1.2523      0.5    1.7       2.271   26.7   0b1111111111111111    20181008T182252768700
 8     250     2.8500      0.0       0.0     0.2850      0.5    1.7      10.000   26.7   0b1111111111111111    20181008T182252769028
 9     250     2.8260      0.0       0.0     1.2413      0.4    0.8       2.277   26.7   0b1111111111111111    20181008T182252769312
10     250     2.8493      0.0       0.0     0.2857      0.7    2.5       9.971   26.7   0b1111111111111111    20181008T182252769590
11     250     2.8409      0.2       0.8     1.2511      0.5    1.7       2.271   26.7   0b1111111111111111    20181008T182252769919
12     250     2.8410      0.0       0.0     0.2832      0.9    3.3      10.033   26.7   0b1111111111111111    20181008T182252770201
13     250     2.8327      0.2       0.8     1.2438      0.9    3.3       2.278   26.7   0b1111111111111111    20181008T182252770479
14     250     2.8478      0.0       0.0     0.2886      0.7    2.5       9.868   26.7   0b1111111111111111    20181008T182252770782
15     250     2.8163      0.0       0.0     1.2194      0.7    2.5       2.310   26.7   0b1111111111111111    20181008T182252771083
 0     240     2.7645      0.0       0.0     0.2781      0.5    1.7       9.941   26.7   0b1111111111111111    20181008T182256302921
 1     240     2.7902      0.3       0.8     1.2289      0.4    0.8       2.270   26.7   0b1111111111111111    20181008T182256303307
 2     240     2.8065      0.0       0.0     0.2786      0.4    0.8      10.074   26.7   0b1111111111111111    20181008T182256303611
 3     240     2.7855      0.0       0.0     1.2283      0.4    1.7       2.268   26.7   0b1111111111111111    20181008T182256303959
 4     240     2.7990      0.0       0.0     0.2791      0.4    1.7      10.029   26.7   0b1111111111111111    20181008T182256304263
 5     240     2.8094      0.2       0.7     1.2357      0.3    0.8       2.274   26.7   0b1111111111111111    20181008T182256304548
 6     240     2.8095      0.0       0.0     0.2813      0.4    0.8       9.986   26.7   0b1111111111111111    20181008T182256304896
 7     240     2.7975      0.0       0.0     1.2322      0.4    0.8       2.270   26.7   0b1111111111111111    20181008T182256305189
 8     240     2.8013      0.0       0.0     0.2801      0.6    1.7      10.001   26.7   0b1111111111111111    20181008T182256305468
 9     240     2.7794      0.2       0.8     1.2209      0.4    1.7       2.277   26.7   0b1111111111111111    20181008T182256305747
10     240     2.8006      0.2       0.8     0.2807      0.7    1.7       9.975   26.7   0b1111111111111111    20181008T182256306077
11     240     2.7945      0.0       0.0     1.2303      0.4    0.8       2.271   26.7   0b1111111111111111    20181008T182256306354
12     240     2.7922      0.0       0.0     0.2782      0.2    0.8      10.035   26.7   0b1111111111111111    20181008T182256306630
13     240     2.7862      0.0       0.0     1.2237      0.4    0.8       2.277   26.7   0b1111111111111111    20181008T182256306929
14     240     2.7993      0.4       0.7     0.2838      0.4    0.8       9.865   26.7   0b1111111111111111    20181008T182256307079
15     240     2.7690      0.0       0.0     1.1992      0.4    1.7       2.309   26.7   0b1111111111111111    20181008T182256307214
 0     230     2.7180      0.0       0.0     0.2736      0.4    0.8       9.935   26.8   0b1111111111111111    20181008T182259834596
 1     230     2.7435      0.0       0.0     1.2083      0.2    0.8       2.271   26.8   0b1111111111111111    20181008T182259835059
 2     230     2.7600      0.0       0.0     0.2740      0.3    0.8      10.073   26.8   0b1111111111111111    20181008T182259835379
 3     230     2.7389      0.3       0.8     1.2076      0.2    0.8       2.268   26.8   0b1111111111111111    20181008T182259835675
 4     230     2.7510      0.0       0.0     0.2741      0.2    0.8      10.037   26.8   0b1111111111111111    20181008T182259836014
 5     230     2.7623      0.0       0.0     1.2152      0.5    1.7       2.273   26.8   0b1111111111111111    20181008T182259836311
 6     230     2.7615      0.0       0.0     0.2767      0.4    1.7       9.981   26.8   0b1111111111111111    20181008T182259836594
 7     230     2.7503      0.0       0.0     1.2115      0.3    0.8       2.270   26.8   0b1111111111111111    20181008T182259836925
 8     230     2.7540      0.0       0.0     0.2756      0.4    0.8       9.993   26.8   0b1111111111111111    20181008T182259837066
 9     230     2.7323      0.0       0.0     1.2003      0.4    0.8       2.276   26.8   0b1111111111111111    20181008T182259837202
10     230     2.7540      0.0       0.0     0.2762      0.4    0.8       9.972   26.8   0b1111111111111111    20181008T182259837338
11     230     2.7480      0.0       0.0     1.2099      0.4    1.7       2.271   26.8   0b1111111111111111    20181008T182259837473
12     230     2.7458      0.0       0.0     0.2736      0.4    0.8      10.036   26.8   0b1111111111111111    20181008T182259837608
13     230     2.7390      0.0       0.0     1.2030      0.4    0.8       2.277   26.8   0b1111111111111111    20181008T182259837744
14     230     2.7525      0.0       0.0     0.2792      0.4    1.7       9.860   26.8   0b1111111111111111    20181008T182259837907
15     230     2.7227      0.3       0.8     1.1790      0.5    1.7       2.309   26.8   0b1111111111111111    20181008T182259838042
 0     220     2.6707      0.0       0.0     0.2687      0.4    0.8       9.938   26.9   0b1111111111111111    20181008T182303364311
 1     220     2.6955      0.0       0.0     1.1872      0.4    0.8       2.271   26.9   0b1111111111111111    20181008T182303364689
 2     220     2.7105      0.0       0.0     0.2691      0.3    0.8      10.073   26.9   0b1111111111111111    20181008T182303365072
 3     220     2.6910      0.0       0.0     1.1867      0.0    0.0       2.268   26.9   0b1111111111111111    20181008T182303365373
 4     220     2.7028      0.3       0.8     0.2695      0.4    0.8      10.029   26.9   0b1111111111111111    20181008T182303365660
 5     220     2.7137      0.3       0.8     1.1940      0.3    0.8       2.273   26.9   0b1111111111111111    20181008T182303365989
 6     220     2.7115      0.4       0.8     0.2717      0.3    0.8       9.978   26.9   0b1111111111111111    20181008T182303366289
 7     220     2.7019      0.4       0.8     1.1902      0.4    0.8       2.270   26.9   0b1111111111111111    20181008T182303366570
 8     220     2.7055      0.3       0.7     0.2708      0.4    1.7       9.989   26.9   0b1111111111111111    20181008T182303366909
 9     220     2.6835      0.0       0.0     1.1790      0.3    0.8       2.276   26.9   0b1111111111111111    20181008T182303367054
10     220     2.7052      0.0       0.0     0.2710      0.3    0.8       9.982   26.9   0b1111111111111111    20181008T182303367191
11     220     2.6999      0.2       0.8     1.1886      0.4    0.8       2.272   26.9   0b1111111111111111    20181008T182303367327
12     220     2.6977      0.0       0.0     0.2684      0.3    0.8      10.051   26.9   0b1111111111111111    20181008T182303367463
13     220     2.6905      0.4       0.8     1.1818      0.3    0.8       2.277   26.9   0b1111111111111111    20181008T182303367608
14     220     2.7037      0.0       0.0     0.2743      0.3    0.8       9.856   26.9   0b1111111111111111    20181008T182303367744
15     220     2.6753      0.2       0.7     1.1585      0.3    0.8       2.309   26.9   0b1111111111111111    20181008T182303367906
 0     210     2.6227      0.0       0.0     0.2641      0.2    0.8       9.932   26.9   0b1111111111111111    20181008T182306896237
 1     210     2.6468      0.0       0.0     1.1658      0.0    0.0       2.270   26.9   0b1111111111111111    20181008T182306896629
 2     210     2.6618      0.0       0.0     0.2640      0.3    0.8      10.082   26.9   0b1111111111111111    20181008T182306896924
 3     210     2.6423      0.0       0.0     1.1650      0.0    0.0       2.268   26.9   0b1111111111111111    20181008T182306897218
 4     210     2.6534      0.3       0.8     0.2643      0.3    0.8      10.038   26.9   0b1111111111111111    20181008T182306897360
 5     210     2.6640      0.0       0.0     1.1722      0.4    0.8       2.273   26.9   0b1111111111111111    20181008T182306897498
 6     210     2.6618      0.2       0.8     0.2667      0.0    0.0       9.982   26.9   0b1111111111111111    20181008T182306897634
 7     210     2.6527      0.2       0.7     1.1683      0.0    0.0       2.270   26.9   0b1111111111111111    20181008T182306897778
 8     210     2.6565      0.0       0.0     0.2659      0.2    0.8       9.990   26.9   0b1111111111111111    20181008T182306897914
 9     210     2.6348      0.2       0.7     1.1575      0.0    0.0       2.276   26.9   0b1111111111111111    20181008T182306898083
10     210     2.6565      0.0       0.0     0.2662      0.4    0.8       9.977   26.9   0b1111111111111111    20181008T182306898227
11     210     2.6510      0.4       0.8     1.1673      0.3    0.8       2.271   26.9   0b1111111111111111    20181008T182306898362
12     210     2.6490      0.0       0.0     0.2638      0.4    0.8      10.040   26.9   0b1111111111111111    20181008T182306898496
13     210     2.6423      0.0       0.0     1.1606      0.4    0.8       2.277   26.9   0b1111111111111111    20181008T182306898630
14     210     2.6550      0.0       0.0     0.2693      0.2    0.8       9.861   26.9   0b1111111111111111    20181008T182306898764
15     210     2.6273      0.0       0.0     1.1377      0.3    0.8       2.309   26.9   0b1111111111111111    20181008T182306898898
 0     200     2.5740      0.0       0.0     0.2591      0.3    0.8       9.935   26.9   0b1111111111111111    20181008T182310425943
 1     200     2.5973      0.2       0.7     1.1440      0.3    0.8       2.270   26.9   0b1111111111111111    20181008T182310426338
 2     200     2.6130      0.0       0.0     0.2592      0.0    0.0      10.082   26.9   0b1111111111111111    20181008T182310426647
 3     200     2.5930      0.3       0.7     1.1433      0.0    0.0       2.268   26.9   0b1111111111111111    20181008T182310426951
 4     200     2.6032      0.0       0.0     0.2592      0.0    0.0      10.045   26.9   0b1111111111111111    20181008T182310427101
 5     200     2.6145      0.0       0.0     1.1502      0.3    0.8       2.273   26.9   0b1111111111111111    20181008T182310427242
 6     200     2.6122      0.0       0.0     0.2617      0.0    0.0       9.983   26.9   0b1111111111111111    20181008T182310427381
 7     200     2.6029      0.4       0.8     1.1467      0.0    0.0       2.270   26.9   0b1111111111111111    20181008T182310427518
 8     200     2.6077      0.0       0.0     0.2610      0.3    0.8       9.991   26.9   0b1111111111111111    20181008T182310427654
 9     200     2.5860      0.0       0.0     1.1362      0.4    0.8       2.276   26.9   0b1111111111111111    20181008T182310427826
10     200     2.6073      0.4       0.8     0.2615      0.3    0.8       9.971   26.9   0b1111111111111111    20181008T182310427970
11     200     2.6017      0.0       0.0     1.1457      0.3    0.8       2.271   26.9   0b1111111111111111    20181008T182310428105
12     200     2.6002      0.0       0.0     0.2590      0.3    0.8      10.040   26.9   0b1111111111111111    20181008T182310428247
13     200     2.5934      0.2       0.7     1.1392      0.0    0.0       2.277   26.9   0b1111111111111111    20181008T182310428383
14     200     2.6062      0.0       0.0     0.2642      0.2    0.8       9.863   26.9   0b1111111111111111    20181008T182310428516
15     200     2.5793      0.0       0.0     1.1168      0.2    0.8       2.310   26.9   0b1111111111111111    20181008T182310428650
 0     190     2.5282      0.0       0.0     0.2542      0.3    0.8       9.944   27.0   0b1111111111111111    20181008T182313975969
 1     190     2.5508      0.0       0.0     1.1234      0.3    0.8       2.271   27.0   0b1111111111111111    20181008T182313976366
 2     190     2.5649      0.2       0.8     0.2544      0.4    0.8      10.082   27.0   0b1111111111111111    20181008T182313976661
 3     190     2.5464      0.3       0.7     1.1228      0.4    0.8       2.268   27.0   0b1111111111111111    20181008T182313976950
 4     190     2.5560      0.0       0.0     0.2543      0.3    0.8      10.050   27.0   0b1111111111111111    20181008T182313977097
 5     190     2.5665      0.0       0.0     1.1293      0.3    0.8       2.273   27.0   0b1111111111111111    20181008T182313977235
 6     190     2.5636      0.2       0.8     0.2568      0.3    0.8       9.985   27.0   0b1111111111111111    20181008T182313977370
 7     190     2.5553      0.0       0.0     1.1259      0.2    0.8       2.269   27.0   0b1111111111111111    20181008T182313977505
 8     190     2.5613      0.0       0.0     0.2564      0.4    0.8       9.989   27.0   0b1111111111111111    20181008T182313977639
 9     190     2.5410      0.0       0.0     1.1166      0.3    0.8       2.276   27.0   0b1111111111111111    20181008T182313977807
10     190     2.5598      0.0       0.0     0.2568      0.3    0.8       9.967   27.0   0b1111111111111111    20181008T182313977951
11     190     2.5553      0.0       0.0     1.1251      0.3    0.8       2.271   27.0   0b1111111111111111    20181008T182313978087
12     190     2.5538      0.0       0.0     0.2543      0.3    0.8      10.041   27.0   0b1111111111111111    20181008T182313978221
13     190     2.5463      0.0       0.0     1.1186      0.4    0.8       2.276   27.0   0b1111111111111111    20181008T182313978356
14     190     2.5583      0.0       0.0     0.2598      0.4    0.8       9.849   27.0   0b1111111111111111    20181008T182313978489
15     190     2.5328      0.0       0.0     1.0969      0.4    0.8       2.309   27.0   0b1111111111111111    20181008T182313978623
 0     180     2.4795      0.0       0.0     0.2496      0.4    0.8       9.935   27.0   0b1111111111111111    20181008T182317506680
 1     180     2.5020      0.0       0.0     1.1023      0.4    0.8       2.270   27.0   0b1111111111111111    20181008T182317507151
 2     180     2.5157      0.3       0.7     0.2497      0.4    0.8      10.076   27.0   0b1111111111111111    20181008T182317507467
 3     180     2.4976      0.2       0.8     1.1015      0.3    0.8       2.267   27.0   0b1111111111111111    20181008T182317507795
 4     180     2.5064      0.2       0.7     0.2497      0.4    0.8      10.039   27.0   0b1111111111111111    20181008T182317508120
 5     180     2.5170      0.0       0.0     1.1075      0.0    0.0       2.273   27.0   0b1111111111111111    20181008T182317508410
 6     180     2.5140      0.0       0.0     0.2518      0.3    0.8       9.983   27.0   0b1111111111111111    20181008T182317508693
 7     180     2.5057      0.0       0.0     1.1039      0.4    0.8       2.270   27.0   0b1111111111111111    20181008T182317509032
 8     180     2.5119      0.3       0.8     0.2513      0.4    0.8       9.994   27.0   0b1111111111111111    20181008T182317509314
 9     180     2.4926      0.4       0.7     1.0954      0.4    0.8       2.276   27.0   0b1111111111111111    20181008T182317509593
10     180     2.5110      0.0       0.0     0.2518      0.2    0.8       9.974   27.0   0b1111111111111111    20181008T182317509920
11     180     2.5065      0.0       0.0     1.1037      0.4    0.8       2.271   27.0   0b1111111111111111    20181008T182317510213
12     180     2.5050      0.0       0.0     0.2496      0.4    0.8      10.037   27.0   0b1111111111111111    20181008T182317510490
13     180     2.4978      0.4       0.8     1.0974      0.3    0.8       2.276   27.0   0b1111111111111111    20181008T182317510813
14     180     2.5095      0.0       0.0     0.2548      0.3    0.8       9.848   27.0   0b1111111111111111    20181008T182317511103
15     180     2.4848      0.0       0.0     1.0762      0.4    0.8       2.309   27.0   0b1111111111111111    20181008T182317511382
 0     170     2.4315      0.0       0.0     0.2448      0.4    0.8       9.935   27.0   0b1111111111111111    20181008T182321037810
 1     170     2.4533      0.0       0.0     1.0807      0.2    0.8       2.270   27.0   0b1111111111111111    20181008T182321038228
 2     170     2.4671      0.4       0.7     0.2448      0.3    0.8      10.077   27.0   0b1111111111111111    20181008T182321038540
 3     170     2.4487      0.0       0.0     1.0797      0.4    0.8       2.268   27.0   0b1111111111111111    20181008T182321038834
 4     170     2.4569      0.2       0.8     0.2446      0.4    0.8      10.045   27.0   0b1111111111111111    20181008T182321039131
 5     170     2.4675      0.0       0.0     1.0858      0.0    0.0       2.272   27.0   0b1111111111111111    20181008T182321039416
 6     170     2.4645      0.0       0.0     0.2468      0.3    0.8       9.984   27.0   0b1111111111111111    20181008T182321039695
 7     170     2.4563      0.0       0.0     1.0823      0.4    0.8       2.270   27.0   0b1111111111111111    20181008T182321039974
 8     170     2.4630      0.0       0.0     0.2465      0.3    0.8       9.992   27.0   0b1111111111111111    20181008T182321040280
 9     170     2.4443      0.0       0.0     1.0742      0.0    0.0       2.275   27.0   0b1111111111111111    20181008T182321040556
10     170     2.4623      0.0       0.0     0.2467      0.2    0.8       9.979   27.0   0b1111111111111111    20181008T182321040830
11     170     2.4578      0.0       0.0     1.0824      0.3    0.8       2.271   27.0   0b1111111111111111    20181008T182321041115
12     170     2.4563      0.0       0.0     0.2448      0.4    0.8      10.036   27.0   0b1111111111111111    20181008T182321041393
13     170     2.4494      0.2       0.8     1.0762      0.4    0.8       2.276   27.0   0b1111111111111111    20181008T182321041670
14     170     2.4608      0.0       0.0     0.2500      0.0    0.0       9.843   27.0   0b1111111111111111    20181008T182321041944
15     170     2.4367      0.0       0.0     1.0555      0.4    0.8       2.309   27.0   0b1111111111111111    20181008T182321042232
 0     160     2.3828      0.2       0.8     0.2400      0.0    0.0       9.928   27.0   0b1111111111111111    20181008T182324568686
 1     160     2.4037      0.0       0.0     1.0591      0.3    0.8       2.270   27.0   0b1111111111111111    20181008T182324569165
 2     160     2.4180      0.0       0.0     0.2397      0.4    0.8      10.086   27.0   0b1111111111111111    20181008T182324569484
 3     160     2.4000      0.0       0.0     1.0582      0.2    0.8       2.268   27.0   0b1111111111111111    20181008T182324569831
 4     160     2.4074      0.3       0.8     0.2398      0.3    0.8      10.038   27.0   0b1111111111111111    20181008T182324570147
 5     160     2.4180      0.0       0.0     1.0641      0.2    0.8       2.272   27.0   0b1111111111111111    20181008T182324570436
 6     160     2.4150      0.0       0.0     0.2419      0.4    0.8       9.983   27.0   0b1111111111111111    20181008T182324570720
 7     160     2.4067      0.0       0.0     1.0607      0.3    0.8       2.269   27.0   0b1111111111111111    20181008T182324571081
 8     160     2.4142      0.0       0.0     0.2417      0.0    0.0       9.990   27.0   0b1111111111111111    20181008T182324571366
 9     160     2.3955      0.0       0.0     1.0525      0.0    0.0       2.276   27.0   0b1111111111111111    20181008T182324571648
10     160     2.4135      0.0       0.0     0.2419      0.4    0.8       9.977   27.0   0b1111111111111111    20181008T182324571984
11     160     2.4090      0.0       0.0     1.0608      0.0    0.0       2.271   27.0   0b1111111111111111    20181008T182324572268
12     160     2.4075      0.0       0.0     0.2398      0.3    0.8      10.038   27.0   0b1111111111111111    20181008T182324572546
13     160     2.4004      0.4       0.8     1.0547      0.4    0.8       2.276   27.0   0b1111111111111111    20181008T182324572883
14     160     2.4120      0.0       0.0     0.2451      0.2    0.8       9.842   27.0   0b1111111111111111    20181008T182324573166
15     160     2.3880      0.0       0.0     1.0345      0.4    0.8       2.308   27.0   0b1111111111111111    20181008T182324573444
 0     150     2.3374      0.4       0.8     0.2351      0.2    0.8       9.943   27.1   0b1111111111111111    20181008T182328101433
 1     150     2.3558      0.0       0.0     1.0379      0.4    0.8       2.270   27.1   0b1111111111111111    20181008T182328101923
 2     150     2.3708      0.0       0.0     0.2350      0.0    0.0      10.088   27.1   0b1111111111111111    20181008T182328102245
 3     150     2.3542      0.0       0.0     1.0379      0.4    0.8       2.268   27.1   0b1111111111111111    20181008T182328102541
 4     150     2.3603      0.0       0.0     0.2350      0.0    0.0      10.044   27.1   0b1111111111111111    20181008T182328102887
 5     150     2.3700      0.0       0.0     1.0431      0.4    0.8       2.272   27.1   0b1111111111111111    20181008T182328103192
 6     150     2.3679      0.3       0.8     0.2375      0.0    0.0       9.970   27.1   0b1111111111111111    20181008T182328103477
 7     150     2.3602      0.2       0.8     1.0398      0.4    0.8       2.270   27.1   0b1111111111111111    20181008T182328103785
 8     150     2.3678      0.0       0.0     0.2368      0.3    0.8      10.001   27.1   0b1111111111111111    20181008T182328104105
 9     150     2.3498      0.0       0.0     1.0325      0.0    0.0       2.276   27.1   0b1111111111111111    20181008T182328104387
10     150     2.3670      0.0       0.0     0.2374      0.3    0.8       9.970   27.1   0b1111111111111111    20181008T182328104665
11     150     2.3618      0.0       0.0     1.0401      0.3    0.8       2.271   27.1   0b1111111111111111    20181008T182328104992
12     150     2.3605      0.3       0.7     0.2351      0.2    0.8      10.041   27.1   0b1111111111111111    20181008T182328105275
13     150     2.3545      0.3       0.8     1.0346      0.4    0.8       2.276   27.1   0b1111111111111111    20181008T182328105552
14     150     2.3664      0.3       0.8     0.2403      0.4    0.8       9.846   27.1   0b1111111111111111    20181008T182328105884
15     150     2.3422      0.0       0.0     1.0143      0.3    0.8       2.309   27.1   0b1111111111111111    20181008T182328106167
 0     140     2.2898      0.0       0.0     0.2302      0.4    0.8       9.945   27.1   0b1111111111111111    20181008T182331631871
 1     140     2.3070      0.0       0.0     1.0167      0.0    0.0       2.269   27.1   0b1111111111111111    20181008T182331632269
 2     140     2.3221      0.2       0.8     0.2301      0.3    0.8      10.092   27.1   0b1111111111111111    20181008T182331632574
 3     140     2.3062      0.2       0.8     1.0167      0.0    0.0       2.268   27.1   0b1111111111111111    20181008T182331632888
 4     140     2.3107      0.0       0.0     0.2300      0.0    0.0      10.047   27.1   0b1111111111111111    20181008T182331633177
 5     140     2.3205      0.0       0.0     1.0215      0.3    0.8       2.272   27.1   0b1111111111111111    20181008T182331633460
 6     140     2.3190      0.0       0.0     0.2325      0.0    0.0       9.974   27.1   0b1111111111111111    20181008T182331633783
 7     140     2.3107      0.0       0.0     1.0181      0.4    0.8       2.270   27.1   0b1111111111111111    20181008T182331634069
 8     140     2.3191      0.3       0.8     0.2319      0.4    0.8      10.000   27.1   0b1111111111111111    20181008T182331634359
 9     140     2.3017      0.0       0.0     1.0117      0.0    0.0       2.275   27.1   0b1111111111111111    20181008T182331634639
10     140     2.3190      0.0       0.0     0.2325      0.0    0.0       9.974   27.1   0b1111111111111111    20181008T182331634934
11     140     2.3134      0.4       0.8     1.0188      0.4    0.8       2.271   27.1   0b1111111111111111    20181008T182331635213
12     140     2.3122      0.0       0.0     0.2302      0.3    0.8      10.046   27.1   0b1111111111111111    20181008T182331635488
13     140     2.3062      0.0       0.0     1.0133      0.0    0.0       2.276   27.1   0b1111111111111111    20181008T182331635787
14     140     2.3182      0.0       0.0     0.2357      0.3    0.8       9.837   27.1   0b1111111111111111    20181008T182331636066
15     140     2.2942      0.0       0.0     0.9941      0.3    0.8       2.308   27.1   0b1111111111111111    20181008T182331636341
 0     130     2.2418      0.0       0.0     0.2257      0.3    0.8       9.934   27.1   0b1111111111111111    20181008T182335163245
 1     130     2.2590      0.0       0.0     0.9950      0.0    0.0       2.270   27.1   0b1111111111111111    20181008T182335163642
 2     130     2.2740      0.0       0.0     0.2251      0.2    0.8      10.103   27.1   0b1111111111111111    20181008T182335163987
 3     130     2.2575      0.0       0.0     0.9950      0.0    0.0       2.269   27.1   0b1111111111111111    20181008T182335164284
 4     130     2.2620      0.0       0.0     0.2250      0.0    0.0      10.053   27.1   0b1111111111111111    20181008T182335164572
 5     130     2.2718      0.0       0.0     0.9999      0.3    0.8       2.272   27.1   0b1111111111111111    20181008T182335164903
 6     130     2.2696      0.2       0.8     0.2274      0.3    0.8       9.980   27.1   0b1111111111111111    20181008T182335165189
 7     130     2.2620      0.0       0.0     0.9965      0.3    0.8       2.270   27.1   0b1111111111111111    20181008T182335165470
 8     130     2.2710      0.0       0.0     0.2273      0.4    0.8       9.993   27.1   0b1111111111111111    20181008T182335165766
 9     130     2.2537      0.2       0.8     0.9903      0.4    0.8       2.276   27.1   0b1111111111111111    20181008T182335166050
10     130     2.2709      0.3       0.8     0.2277      0.3    0.8       9.974   27.1   0b1111111111111111    20181008T182335166327
11     130     2.2650      0.0       0.0     0.9975      0.0    0.0       2.271   27.1   0b1111111111111111    20181008T182335166602
12     130     2.2643      0.0       0.0     0.2252      0.3    0.8      10.056   27.1   0b1111111111111111    20181008T182335166913
13     130     2.2580      0.4       0.7     0.9923      0.3    0.8       2.275   27.1   0b1111111111111111    20181008T182335167050
14     130     2.2703      0.0       0.0     0.2308      0.0    0.0       9.835   27.1   0b1111111111111111    20181008T182335167185
15     130     2.2462      0.0       0.0     0.9733      0.0    0.0       2.308   27.1   0b1111111111111111    20181008T182335167318
 0     120     2.1930      0.0       0.0     0.2207      0.3    0.8       9.938   27.2   0b1111111111111111    20181008T182338692518
 1     120     2.2102      0.0       0.0     0.9736      0.4    0.8       2.270   27.2   0b1111111111111111    20181008T182338692928
 2     120     2.2252      0.0       0.0     0.2202      0.3    0.8      10.107   27.2   0b1111111111111111    20181008T182338693242
 3     120     2.2095      0.0       0.0     0.9735      0.3    0.8       2.270   27.2   0b1111111111111111    20181008T182338693534
 4     120     2.2147      0.0       0.0     0.2201      0.2    0.8      10.063   27.2   0b1111111111111111    20181008T182338693912
 5     120     2.2230      0.0       0.0     0.9783      0.3    0.8       2.272   27.2   0b1111111111111111    20181008T182338694266
 6     120     2.2207      0.0       0.0     0.2225      0.0    0.0       9.981   27.2   0b1111111111111111    20181008T182338694552
 7     120     2.2132      0.0       0.0     0.9750      0.0    0.0       2.270   27.2   0b1111111111111111    20181008T182338694871
 8     120     2.2223      0.2       0.8     0.2224      0.2    0.8       9.992   27.2   0b1111111111111111    20181008T182338695176
 9     120     2.2058      0.2       0.8     0.9692      0.3    0.8       2.276   27.2   0b1111111111111111    20181008T182338695458
10     120     2.2229      0.2       0.8     0.2227      0.3    0.8       9.983   27.2   0b1111111111111111    20181008T182338695735
11     120     2.2171      0.2       0.8     0.9763      0.4    0.8       2.271   27.2   0b1111111111111111    20181008T182338696038
12     120     2.2164      0.3       0.8     0.2208      0.2    0.8      10.040   27.2   0b1111111111111111    20181008T182338696316
13     120     2.2102      0.0       0.0     0.9709      0.3    0.8       2.276   27.2   0b1111111111111111    20181008T182338696592
14     120     2.2215      0.0       0.0     0.2258      0.0    0.0       9.837   27.2   0b1111111111111111    20181008T182338696894
15     120     2.1990      0.0       0.0     0.9525      0.0    0.0       2.309   27.2   0b1111111111111111    20181008T182338697173
 0     110     2.1473      0.0       0.0     0.2160      0.3    0.8       9.941   27.2   0b1111111111111111    20181008T182342221339
 1     110     2.1638      0.0       0.0     0.9531      0.4    0.8       2.270   27.2   0b1111111111111111    20181008T182342221740
 2     110     2.1788      0.0       0.0     0.2158      0.0    0.0      10.095   27.2   0b1111111111111111    20181008T182342222088
 3     110     2.1630      0.0       0.0     0.9533      0.0    0.0       2.269   27.2   0b1111111111111111    20181008T182342222386
 4     110     2.1675      0.0       0.0     0.2157      0.3    0.8      10.050   27.2   0b1111111111111111    20181008T182342222698
 5     110     2.1758      0.2       0.8     0.9576      0.3    0.8       2.272   27.2   0b1111111111111111    20181008T182342223016
 6     110     2.1743      0.0       0.0     0.2176      0.2    0.8       9.993   27.2   0b1111111111111111    20181008T182342223300
 7     110     2.1667      0.2       0.8     0.9542      0.0    0.0       2.271   27.2   0b1111111111111111    20181008T182342223580
 8     110     2.1761      0.4       0.8     0.2175      0.0    0.0      10.005   27.2   0b1111111111111111    20181008T182342223880
 9     110     2.1600      0.0       0.0     0.9492      0.3    0.8       2.275   27.2   0b1111111111111111    20181008T182342224162
10     110     2.1765      0.0       0.0     0.2183      0.0    0.0       9.969   27.2   0b1111111111111111    20181008T182342224439
11     110     2.1711      0.3       0.7     0.9558      0.0    0.0       2.271   27.2   0b1111111111111111    20181008T182342224717
12     110     2.1703      0.3       0.8     0.2158      0.0    0.0      10.055   27.2   0b1111111111111111    20181008T182342225018
13     110     2.1641      0.4       0.7     0.9508      0.0    0.0       2.276   27.2   0b1111111111111111    20181008T182342225295
14     110     2.1750      0.0       0.0     0.2208      0.0    0.0       9.849   27.2   0b1111111111111111    20181008T182342225572
15     110     2.1534      0.3       0.8     0.9327      0.4    0.8       2.309   27.2   0b1111111111111111    20181008T182342225869
 0     100     2.0985      0.0       0.0     0.2109      0.2    0.8       9.949   27.2   0b1111111111111111    20181008T182345749501
 1     100     2.1150      0.0       0.0     0.9315      0.3    0.8       2.271   27.2   0b1111111111111111    20181008T182345749926
 2     100     2.1300      0.0       0.0     0.2108      0.0    0.0      10.103   27.2   0b1111111111111111    20181008T182345750239
 3     100     2.1142      0.0       0.0     0.9317      0.0    0.0       2.269   27.2   0b1111111111111111    20181008T182345750534
 4     100     2.1187      0.0       0.0     0.2108      0.0    0.0      10.049   27.2   0b1111111111111111    20181008T182345750846
 5     100     2.1270      0.0       0.0     0.9358      0.0    0.0       2.273   27.2   0b1111111111111111    20181008T182345751135
 6     100     2.1247      0.0       0.0     0.2126      0.3    0.8       9.995   27.2   0b1111111111111111    20181008T182345751427
 7     100     2.1172      0.0       0.0     0.9326      0.3    0.8       2.270   27.2   0b1111111111111111    20181008T182345751740
 8     100     2.1277      0.0       0.0     0.2126      0.3    0.8      10.009   27.2   0b1111111111111111    20181008T182345752054
 9     100     2.1112      0.0       0.0     0.9277      0.3    0.8       2.276   27.2   0b1111111111111111    20181008T182345752336
10     100     2.1285      0.0       0.0     0.2133      0.0    0.0       9.977   27.2   0b1111111111111111    20181008T182345752613
11     100     2.1225      0.0       0.0     0.9343      0.3    0.8       2.272   27.2   0b1111111111111111    20181008T182345752915
12     100     2.1217      0.0       0.0     0.2110      0.3    0.8      10.056   27.2   0b1111111111111111    20181008T182345753193
13     100     2.1157      0.0       0.0     0.9295      0.4    0.8       2.276   27.2   0b1111111111111111    20181008T182345753470
14     100     2.1270      0.0       0.0     0.2162      0.4    0.8       9.840   27.2   0b1111111111111111    20181008T182345753746
15     100     2.1053      0.0       0.0     0.9117      0.0    0.0       2.309   27.2   0b1111111111111111    20181008T182345754044
 0      90     2.0500      0.4       0.7     0.2063      0.4    0.8       9.936   27.2   0b1111111111111111    20181008T182349280342
 1      90     2.0674      0.4       0.8     0.9103      0.4    0.8       2.271   27.2   0b1111111111111111    20181008T182349280734
 2      90     2.0805      0.0       0.0     0.2058      0.0    0.0      10.108   27.2   0b1111111111111111    20181008T182349281076
 3      90     2.0655      0.0       0.0     0.9100      0.0    0.0       2.270   27.2   0b1111111111111111    20181008T182349281371
 4      90     2.0692      0.2       0.7     0.2058      0.2    0.8      10.057   27.2   0b1111111111111111    20181008T182349281655
 5      90     2.0775      0.0       0.0     0.9142      0.0    0.0       2.273   27.2   0b1111111111111111    20181008T182349281958
 6      90     2.0753      0.0       0.0     0.2075      0.0    0.0      10.001   27.2   0b1111111111111111    20181008T182349282242
 7      90     2.0685      0.0       0.0     0.9109      0.3    0.8       2.271   27.2   0b1111111111111111    20181008T182349282520
 8      90     2.0783      0.0       0.0     0.2075      0.0    0.0      10.016   27.2   0b1111111111111111    20181008T182349282850
 9      90     2.0633      0.0       0.0     0.9067      0.0    0.0       2.276   27.2   0b1111111111111111    20181008T182349283139
10      90     2.0790      0.0       0.0     0.2083      0.0    0.0       9.979   27.2   0b1111111111111111    20181008T182349283416
11      90     2.0737      0.0       0.0     0.9128      0.4    0.8       2.272   27.2   0b1111111111111111    20181008T182349283694
12      90     2.0737      0.2       0.8     0.2060      0.3    0.8      10.066   27.2   0b1111111111111111    20181008T182349283995
13      90     2.0675      0.4       0.8     0.9083      0.0    0.0       2.276   27.2   0b1111111111111111    20181008T182349284271
14      90     2.0775      0.0       0.0     0.2113      0.4    0.8       9.830   27.2   0b1111111111111111    20181008T182349284547
15      90     2.0572      0.0       0.0     0.8908      0.0    0.0       2.309   27.2   0b1111111111111111    20181008T182349284842
 0      80     1.9994      0.2       0.8     0.2009      0.2    0.8       9.952   27.2   0b1111111111111111    20181008T182352809821
 1      80     2.0168      0.0       0.0     0.8882      0.2    0.8       2.270   27.2   0b1111111111111111    20181008T182352810223
 2      80     2.0302      0.0       0.0     0.2008      0.2    0.8      10.113   27.2   0b1111111111111111    20181008T182352810533
 3      80     2.0147      0.3       0.8     0.8875      0.0    0.0       2.270   27.2   0b1111111111111111    20181008T182352810851
 4      80     2.0183      0.0       0.0     0.2008      0.2    0.8      10.054   27.2   0b1111111111111111    20181008T182352811142
 5      80     2.0265      0.0       0.0     0.8916      0.3    0.8       2.273   27.2   0b1111111111111111    20181008T182352811440
 6      80     2.0243      0.2       0.8     0.2026      0.3    0.8       9.993   27.2   0b1111111111111111    20181008T182352811772
 7      80     2.0180      0.3       0.8     0.8887      0.4    0.8       2.271   27.2   0b1111111111111111    20181008T182352812060
 8      80     2.0277      0.4       0.8     0.2025      0.0    0.0      10.013   27.2   0b1111111111111111    20181008T182352812339
 9      80     2.0130      0.0       0.0     0.8843      0.3    0.8       2.276   27.2   0b1111111111111111    20181008T182352812619
10      80     2.0281      0.2       0.8     0.2033      0.3    0.8       9.978   27.2   0b1111111111111111    20181008T182352812917
11      80     2.0235      0.0       0.0     0.8908      0.0    0.0       2.271   27.2   0b1111111111111111    20181008T182352813195
12      80     2.0235      0.0       0.0     0.2010      0.3    0.8      10.067   27.2   0b1111111111111111    20181008T182352813470
13      80     2.0174      0.2       0.8     0.8862      0.4    0.8       2.277   27.2   0b1111111111111111    20181008T182352813767
14      80     2.0272      0.0       0.0     0.2062      0.4    0.8       9.829   27.2   0b1111111111111111    20181008T182352814047
15      80     2.0075      0.3       0.8     0.8692      0.3    0.8       2.309   27.2   0b1111111111111111    20181008T182352814324
 0      70     1.9494      0.3       0.8     0.1959      0.2    0.8       9.950   27.3   0b1111111111111111    20181008T182356341199
 1      70     1.9657      0.0       0.0     0.8656      0.4    0.8       2.271   27.3   0b1111111111111111    20181008T182356341582
 2      70     1.9793      0.2       0.8     0.1958      0.3    0.8      10.111   27.3   0b1111111111111111    20181008T182356341923
 3      70     1.9646      0.4       0.7     0.8655      0.4    0.8       2.270   27.3   0b1111111111111111    20181008T182356342219
 4      70     1.9672      0.0       0.0     0.1954      0.4    0.8      10.067   27.3   0b1111111111111111    20181008T182356342507
 5      70     1.9768      0.3       0.7     0.8696      0.4    0.8       2.273   27.3   0b1111111111111111    20181008T182356342846
 6      70     1.9740      0.0       0.0     0.1976      0.2    0.8       9.991   27.3   0b1111111111111111    20181008T182356343134
 7      70     1.9672      0.0       0.0     0.8663      0.4    0.8       2.271   27.3   0b1111111111111111    20181008T182356343414
 8      70     1.9770      0.0       0.0     0.1975      0.0    0.0      10.010   27.3   0b1111111111111111    20181008T182356343693
 9      70     1.9620      0.0       0.0     0.8621      0.4    0.8       2.276   27.3   0b1111111111111111    20181008T182356343993
10      70     1.9785      0.0       0.0     0.1982      0.2    0.8       9.980   27.3   0b1111111111111111    20181008T182356344270
11      70     1.9733      0.0       0.0     0.8683      0.0    0.0       2.272   27.3   0b1111111111111111    20181008T182356344547
12      70     1.9725      0.0       0.0     0.1958      0.0    0.0      10.072   27.3   0b1111111111111111    20181008T182356344845
13      70     1.9672      0.0       0.0     0.8642      0.0    0.0       2.276   27.3   0b1111111111111111    20181008T182356345126
14      70     1.9775      0.3       0.8     0.2013      0.4    0.8       9.826   27.3   0b1111111111111111    20181008T182356345401
15      70     1.9567      0.0       0.0     0.8475      0.0    0.0       2.309   27.3   0b1111111111111111    20181008T182356345678
 0      60     1.8983      0.2       0.8     0.1908      0.0    0.0       9.948   27.3   0b1111111111111111    20181008T182359871815
 1      60     1.9148      0.0       0.0     0.8433      0.0    0.0       2.270   27.3   0b1111111111111111    20181008T182359872215
 2      60     1.9282      0.0       0.0     0.1904      0.4    0.8      10.126   27.3   0b1111111111111111    20181008T182359872528
 3      60     1.9133      0.0       0.0     0.8427      0.4    0.8       2.270   27.3   0b1111111111111111    20181008T182359872852
 4      60     1.9155      0.0       0.0     0.1903      0.4    0.8      10.068   27.3   0b1111111111111111    20181008T182359873168
 5      60     1.9245      0.0       0.0     0.8467      0.0    0.0       2.273   27.3   0b1111111111111111    20181008T182359873622
 6      60     1.9225      0.3       0.8     0.1925      0.0    0.0       9.987   27.3   0b1111111111111111    20181008T182359873997
 7      60     1.9148      0.0       0.0     0.8434      0.3    0.8       2.270   27.3   0b1111111111111111    20181008T182359874300
 8      60     1.9252      0.0       0.0     0.1923      0.3    0.8      10.010   27.3   0b1111111111111111    20181008T182359874581
 9      60     1.9118      0.0       0.0     0.8400      0.0    0.0       2.276   27.3   0b1111111111111111    20181008T182359874871
10      60     1.9276      0.3       0.8     0.1933      0.2    0.8       9.975   27.3   0b1111111111111111    20181008T182359875159
11      60     1.9208      0.2       0.8     0.8456      0.4    0.8       2.272   27.3   0b1111111111111111    20181008T182359875436
12      60     1.9215      0.0       0.0     0.1908      0.0    0.0      10.069   27.3   0b1111111111111111    20181008T182359875712
13      60     1.9163      0.0       0.0     0.8417      0.0    0.0       2.277   27.3   0b1111111111111111    20181008T182359876020
14      60     1.9260      0.0       0.0     0.1959      0.2    0.8       9.831   27.3   0b1111111111111111    20181008T182359876302
15      60     1.9058      0.0       0.0     0.8255      0.4    0.8       2.309   27.3   0b1111111111111111    20181008T182359876577
 0      50     1.8480      0.0       0.0     0.1858      0.0    0.0       9.944   27.3   0b1111111111111111    20181008T182403404229
 1      50     1.8638      0.0       0.0     0.8206      0.4    0.8       2.271   27.3   0b1111111111111111    20181008T182403404628
 2      50     1.8773      0.0       0.0     0.1852      0.3    0.8      10.138   27.3   0b1111111111111111    20181008T182403404937
 3      50     1.8622      0.0       0.0     0.8200      0.0    0.0       2.271   27.3   0b1111111111111111    20181008T182403405257
 4      50     1.8632      0.3       0.8     0.1850      0.0    0.0      10.071   27.3   0b1111111111111111    20181008T182403405547
 5      50     1.8720      0.0       0.0     0.8233      0.0    0.0       2.274   27.3   0b1111111111111111    20181008T182403405831
 6      50     1.8705      0.0       0.0     0.1874      0.2    0.8       9.980   27.3   0b1111111111111111    20181008T182403406155
 7      50     1.8630      0.0       0.0     0.8206      0.4    0.8       2.270   27.3   0b1111111111111111    20181008T182403406440
 8      50     1.8740      0.4       0.8     0.1871      0.4    0.8      10.017   27.3   0b1111111111111111    20181008T182403406719
 9      50     1.8607      0.0       0.0     0.8175      0.0    0.0       2.276   27.3   0b1111111111111111    20181008T182403407023
10      50     1.8762      0.4       0.8     0.1878      0.4    0.8       9.989   27.3   0b1111111111111111    20181008T182403407232
11      50     1.8697      0.0       0.0     0.8228      0.4    0.8       2.272   27.3   0b1111111111111111    20181008T182403407368
12      50     1.8697      0.0       0.0     0.1858      0.3    0.8      10.066   27.3   0b1111111111111111    20181008T182403407503
13      50     1.8653      0.0       0.0     0.8193      0.3    0.8       2.277   27.3   0b1111111111111111    20181008T182403407638
14      50     1.8744      0.3       0.8     0.1909      0.2    0.8       9.818   27.3   0b1111111111111111    20181008T182403407773
15      50     1.8547      0.0       0.0     0.8033      0.0    0.0       2.309   27.3   0b1111111111111111    20181008T182403407908
 0      40     1.7970      0.0       0.0     0.1808      0.2    0.8       9.942   27.3   0b1111111111111111    20181008T182406935852
 1      40     1.8128      0.0       0.0     0.7978      0.4    0.8       2.272   27.3   0b1111111111111111    20181008T182406936249
 2      40     1.8255      0.0       0.0     0.1800      0.0    0.0      10.142   27.3   0b1111111111111111    20181008T182406936575
 3      40     1.8106      0.2       0.8     0.7975      0.0    0.0       2.270   27.3   0b1111111111111111    20181008T182406936908
 4      40     1.8113      0.0       0.0     0.1800      0.0    0.0      10.062   27.3   0b1111111111111111    20181008T182406937055
 5      40     1.8195      0.0       0.0     0.8003      0.4    0.8       2.273   27.3   0b1111111111111111    20181008T182406937196
 6      40     1.8180      0.0       0.0     0.1817      0.0    0.0      10.007   27.3   0b1111111111111111    20181008T182406937335
 7      40     1.8113      0.0       0.0     0.7978      0.4    0.8       2.270   27.3   0b1111111111111111    20181008T182406937473
 8      40     1.8225      0.0       0.0     0.1819      0.4    0.8      10.018   27.3   0b1111111111111111    20181008T182406937609
 9      40     1.8095      0.3       0.8     0.7950      0.0    0.0       2.276   27.3   0b1111111111111111    20181008T182406937775
10      40     1.8248      0.0       0.0     0.1826      0.2    0.8       9.994   27.3   0b1111111111111111    20181008T182406937912
11      40     1.8186      0.3       0.8     0.8001      0.3    0.8       2.273   27.3   0b1111111111111111    20181008T182406938048
12      40     1.8188      0.0       0.0     0.1807      0.3    0.8      10.067   27.3   0b1111111111111111    20181008T182406938183
13      40     1.8135      0.0       0.0     0.7967      0.0    0.0       2.276   27.3   0b1111111111111111    20181008T182406938319
14      40     1.8226      0.2       0.8     0.1858      0.3    0.8       9.812   27.3   0b1111111111111111    20181008T182406938453
15      40     1.8042      0.4       0.8     0.7814      0.4    0.8       2.309   27.3   0b1111111111111111    20181008T182406938588
 0      30     1.7492      0.3       0.8     0.1758      0.0    0.0       9.948   27.3   0b1111111111111111    20181008T182410463703
 1      30     1.7632      0.0       0.0     0.7760      0.3    0.8       2.272   27.3   0b1111111111111111    20181008T182410464132
 2      30     1.7739      0.3       0.8     0.1749      0.3    0.8      10.141   27.3   0b1111111111111111    20181008T182410464442
 3      30     1.7617      0.0       0.0     0.7758      0.0    0.0       2.271   27.3   0b1111111111111111    20181008T182410464736
 4      30     1.7610      0.0       0.0     0.1748      0.3    0.8      10.072   27.3   0b1111111111111111    20181008T182410465046
 5      30     1.7692      0.0       0.0     0.7783      0.0    0.0       2.273   27.3   0b1111111111111111    20181008T182410465331
 6      30     1.7670      0.0       0.0     0.1767      0.0    0.0      10.002   27.3   0b1111111111111111    20181008T182410465611
 7      30     1.7609      0.2       0.8     0.7752      0.3    0.8       2.272   27.3   0b1111111111111111    20181008T182410465942
 8      30     1.7715      0.0       0.0     0.1767      0.0    0.0      10.027   27.3   0b1111111111111111    20181008T182410466221
 9      30     1.7602      0.0       0.0     0.7733      0.0    0.0       2.276   27.3   0b1111111111111111    20181008T182410466498
10      30     1.7738      0.0       0.0     0.1775      0.0    0.0       9.993   27.3   0b1111111111111111    20181008T182410466805
11      30     1.7685      0.0       0.0     0.7783      0.0    0.0       2.272   27.3   0b1111111111111111    20181008T182410466995
12      30     1.7677      0.0       0.0     0.1753      0.4    0.8      10.082   27.3   0b1111111111111111    20181008T182410467131
13      30     1.7632      0.0       0.0     0.7743      0.3    0.8       2.277   27.3   0b1111111111111111    20181008T182410467266
14      30     1.7723      0.0       0.0     0.1807      0.3    0.8       9.810   27.3   0b1111111111111111    20181008T182410467400
15      30     1.7543      0.0       0.0     0.7600      0.0    0.0       2.308   27.3   0b1111111111111111    20181008T182410467535
 0      20     1.6995      0.0       0.0     0.1708      0.0    0.0       9.948   27.3   0b1111111111111111    20181008T182413992292
 1      20     1.7130      0.0       0.0     0.7541      0.3    0.8       2.272   27.3   0b1111111111111111    20181008T182413992702
 2      20     1.7235      0.0       0.0     0.1699      0.2    0.8      10.143   27.3   0b1111111111111111    20181008T182413993039
 3      20     1.7115      0.0       0.0     0.7534      0.3    0.8       2.272   27.3   0b1111111111111111    20181008T182413993340
 4      20     1.7101      0.2       0.7     0.1698      0.4    0.8      10.074   27.3   0b1111111111111111    20181008T182413993632
 5      20     1.7175      0.0       0.0     0.7556      0.4    0.8       2.273   27.3   0b1111111111111111    20181008T182413993944
 6      20     1.7159      0.2       0.8     0.1717      0.0    0.0       9.996   27.3   0b1111111111111111    20181008T182413994246
 7      20     1.7098      0.3       0.8     0.7526      0.3    0.8       2.272   27.3   0b1111111111111111    20181008T182413994526
 8      20     1.7212      0.0       0.0     0.1716      0.3    0.8      10.032   27.3   0b1111111111111111    20181008T182413994803
 9      20     1.7100      0.0       0.0     0.7512      0.4    0.8       2.276   27.3   0b1111111111111111    20181008T182413995105
10      20     1.7235      0.0       0.0     0.1725      0.0    0.0       9.991   27.3   0b1111111111111111    20181008T182413995384
11      20     1.7175      0.0       0.0     0.7558      0.0    0.0       2.272   27.3   0b1111111111111111    20181008T182413995660
12      20     1.7167      0.0       0.0     0.1702      0.4    0.8      10.084   27.3   0b1111111111111111    20181008T182413995937
13      20     1.7130      0.0       0.0     0.7525      0.0    0.0       2.276   27.3   0b1111111111111111    20181008T182413996238
14      20     1.7220      0.0       0.0     0.1758      0.2    0.8       9.798   27.3   0b1111111111111111    20181008T182413996515
15      20     1.7048      0.0       0.0     0.7383      0.0    0.0       2.309   27.3   0b1111111111111111    20181008T182413996789
 0      10     1.6500      0.0       0.0     0.1658      0.0    0.0       9.950   27.3   0b1111111111111111    20181008T182417523008
 1      10     1.6628      0.0       0.0     0.7317      0.0    0.0       2.273   27.3   0b1111111111111111    20181008T182417523395
 2      10     1.6732      0.0       0.0     0.1649      0.3    0.8      10.146   27.3   0b1111111111111111    20181008T182417523705
 3      10     1.6613      0.0       0.0     0.7317      0.0    0.0       2.271   27.3   0b1111111111111111    20181008T182417524029
 4      10     1.6590      0.0       0.0     0.1642      0.3    0.8      10.100   27.3   0b1111111111111111    20181008T182417524319
 5      10     1.6665      0.0       0.0     0.7332      0.3    0.8       2.273   27.3   0b1111111111111111    20181008T182417524605
 6      10     1.6650      0.0       0.0     0.1667      0.0    0.0       9.990   27.3   0b1111111111111111    20181008T182417524935
 7      10     1.6590      0.0       0.0     0.7303      0.4    0.8       2.272   27.3   0b1111111111111111    20181008T182417525218
 8      10     1.6710      0.0       0.0     0.1667      0.0    0.0      10.026   27.3   0b1111111111111111    20181008T182417525497
 9      10     1.6598      0.0       0.0     0.7292      0.0    0.0       2.276   27.3   0b1111111111111111    20181008T182417525797
10      10     1.6732      0.0       0.0     0.1675      0.0    0.0       9.990   27.3   0b1111111111111111    20181008T182417526077
11      10     1.6673      0.2       0.8     0.7335      0.3    0.8       2.273   27.3   0b1111111111111111    20181008T182417526354
12      10     1.6667      0.3       0.8     0.1653      0.4    0.8      10.086   27.3   0b1111111111111111    20181008T182417526628
13      10     1.6628      0.2       0.7     0.7305      0.4    0.8       2.276   27.3   0b1111111111111111    20181008T182417526923
14      10     1.6717      0.0       0.0     0.1703      0.4    0.8       9.815   27.3   0b1111111111111111    20181008T182417527058
15      10     1.6545      0.0       0.0     0.7167      0.0    0.0       2.309   27.3   0b1111111111111111    20181008T182417527192
 0       0     1.5998      0.0       0.0     0.1608      0.2    0.8       9.952   27.4   0b1111111111111111    20181008T182421069247
 1       0     1.6122      0.4       0.8     0.7095      0.4    0.8       2.272   27.4   0b1111111111111111    20181008T182421069699
 2       0     1.6227      0.4       0.8     0.1598      0.4    0.8      10.158   27.4   0b1111111111111111    20181008T182421070086
 3       0     1.6110      0.0       0.0     0.7091      0.2    0.8       2.272   27.4   0b1111111111111111    20181008T182421070390
 4       0     1.6086      0.3       0.7     0.1592      0.0    0.0      10.106   27.4   0b1111111111111111    20181008T182421070678
 5       0     1.6155      0.0       0.0     0.7106      0.4    0.8       2.273   27.4   0b1111111111111111    20181008T182421071024
 6       0     1.6133      0.0       0.0     0.1617      0.0    0.0       9.979   27.4   0b1111111111111111    20181008T182421071310
 7       0     1.6080      0.0       0.0     0.7082      0.3    0.8       2.271   27.4   0b1111111111111111    20181008T182421071592
 8       0     1.6205      0.3       0.7     0.1612      0.4    0.8      10.050   27.4   0b1111111111111111    20181008T182421071871
 9       0     1.6095      0.0       0.0     0.7068      0.3    0.8       2.277   27.4   0b1111111111111111    20181008T182421072206
10       0     1.6227      0.4       0.8     0.1625      0.0    0.0       9.986   27.4   0b1111111111111111    20181008T182421072485
11       0     1.6172      0.3       0.8     0.7117      0.0    0.0       2.272   27.4   0b1111111111111111    20181008T182421072764
12       0     1.6163      0.0       0.0     0.1602      0.3    0.8      10.091   27.4   0b1111111111111111    20181008T182421073096
13       0     1.6124      0.2       0.8     0.7083      0.0    0.0       2.276   27.4   0b1111111111111111    20181008T182421073380
14       0     1.6207      0.0       0.0     0.1653      0.4    0.8       9.808   27.4   0b1111111111111111    20181008T182421073657
15       0     1.6044      0.3       0.8     0.6950      0.0    0.0       2.308   27.4   0b1111111111111111    20181008T182421073991
