CH# Threshold[DAC] Vset[DAC]     V[V]     I[A]     R[ohm]     T[C]           LUstate          Timestamp
 0        801         0        1.6174    0.3189   5.0715    26.6328      0b100000000000100    20190604T160356572846
 1       2279         0        1.6178    1.5291   1.0580    26.6328      0b111011111011101    20190604T160356616165
 2        798         0        1.6207    0.3175   5.1045    26.6646       0b00000000000000    20190604T160356659297
 3       2261         0        1.6124    1.5159   1.0636    26.6328      0b101010101010101    20190604T160356702478
 4        807         0        1.6447    0.3218   5.1119    26.6646      0b101010101000101    20190604T160356745540
 5       2287         0        1.6326    1.5282   1.0683    26.6328     0b1111111111011111    20190604T160356788794
 6        806         0        1.6350    0.3208   5.0961    26.6328      0b101010100000101    20190604T160356831949
 7       2272         0        1.6222    1.5266   1.0627    26.6011      0b111011101011101    20190604T160356875269
 8        804         0        1.6388    0.3227   5.0788    26.6646      0b101010000000101    20190604T160356918069
 9       2268         0        1.6231    1.5248   1.0645    26.6328      0b101010101011101    20190604T160356960855
10        803         0        1.6447    0.3226   5.0987    26.6646      0b101000000000101    20190604T160357003736
11       2281         0        1.6319    1.5323   1.0651    26.6646      0b111011111011111    20190604T160357046573
12        801         0        1.6298    0.3207   5.0824    26.6011      0b100000000000100    20190604T160357089470
13       2271         0        1.6290    1.5267   1.0670    26.6646      0b101011101011101    20190604T160357132354
14        800         0        1.6321    0.3159   5.1664    26.6328       0b00000000000100    20190604T160357175205
15       2283         0        1.6357    1.5315   1.0681    26.6328      0b111111111011111    20190604T160357218093
 0        863        50        1.8720    0.3692   5.0709    26.8231       0b00000000000100    20190604T160409351577
 1       2586        50        1.8734    1.7708   1.0579    26.8231     0b1111011101111101    20190604T160409394413
 2        859        50        1.8750    0.3675   5.1020    26.8231       0b00000000000000    20190604T160409437256
 3       2559        50        1.8668    1.7553   1.0635    26.8231      0b101010101010101    20190604T160409480022
 4        870        50        1.9080    0.3741   5.1005    26.8231      0b101010101000101    20190604T160409522913
 5       2577        50        1.8930    1.7727   1.0679    26.8231      0b111011101011101    20190604T160409565755
 6        869        50        1.8960    0.3728   5.0865    26.8231      0b101010100000101    20190604T160409608632
 7       2589        50        1.8810    1.7702   1.0626    26.8231     0b1111111101111111    20190604T160409651409
 8        866        50        1.9013    0.3749   5.0711    26.8231      0b100010000000101    20190604T160409694254
 9       2570        50        1.8847    1.7707   1.0644    26.8231      0b101010101011101    20190604T160409737038
10        865        50        1.9087    0.3750   5.0900    26.8231      0b100000000000101    20190604T160409779786
11       2588        50        1.8944    1.7792   1.0647    26.8231     0b1111011101111111    20190604T160409822631
12        866        50        1.8922    0.3725   5.0797    26.8231      0b100010000000101    20190604T160409865535
13       2575        50        1.8900    1.7717   1.0668    26.8231      0b101011101011101    20190604T160409908360
14        864        50        1.8930    0.3675   5.1510    26.8231       0b00000000000101    20190604T160409951225
15       2583        50        1.8975    1.7773   1.0676    26.8548      0b111011101111101    20190604T160409994139
 0        925       100        2.1250    0.4192   5.0687    26.9182       0b00000000000100    20190604T160422121890
 1       2876       100        2.1232    2.0075   1.0577    26.9499     0b1111111111111101    20190604T160422165124
 2        921       100        2.1255    0.4172   5.0941    26.9182       0b00000000000000    20190604T160422208048
 3       2854       100        2.1172    1.9915   1.0631    26.9182      0b101010101010101    20190604T160422250780
 4        930       100        2.1532    0.4225   5.0964    26.9499      0b101010100000101    20190604T160422293724
 5       2862       100        2.1361    2.0008   1.0676    26.9182      0b101010101011101    20190604T160422336558
 6        931       100        2.1412    0.4216   5.0791    26.9499      0b101010100010101    20190604T160422379432
 7       2867       100        2.1240    2.0000   1.0620    26.9182      0b101010101111101    20190604T160422422227
 8        929       100        2.1480    0.4235   5.0720    26.9182      0b100010000000101    20190604T160422465058
 9       2867       100        2.1300    2.0008   1.0646    26.9182      0b101010101111101    20190604T160422507817
10        927       100        2.1555    0.4237   5.0867    26.9182      0b100000000000101    20190604T160422550714
11       2870       100        2.1397    2.0101   1.0645    26.9499     0b1101011111111101    20190604T160422593558
12        929       100        2.1396    0.4217   5.0742    26.9182      0b100010000000101    20190604T160422636434
13       2874       100        2.1367    2.0033   1.0666    26.9182     0b1101111111111101    20190604T160422679231
14        925       100        2.1390    0.4158   5.1439    26.9182       0b00000000000100    20190604T160422722056
15       2867       100        2.1442    2.0089   1.0674    26.9182      0b101010101111101    20190604T160422764942
 0        984       150        2.3656    0.4669   5.0664    26.9499      0b100000000000100    20190604T160434891454
 1       3147       150        2.3636    2.2352   1.0575    26.9499     0b1111111111111101    20190604T160434937258
 2        981       150        2.3646    0.4642   5.0943    26.9499       0b00000000000000    20190604T160434980399
 3       3128       150        2.3558    2.2168   1.0627    26.9499      0b101010101010101    20190604T160435023659
 4        991       150        2.3955    0.4707   5.0896    26.9499      0b101010100000101    20190604T160435066909
 5       3137       150        2.3775    2.2277   1.0673    26.9499      0b101010101011101    20190604T160435110040
 6        991       150        2.3828    0.4694   5.0760    26.9499      0b101010100000101    20190604T160435153129
 7       3143       150        2.3640    2.2263   1.0618    26.9499      0b111011101111101    20190604T160435196020
 8        987       150        2.3910    0.4718   5.0684    26.9499      0b100000000000101    20190604T160435238864
 9       3141       150        2.3717    2.2283   1.0643    26.9499      0b111010101111101    20190604T160435281610
10        987       150        2.4001    0.4723   5.0813    26.9499      0b100000000000101    20190604T160435324526
11       3145       150        2.3825    2.2398   1.0637    26.9816     0b1111011111111101    20190604T160435367346
12        987       150        2.3813    0.4695   5.0719    26.9499      0b100000000000101    20190604T160435410229
13       3138       150        2.3783    2.2307   1.0661    26.9499      0b101010101111101    20190604T160435452995
14        983       150        2.3813    0.4636   5.1366    26.9499       0b00000000000100    20190604T160435495842
15       3144       150        2.3873    2.2375   1.0669    26.9499      0b111011111111101    20190604T160435538629
 0       1043       200        2.6085    0.5150   5.0650    26.9182       0b00000000000100    20190604T160447653529
 1       3418       200        2.6017    2.4607   1.0573    26.9182      0b101111101111101    20190604T160447696909
 2       1039       200        2.6043    0.5117   5.0898    26.9182       0b00000000000000    20190604T160447740261
 3       3397       200        2.5950    2.4425   1.0624    26.9182      0b101010101010101    20190604T160447783216
 4       1049       200        2.6414    0.5188   5.0918    26.9499      0b101010101000101    20190604T160447826229
 5       3413       200        2.6175    2.4532   1.0670    26.9182      0b101110101011101    20190604T160447869062
 6       1048       200        2.6268    0.5179   5.0719    26.9182      0b100010100000101    20190604T160447912059
 7       3418       200        2.5999    2.4486   1.0618    26.9182      0b101111101111101    20190604T160447954942
 8       1047       200        2.6378    0.5205   5.0677    26.9499      0b100010000000101    20190604T160447997788
 9       3416       200        2.6153    2.4574   1.0643    26.9499      0b101110101111101    20190604T160448040557
10       1045       200        2.6474    0.5208   5.0839    26.9499      0b100000000000101    20190604T160448083434
11       3412       200        2.6264    2.4688   1.0638    26.9182      0b101010101011101    20190604T160448126246
12       1048       200        2.6258    0.5178   5.0706    26.9182      0b100010100000101    20190604T160448169050
13       3424       200        2.6212    2.4583   1.0662    26.9182     0b1101111111111111    20190604T160448211946
14       1043       200        2.6250    0.5113   5.1336    26.9182       0b00000000000100    20190604T160448254759
15       3418       200        2.6302    2.4638   1.0675    26.9182      0b101111101111101    20190604T160448297580
 0       1099       250        2.8463    0.5600   5.0826    26.8548       0b00000000000100    20190604T160500412885
 1       3521       250        2.6813    2.5357   1.0574    26.8865      0b101010101010101    20190604T160500456186
 2       1096       250        2.8427    0.5593   5.0830    26.8865       0b00000000000000    20190604T160500499088
 3       3521       250        2.6802    2.5222   1.0627    26.8548      0b101010101010101    20190604T160500541884
 4       1110       250        2.8740    0.5649   5.0875    26.8865      0b101010101000101    20190604T160500584767
 5       3521       250        2.6860    2.5171   1.0671    26.8865      0b101010101010101    20190604T160500627739
 6       1106       250        2.8612    0.5649   5.0649    26.8548      0b100000000000101    20190604T160500670572
 7       3521       250        2.6540    2.4994   1.0619    26.8865      0b101010101010101    20190604T160500713418
 8       1106       250        2.8771    0.5672   5.0728    26.8865      0b100000000000101    20190604T160500757357
 9       3521       250        2.7045    2.5408   1.0644    26.8865      0b101010101010101    20190604T160500800234
10       1109       250        2.8850    0.5667   5.0912    26.8548      0b101000101000101    20190604T160500843164
11       3521       250        2.7055    2.5431   1.0639    26.8865      0b101010101010101    20190604T160500885998
12       1108       250        2.8657    0.5647   5.0744    26.8548      0b100000101000101    20190604T160500928888
13       3521       250        2.7010    2.5337   1.0660    26.8548      0b101010101010101    20190604T160500971767
14       1101       250        2.8650    0.5588   5.1268    26.8548       0b00000000000101    20190604T160501014566
15       3521       250        2.7029    2.5328   1.0672    26.8548      0b101010101010101    20190604T160501057370
