CH# Vset[DAC]   V[V]    dVRMS[mV] dVpp[mV]    I[A]  dIRMS[mA] dIpp[mA]   R[ohm]   T[C]   State                Timestamp
 0     250     2.8268      0.2       0.8     0.1298      0.3    0.8      21.773   24.7   0b1111111111111111    20190521T143647343740
 1     250     2.8365      0.0       0.0     0.5601      0.6    1.7       5.064   24.7   0b1111111111111111    20190521T143647344182
 2     250     2.8523      0.0       0.0     0.1323      0.5    1.7      21.554   24.7   0b1111111111111111    20190521T143647344492
 3     250     2.8334      0.3       0.8     0.5607      0.6    1.7       5.054   24.7   0b1111111111111111    20190521T143647344816
 4     250     2.8642      0.0       0.0     0.1319      0.5    1.7      21.713   24.7   0b1111111111111111    20190521T143647345114
 5     250     2.8657      0.0       0.0     0.5705      0.9    3.3       5.023   24.7   0b1111111111111111    20190521T143647345402
 6     250     2.8761      0.3       0.8     0.1336      0.5    1.7      21.530   24.7   0b1111111111111111    20190521T143647345714
 7     250     2.8665      0.0       0.0     0.5697      0.7    1.7       5.032   24.7   0b1111111111111111    20190521T143647346005
 8     250     2.8740      0.0       0.0     0.1343      0.8    2.5      21.395   24.7   0b1111111111111111    20190521T143647346291
 9     250     2.8622      0.3       0.7     0.5697      0.8    2.5       5.024   24.7   0b1111111111111111    20190521T143647346592
10     250     2.8725      0.0       0.0     0.1330      0.6    1.7      21.598   24.7   0b1111111111111111    20190521T143647346925
11     250     2.8694      0.2       0.8     0.5721      0.9    2.5       5.016   24.7   0b1111111111111111    20190521T143647347210
12     250     2.8645      0.3       0.8     0.1319      0.5    1.7      21.714   24.7   0b1111111111111111    20190521T143647347494
13     250     2.8657      0.0       0.0     0.5658      0.7    2.5       5.065   24.7   0b1111111111111111    20190521T143647347813
14     250     2.8747      0.0       0.0     0.1316      0.6    1.7      21.847   24.7   0b1111111111111111    20190521T143647347952
15     250     2.8493      0.0       0.0     0.5671      0.7    2.5       5.024   24.7   0b1111111111111111    20190521T143647348090
 0     240     2.7787      0.0       0.0     0.1278      0.4    0.8      21.751   24.7   0b1111111111111111    20190521T143650788752
 1     240     2.7885      0.0       0.0     0.5507      0.4    1.7       5.063   24.7   0b1111111111111111    20190521T143650789157
 2     240     2.8042      0.2       0.7     0.1298      0.5    1.7      21.612   24.7   0b1111111111111111    20190521T143650789482
 3     240     2.7855      0.0       0.0     0.5513      0.4    0.8       5.052   24.7   0b1111111111111111    20190521T143650789797
 4     240     2.8155      0.0       0.0     0.1296      0.6    1.7      21.727   24.7   0b1111111111111111    20190521T143650790092
 5     240     2.8170      0.0       0.0     0.5607      0.4    1.7       5.024   24.7   0b1111111111111111    20190521T143650790382
 6     240     2.8268      0.0       0.0     0.1309      0.2    0.8      21.592   24.7   0b1111111111111111    20190521T143650790697
 7     240     2.8178      0.0       0.0     0.5603      0.5    1.7       5.029   24.7   0b1111111111111111    20190521T143650790985
 8     240     2.8245      0.0       0.0     0.1323      0.4    0.8      21.357   24.7   0b1111111111111111    20190521T143650791271
 9     240     2.8133      0.0       0.0     0.5602      0.3    0.8       5.022   24.7   0b1111111111111111    20190521T143650791617
10     240     2.8237      0.0       0.0     0.1309      0.4    1.7      21.569   24.7   0b1111111111111111    20190521T143650791914
11     240     2.8200      0.0       0.0     0.5624      0.4    1.7       5.014   24.7   0b1111111111111111    20190521T143650792200
12     240     2.8155      0.0       0.0     0.1295      0.4    0.8      21.741   24.7   0b1111111111111111    20190521T143650792510
13     240     2.8164      0.3       0.8     0.5561      0.4    0.8       5.065   24.7   0b1111111111111111    20190521T143650792797
14     240     2.8252      0.2       0.7     0.1292      0.0    0.0      21.872   24.7   0b1111111111111111    20190521T143650793094
15     240     2.8005      0.0       0.0     0.5575      0.4    1.7       5.023   24.7   0b1111111111111111    20190521T143650793378
 0     230     2.7323      0.0       0.0     0.1256      0.4    0.8      21.756   24.8   0b1111111111111111    20190521T143654234301
 1     230     2.7420      0.0       0.0     0.5416      0.2    0.8       5.063   24.8   0b1111111111111111    20190521T143654234722
 2     230     2.7570      0.0       0.0     0.1278      0.4    0.8      21.581   24.8   0b1111111111111111    20190521T143654235026
 3     230     2.7390      0.0       0.0     0.5421      0.4    0.8       5.053   24.8   0b1111111111111111    20190521T143654235321
 4     230     2.7677      0.3       0.8     0.1275      0.4    1.7      21.708   24.8   0b1111111111111111    20190521T143654235633
 5     230     2.7690      0.0       0.0     0.5515      0.3    0.8       5.021   24.8   0b1111111111111111    20190521T143654235921
 6     230     2.7793      0.3       0.8     0.1290      0.3    0.8      21.545   24.8   0b1111111111111111    20190521T143654236208
 7     230     2.7697      0.0       0.0     0.5507      0.3    0.8       5.030   24.8   0b1111111111111111    20190521T143654236514
 8     230     2.7765      0.0       0.0     0.1300      0.0    0.0      21.358   24.8   0b1111111111111111    20190521T143654236802
 9     230     2.7652      0.0       0.0     0.5510      0.3    0.8       5.019   24.8   0b1111111111111111    20190521T143654237087
10     230     2.7754      0.4       0.8     0.1285      0.3    0.8      21.598   24.8   0b1111111111111111    20190521T143654237444
11     230     2.7727      0.0       0.0     0.5528      0.4    0.8       5.016   24.8   0b1111111111111111    20190521T143654237769
12     230     2.7675      0.0       0.0     0.1271      0.6    1.7      21.777   24.8   0b1111111111111111    20190521T143654238059
13     230     2.7690      0.0       0.0     0.5466      0.4    1.7       5.066   24.8   0b1111111111111111    20190521T143654238344
14     230     2.7765      0.0       0.0     0.1268      0.4    1.7      21.905   24.8   0b1111111111111111    20190521T143654238654
15     230     2.7529      0.4       0.7     0.5482      0.3    0.8       5.022   24.8   0b1111111111111111    20190521T143654238937
 0     220     2.6855      0.3       0.8     0.1233      0.3    0.8      21.789   24.8   0b1111111111111111    20190521T143657712026
 1     220     2.6939      0.2       0.7     0.5321      0.4    0.8       5.063   24.8   0b1111111111111111    20190521T143657712460
 2     220     2.7088      0.3       0.7     0.1257      0.3    0.8      21.555   24.8   0b1111111111111111    20190521T143657712776
 3     220     2.6910      0.0       0.0     0.5325      0.0    0.0       5.054   24.8   0b1111111111111111    20190521T143657713073
 4     220     2.7193      0.3       0.8     0.1250      0.0    0.0      21.755   24.8   0b1111111111111111    20190521T143657713368
 5     220     2.7203      0.0       0.0     0.5418      0.3    0.8       5.021   24.8   0b1111111111111111    20190521T143657713681
 6     220     2.7308      0.0       0.0     0.1266      0.3    0.8      21.573   24.8   0b1111111111111111    20190521T143657713968
 7     220     2.7203      0.0       0.0     0.5408      0.3    0.8       5.031   24.8   0b1111111111111111    20190521T143657714253
 8     220     2.7275      0.3       0.7     0.1275      0.0    0.0      21.392   24.8   0b1111111111111111    20190521T143657714558
 9     220     2.7165      0.0       0.0     0.5412      0.4    0.8       5.020   24.8   0b1111111111111111    20190521T143657714845
10     220     2.7263      0.0       0.0     0.1261      0.4    0.8      21.623   24.8   0b1111111111111111    20190521T143657715180
11     220     2.7233      0.0       0.0     0.5433      0.0    0.0       5.012   24.8   0b1111111111111111    20190521T143657715495
12     220     2.7180      0.0       0.0     0.1248      0.3    0.8      21.773   24.8   0b1111111111111111    20190521T143657715782
13     220     2.7195      0.0       0.0     0.5368      0.3    0.8       5.066   24.8   0b1111111111111111    20190521T143657716079
14     220     2.7277      0.0       0.0     0.1243      0.3    0.8      21.939   24.8   0b1111111111111111    20190521T143657716364
15     220     2.7031      0.2       0.8     0.5381      0.4    0.8       5.024   24.8   0b1111111111111111    20190521T143657716670
 0     210     2.6370      0.0       0.0     0.1209      0.2    0.8      21.808   24.8   0b1111111111111111    20190521T143701164252
 1     210     2.6453      0.0       0.0     0.5226      0.3    0.8       5.062   24.8   0b1111111111111111    20190521T143701164748
 2     210     2.6603      0.0       0.0     0.1232      0.3    0.8      21.599   24.8   0b1111111111111111    20190521T143701165081
 3     210     2.6430      0.0       0.0     0.5229      0.4    0.8       5.054   24.8   0b1111111111111111    20190521T143701165384
 4     210     2.6700      0.0       0.0     0.1227      0.3    0.8      21.766   24.8   0b1111111111111111    20190521T143701165731
 5     210     2.6709      0.3       0.7     0.5318      0.3    0.8       5.023   24.8   0b1111111111111111    20190521T143701166029
 6     210     2.6812      0.0       0.0     0.1242      0.0    0.0      21.594   24.8   0b1111111111111111    20190521T143701166319
 7     210     2.6707      0.0       0.0     0.5311      0.4    0.8       5.029   24.8   0b1111111111111111    20190521T143701166665
 8     210     2.6775      0.0       0.0     0.1253      0.4    0.8      21.377   24.8   0b1111111111111111    20190521T143701166956
 9     210     2.6670      0.0       0.0     0.5312      0.4    0.8       5.021   24.8   0b1111111111111111    20190521T143701167244
10     210     2.6767      0.0       0.0     0.1238      0.4    0.8      21.616   24.8   0b1111111111111111    20190521T143701167581
11     210     2.6737      0.0       0.0     0.5333      0.0    0.0       5.013   24.8   0b1111111111111111    20190521T143701167772
12     210     2.6685      0.0       0.0     0.1225      0.0    0.0      21.784   24.8   0b1111111111111111    20190521T143701167910
13     210     2.6700      0.0       0.0     0.5271      0.4    0.8       5.066   24.8   0b1111111111111111    20190521T143701168048
14     210     2.6775      0.0       0.0     0.1222      0.4    0.8      21.917   24.8   0b1111111111111111    20190521T143701168186
15     210     2.6542      0.2       0.8     0.5283      0.4    1.7       5.024   24.8   0b1111111111111111    20190521T143701168324
 0     200     2.5887      0.4       0.8     0.1187      0.4    0.8      21.815   24.8   0b1111111111111111    20190521T143704608633
 1     200     2.5965      0.0       0.0     0.5127      0.3    0.8       5.065   24.8   0b1111111111111111    20190521T143704609032
 2     200     2.6115      0.0       0.0     0.1209      0.2    0.8      21.598   24.8   0b1111111111111111    20190521T143704609337
 3     200     2.5944      0.3       0.8     0.5133      0.0    0.0       5.054   24.8   0b1111111111111111    20190521T143704609659
 4     200     2.6205      0.0       0.0     0.1206      0.4    0.8      21.732   24.8   0b1111111111111111    20190521T143704609954
 5     200     2.6217      0.4       0.7     0.5221      0.4    0.8       5.022   24.8   0b1111111111111111    20190521T143704610244
 6     200     2.6313      0.4       0.8     0.1219      0.4    0.8      21.583   24.8   0b1111111111111111    20190521T143704610550
 7     200     2.6213      0.0       0.0     0.5211      0.4    0.8       5.030   24.8   0b1111111111111111    20190521T143704610839
 8     200     2.6280      0.0       0.0     0.1226      0.3    0.8      21.438   24.8   0b1111111111111111    20190521T143704611124
 9     200     2.6175      0.0       0.0     0.5215      0.3    0.8       5.019   24.8   0b1111111111111111    20190521T143704611431
10     200     2.6266      0.2       0.8     0.1215      0.3    0.8      21.618   24.8   0b1111111111111111    20190521T143704611717
11     200     2.6242      0.0       0.0     0.5236      0.4    0.8       5.012   24.8   0b1111111111111111    20190521T143704612040
12     200     2.6183      0.0       0.0     0.1200      0.0    0.0      21.819   24.8   0b1111111111111111    20190521T143704612337
13     200     2.6205      0.0       0.0     0.5173      0.3    0.8       5.065   24.8   0b1111111111111111    20190521T143704612643
14     200     2.6273      0.0       0.0     0.1200      0.0    0.0      21.894   24.8   0b1111111111111111    20190521T143704612926
15     200     2.6047      0.0       0.0     0.5184      0.2    0.8       5.024   24.8   0b1111111111111111    20190521T143704613208
 0     190     2.5423      0.3       0.7     0.1167      0.0    0.0      21.791   24.9   0b1111111111111111    20190521T143708056173
 1     190     2.5508      0.0       0.0     0.5038      0.4    0.8       5.064   24.9   0b1111111111111111    20190521T143708056574
 2     190     2.5643      0.0       0.0     0.1185      0.3    0.8      21.639   24.9   0b1111111111111111    20190521T143708056930
 3     190     2.5478      0.0       0.0     0.5041      0.3    0.8       5.054   24.9   0b1111111111111111    20190521T143708057236
 4     190     2.5725      0.0       0.0     0.1183      0.2    0.8      21.755   24.9   0b1111111111111111    20190521T143708057532
 5     190     2.5748      0.0       0.0     0.5126      0.2    0.8       5.023   24.9   0b1111111111111111    20190521T143708057832
 6     190     2.5838      0.0       0.0     0.1194      0.4    0.8      21.636   24.9   0b1111111111111111    20190521T143708057975
 7     190     2.5740      0.0       0.0     0.5117      0.0    0.0       5.031   24.9   0b1111111111111111    20190521T143708058115
 8     190     2.5800      0.0       0.0     0.1206      0.4    0.8      21.396   24.9   0b1111111111111111    20190521T143708058255
 9     190     2.5695      0.0       0.0     0.5117      0.0    0.0       5.022   24.9   0b1111111111111111    20190521T143708058395
10     190     2.5793      0.0       0.0     0.1192      0.0    0.0      21.644   24.9   0b1111111111111111    20190521T143708058533
11     190     2.5763      0.0       0.0     0.5137      0.4    0.8       5.015   24.9   0b1111111111111111    20190521T143708058701
12     190     2.5701      0.3       0.8     0.1176      0.2    0.8      21.858   24.9   0b1111111111111111    20190521T143708058848
13     190     2.5718      0.0       0.0     0.5075      0.0    0.0       5.067   24.9   0b1111111111111111    20190521T143708058986
14     190     2.5785      0.0       0.0     0.1175      0.0    0.0      21.945   24.9   0b1111111111111111    20190521T143708059124
15     190     2.5575      0.0       0.0     0.5089      0.4    0.8       5.025   24.9   0b1111111111111111    20190521T143708059262
 0     180     2.4937      0.0       0.0     0.1142      0.0    0.0      21.843   24.9   0b1111111111111111    20190521T143711497986
 1     180     2.5020      0.0       0.0     0.4942      0.0    0.0       5.063   24.9   0b1111111111111111    20190521T143711498378
 2     180     2.5155      0.0       0.0     0.1166      0.3    0.8      21.577   24.9   0b1111111111111111    20190521T143711498718
 3     180     2.4994      0.4       0.7     0.4945      0.4    0.8       5.054   24.9   0b1111111111111111    20190521T143711499014
 4     180     2.5237      0.0       0.0     0.1159      0.3    0.8      21.772   24.9   0b1111111111111111    20190521T143711499304
 5     180     2.5255      0.3       0.7     0.5031      0.4    0.8       5.020   24.9   0b1111111111111111    20190521T143711499613
 6     180     2.5343      0.0       0.0     0.1175      0.0    0.0      21.568   24.9   0b1111111111111111    20190521T143711499901
 7     180     2.5253      0.0       0.0     0.5022      0.4    0.8       5.029   24.9   0b1111111111111111    20190521T143711500186
 8     180     2.5305      0.0       0.0     0.1183      0.0    0.0      21.385   24.9   0b1111111111111111    20190521T143711500540
 9     180     2.5200      0.0       0.0     0.5022      0.4    0.8       5.018   24.9   0b1111111111111111    20190521T143711500841
10     180     2.5298      0.0       0.0     0.1168      0.2    0.8      21.668   24.9   0b1111111111111111    20190521T143711501128
11     180     2.5267      0.0       0.0     0.5042      0.0    0.0       5.012   24.9   0b1111111111111111    20190521T143711501449
12     180     2.5202      0.3       0.7     0.1152      0.4    0.8      21.867   24.9   0b1111111111111111    20190521T143711501779
13     180     2.5223      0.0       0.0     0.4977      0.3    0.8       5.068   24.9   0b1111111111111111    20190521T143711503326
14     180     2.5283      0.2       0.8     0.1152      0.3    0.8      21.954   24.9   0b1111111111111111    20190521T143711503639
15     180     2.5080      0.0       0.0     0.4993      0.3    0.8       5.023   24.9   0b1111111111111111    20190521T143711503973
 0     170     2.4457      0.0       0.0     0.1118      0.3    0.8      21.870   24.9   0b1111111111111111    20190521T143714963704
 1     170     2.4540      0.0       0.0     0.4844      0.4    0.8       5.066   24.9   0b1111111111111111    20190521T143714964121
 2     170     2.4674      0.3       0.7     0.1142      0.0    0.0      21.612   24.9   0b1111111111111111    20190521T143714964465
 3     170     2.4515      0.4       0.8     0.4851      0.2    0.8       5.054   24.9   0b1111111111111111    20190521T143714964773
 4     170     2.4743      0.0       0.0     0.1133      0.0    0.0      21.832   24.9   0b1111111111111111    20190521T143714965067
 5     170     2.4765      0.0       0.0     0.4933      0.0    0.0       5.020   24.9   0b1111111111111111    20190521T143714965360
 6     170     2.4848      0.0       0.0     0.1150      0.4    1.7      21.607   24.9   0b1111111111111111    20190521T143714965672
 7     170     2.4758      0.0       0.0     0.4924      0.2    0.8       5.028   24.9   0b1111111111111111    20190521T143714965960
 8     170     2.4810      0.0       0.0     0.1160      0.3    0.8      21.388   24.9   0b1111111111111111    20190521T143714966247
 9     170     2.4707      0.3       0.8     0.4922      0.4    0.8       5.019   24.9   0b1111111111111111    20190521T143714966591
10     170     2.4803      0.0       0.0     0.1144      0.4    0.8      21.677   24.9   0b1111111111111111    20190521T143714966883
11     170     2.4773      0.0       0.0     0.4942      0.0    0.0       5.013   24.9   0b1111111111111111    20190521T143714967169
12     170     2.4705      0.0       0.0     0.1130      0.4    0.8      21.863   24.9   0b1111111111111111    20190521T143714967487
13     170     2.4728      0.0       0.0     0.4882      0.3    0.8       5.065   24.9   0b1111111111111111    20190521T143714967775
14     170     2.4787      0.0       0.0     0.1129      0.4    0.8      21.952   24.9   0b1111111111111111    20190521T143714968059
15     170     2.4588      0.4       0.8     0.4893      0.3    0.8       5.025   24.9   0b1111111111111111    20190521T143714968343
 0     160     2.3978      0.0       0.0     0.1099      0.2    0.8      21.814   24.9   0b1111111111111111    20190521T143718409313
 1     160     2.4052      0.0       0.0     0.4750      0.0    0.0       5.064   24.9   0b1111111111111111    20190521T143718409756
 2     160     2.4187      0.0       0.0     0.1117      0.0    0.0      21.660   24.9   0b1111111111111111    20190521T143718410061
 3     160     2.4031      0.2       0.7     0.4757      0.3    0.8       5.052   24.9   0b1111111111111111    20190521T143718410356
 4     160     2.4247      0.0       0.0     0.1111      0.4    0.8      21.828   24.9   0b1111111111111111    20190521T143718410667
 5     160     2.4270      0.0       0.0     0.4834      0.2    0.8       5.021   24.9   0b1111111111111111    20190521T143718410957
 6     160     2.4352      0.0       0.0     0.1125      0.0    0.0      21.647   24.9   0b1111111111111111    20190521T143718411244
 7     160     2.4264      0.3       0.7     0.4825      0.0    0.0       5.029   24.9   0b1111111111111111    20190521T143718411552
 8     160     2.4308      0.0       0.0     0.1136      0.4    0.8      21.401   24.9   0b1111111111111111    20190521T143718411840
 9     160     2.4215      0.3       0.8     0.4824      0.3    0.8       5.020   24.9   0b1111111111111111    20190521T143718412127
10     160     2.4304      0.4       0.8     0.1124      0.3    0.8      21.620   24.9   0b1111111111111111    20190521T143718412485
11     160     2.4277      0.0       0.0     0.4843      0.3    0.8       5.013   24.9   0b1111111111111111    20190521T143718412774
12     160     2.4210      0.0       0.0     0.1108      0.0    0.0      21.844   24.9   0b1111111111111111    20190521T143718413057
13     160     2.4232      0.0       0.0     0.4783      0.2    0.8       5.067   24.9   0b1111111111111111    20190521T143718413342
14     160     2.4287      0.3       0.7     0.1104      0.4    0.8      21.996   24.9   0b1111111111111111    20190521T143718413649
15     160     2.4097      0.0       0.0     0.4794      0.4    0.8       5.026   24.9   0b1111111111111111    20190521T143718413932
 0     150     2.3506      0.3       0.8     0.1075      0.0    0.0      21.867   24.9   0b1111111111111111    20190521T143721854687
 1     150     2.3602      0.2       0.8     0.4658      0.0    0.0       5.067   24.9   0b1111111111111111    20190521T143721855089
 2     150     2.3715      0.0       0.0     0.1096      0.4    0.8      21.641   24.9   0b1111111111111111    20190521T143721855425
 3     150     2.3565      0.0       0.0     0.4659      0.2    0.8       5.058   24.9   0b1111111111111111    20190521T143721855734
 4     150     2.3783      0.0       0.0     0.1091      0.3    0.8      21.802   24.9   0b1111111111111111    20190521T143721856032
 5     150     2.3798      0.0       0.0     0.4741      0.2    0.8       5.020   24.9   0b1111111111111111    20190521T143721856328
 6     150     2.3873      0.0       0.0     0.1102      0.3    0.8      21.669   24.9   0b1111111111111111    20190521T143721856645
 7     150     2.3798      0.0       0.0     0.4731      0.4    0.8       5.030   24.9   0b1111111111111111    20190521T143721856939
 8     150     2.3843      0.0       0.0     0.1115      0.3    0.8      21.383   24.9   0b1111111111111111    20190521T143721857271
 9     150     2.3745      0.0       0.0     0.4729      0.4    0.8       5.021   24.9   0b1111111111111111    20190521T143721857571
10     150     2.3835      0.0       0.0     0.1100      0.0    0.0      21.668   24.9   0b1111111111111111    20190521T143721857717
11     150     2.3803      0.3       0.8     0.4749      0.3    0.8       5.012   24.9   0b1111111111111111    20190521T143721857858
12     150     2.3743      0.3       0.8     0.1083      0.0    0.0      21.916   24.9   0b1111111111111111    20190521T143721857998
13     150     2.3759      0.2       0.7     0.4686      0.4    0.8       5.070   24.9   0b1111111111111111    20190521T143721858137
14     150     2.3820      0.0       0.0     0.1083      0.0    0.0      21.988   24.9   0b1111111111111111    20190521T143721858276
15     150     2.3618      0.0       0.0     0.4700      0.0    0.0       5.025   24.9   0b1111111111111111    20190521T143721858437
 0     140     2.3032      0.0       0.0     0.1050      0.0    0.0      21.936   24.9   0b1111111111111111    20190521T143725297228
 1     140     2.3121      0.3       0.8     0.4564      0.4    0.8       5.066   24.9   0b1111111111111111    20190521T143725297661
 2     140     2.3235      0.0       0.0     0.1075      0.0    0.0      21.614   24.9   0b1111111111111111    20190521T143725297975
 3     140     2.3086      0.2       0.8     0.4567      0.0    0.0       5.055   24.9   0b1111111111111111    20190521T143725298273
 4     140     2.3293      0.3       0.8     0.1067      0.0    0.0      21.838   24.9   0b1111111111111111    20190521T143725298585
 5     140     2.3310      0.0       0.0     0.4642      0.0    0.0       5.022   24.9   0b1111111111111111    20190521T143725298877
 6     140     2.3385      0.0       0.0     0.1082      0.3    0.8      21.619   24.9   0b1111111111111111    20190521T143725299166
 7     140     2.3310      0.0       0.0     0.4633      0.2    0.8       5.032   24.9   0b1111111111111111    20190521T143725299474
 8     140     2.3349      0.3       0.8     0.1092      0.0    0.0      21.388   24.9   0b1111111111111111    20190521T143725299773
 9     140     2.3250      0.0       0.0     0.4632      0.3    0.8       5.020   24.9   0b1111111111111111    20190521T143725300110
10     140     2.3343      0.4       0.8     0.1075      0.0    0.0      21.714   24.9   0b1111111111111111    20190521T143725300418
11     140     2.3310      0.0       0.0     0.4650      0.0    0.0       5.013   24.9   0b1111111111111111    20190521T143725300707
12     140     2.3250      0.0       0.0     0.1059      0.2    0.8      21.951   24.9   0b1111111111111111    20190521T143725300993
13     140     2.3266      0.2       0.8     0.4591      0.3    0.8       5.068   24.9   0b1111111111111111    20190521T143725301279
14     140     2.3325      0.0       0.0     0.1059      0.2    0.8      22.022   24.9   0b1111111111111111    20190521T143725301584
15     140     2.3130      0.0       0.0     0.4600      0.0    0.0       5.028   24.9   0b1111111111111111    20190521T143725301872
 0     130     2.2553      0.0       0.0     0.1030      0.4    0.8      21.896   24.9   0b1111111111111111    20190521T143728744047
 1     130     2.2643      0.0       0.0     0.4467      0.0    0.0       5.069   24.9   0b1111111111111111    20190521T143728744475
 2     130     2.2755      0.0       0.0     0.1050      0.0    0.0      21.671   24.9   0b1111111111111111    20190521T143728744779
 3     130     2.2612      0.0       0.0     0.4474      0.3    0.8       5.054   24.9   0b1111111111111111    20190521T143728745075
 4     130     2.2801      0.2       0.8     0.1042      0.0    0.0      21.889   24.9   0b1111111111111111    20190521T143728745364
 5     130     2.2823      0.0       0.0     0.4542      0.0    0.0       5.025   24.9   0b1111111111111111    20190521T143728745677
 6     130     2.2898      0.0       0.0     0.1058      0.0    0.0      21.635   24.9   0b1111111111111111    20190521T143728745965
 7     130     2.2823      0.0       0.0     0.4533      0.0    0.0       5.034   24.9   0b1111111111111111    20190521T143728746251
 8     130     2.2859      0.2       0.8     0.1067      0.0    0.0      21.431   24.9   0b1111111111111111    20190521T143728746555
 9     130     2.2763      0.0       0.0     0.4532      0.3    0.8       5.022   24.9   0b1111111111111111    20190521T143728746885
10     130     2.2853      0.0       0.0     0.1051      0.3    0.8      21.747   24.9   0b1111111111111111    20190521T143728747179
11     130     2.2823      0.0       0.0     0.4550      0.0    0.0       5.016   24.9   0b1111111111111111    20190521T143728747501
12     130     2.2757      0.3       0.8     0.1039      0.4    0.8      21.899   24.9   0b1111111111111111    20190521T143728747671
13     130     2.2778      0.0       0.0     0.4492      0.0    0.0       5.071   24.9   0b1111111111111111    20190521T143728747809
14     130     2.2831      0.2       0.7     0.1035      0.3    0.8      22.059   24.9   0b1111111111111111    20190521T143728747946
15     130     2.2643      0.0       0.0     0.4500      0.0    0.0       5.032   24.9   0b1111111111111111    20190521T143728748084
 0     120     2.2072      0.0       0.0     0.1008      0.0    0.0      21.890   24.9   0b1111111111111111    20190521T143732194487
 1     120     2.2167      0.4       0.8     0.4375      0.0    0.0       5.067   24.9   0b1111111111111111    20190521T143732194886
 2     120     2.2282      0.0       0.0     0.1029      0.4    0.8      21.651   24.9   0b1111111111111111    20190521T143732195187
 3     120     2.2132      0.0       0.0     0.4375      0.0    0.0       5.059   24.9   0b1111111111111111    20190521T143732195507
 4     120     2.2320      0.0       0.0     0.1017      0.0    0.0      21.954   24.9   0b1111111111111111    20190521T143732195800
 5     120     2.2342      0.0       0.0     0.4450      0.0    0.0       5.021   24.9   0b1111111111111111    20190521T143732196088
 6     120     2.2425      0.0       0.0     0.1034      0.2    0.8      21.684   24.9   0b1111111111111111    20190521T143732196374
 7     120     2.2335      0.0       0.0     0.4436      0.4    0.8       5.035   24.9   0b1111111111111111    20190521T143732196694
 8     120     2.2372      0.0       0.0     0.1043      0.3    0.8      21.443   24.9   0b1111111111111111    20190521T143732196980
 9     120     2.2282      0.0       0.0     0.4438      0.4    0.8       5.020   24.9   0b1111111111111111    20190521T143732197265
10     120     2.2365      0.0       0.0     0.1031      0.4    0.8      21.696   24.9   0b1111111111111111    20190521T143732197567
11     120     2.2335      0.0       0.0     0.4450      0.0    0.0       5.019   24.9   0b1111111111111111    20190521T143732197735
12     120     2.2267      0.0       0.0     0.1016      0.2    0.8      21.920   24.9   0b1111111111111111    20190521T143732197873
13     120     2.2290      0.0       0.0     0.4393      0.3    0.8       5.074   24.9   0b1111111111111111    20190521T143732198011
14     120     2.2335      0.0       0.0     0.1010      0.3    0.8      22.114   24.9   0b1111111111111111    20190521T143732198148
15     120     2.2148      0.2       0.8     0.4408      0.0    0.0       5.024   24.9   0b1111111111111111    20190521T143732198285
 0     110     2.1615      0.0       0.0     0.0983      0.0    0.0      21.981   24.9   0b1111111111111111    20190521T143735642677
 1     110     2.1705      0.0       0.0     0.4282      0.3    0.8       5.068   24.9   0b1111111111111111    20190521T143735643076
 2     110     2.1825      0.0       0.0     0.1007      0.3    0.8      21.680   24.9   0b1111111111111111    20190521T143735643383
 3     110     2.1674      0.2       0.8     0.4285      0.3    0.8       5.058   24.9   0b1111111111111111    20190521T143735643711
 4     110     2.1855      0.0       0.0     0.1000      0.0    0.0      21.855   24.9   0b1111111111111111    20190521T143735644007
 5     110     2.1884      0.2       0.7     0.4358      0.0    0.0       5.021   24.9   0b1111111111111111    20190521T143735644298
 6     110     2.1960      0.0       0.0     0.1014      0.4    0.8      21.653   24.9   0b1111111111111111    20190521T143735644608
 7     110     2.1871      0.2       0.8     0.4345      0.4    0.8       5.034   24.9   0b1111111111111111    20190521T143735644896
 8     110     2.1908      0.0       0.0     0.1021      0.4    0.8      21.460   24.9   0b1111111111111111    20190521T143735645181
 9     110     2.1818      0.0       0.0     0.4342      0.0    0.0       5.025   24.9   0b1111111111111111    20190521T143735645526
10     110     2.1898      0.3       0.7     0.1008      0.0    0.0      21.717   24.9   0b1111111111111111    20190521T143735645822
11     110     2.1870      0.0       0.0     0.4358      0.0    0.0       5.018   24.9   0b1111111111111111    20190521T143735646106
12     110     2.1802      0.2       0.8     0.0992      0.0    0.0      21.985   24.9   0b1111111111111111    20190521T143735646410
13     110     2.1818      0.0       0.0     0.4301      0.3    0.8       5.073   24.9   0b1111111111111111    20190521T143735646699
14     110     2.1863      0.0       0.0     0.0991      0.3    0.8      22.065   24.9   0b1111111111111111    20190521T143735646983
15     110     2.1683      0.0       0.0     0.4308      0.0    0.0       5.033   24.9   0b1111111111111111    20190521T143735647266
 0     100     2.1127      0.2       0.8     0.0961      0.4    0.8      21.988   25.0   0b1111111111111111    20190521T143739108750
 1     100     2.1225      0.0       0.0     0.4183      0.0    0.0       5.074   25.0   0b1111111111111111    20190521T143739109161
 2     100     2.1337      0.0       0.0     0.0983      0.0    0.0      21.699   25.0   0b1111111111111111    20190521T143739109473
 3     100     2.1187      0.0       0.0     0.4187      0.4    0.8       5.061   25.0   0b1111111111111111    20190521T143739109796
 4     100     2.1367      0.0       0.0     0.0975      0.0    0.0      21.915   25.0   0b1111111111111111    20190521T143739110091
 5     100     2.1397      0.0       0.0     0.4258      0.0    0.0       5.025   25.0   0b1111111111111111    20190521T143739110383
 6     100     2.1473      0.0       0.0     0.0992      0.0    0.0      21.653   25.0   0b1111111111111111    20190521T143739110704
 7     100     2.1390      0.0       0.0     0.4249      0.3    0.8       5.034   25.0   0b1111111111111111    20190521T143739110994
 8     100     2.1412      0.0       0.0     0.1000      0.0    0.0      21.412   25.0   0b1111111111111111    20190521T143739111332
 9     100     2.1330      0.0       0.0     0.4245      0.4    0.8       5.025   25.0   0b1111111111111111    20190521T143739111655
10     100     2.1405      0.0       0.0     0.0983      0.0    0.0      21.768   25.0   0b1111111111111111    20190521T143739111944
11     100     2.1382      0.0       0.0     0.4260      0.3    0.8       5.019   25.0   0b1111111111111111    20190521T143739112230
12     100     2.1307      0.0       0.0     0.0969      0.4    0.8      21.985   25.0   0b1111111111111111    20190521T143739112515
13     100     2.1330      0.0       0.0     0.4202      0.3    0.8       5.077   25.0   0b1111111111111111    20190521T143739112824
14     100     2.1367      0.0       0.0     0.0967      0.0    0.0      22.104   25.0   0b1111111111111111    20190521T143739113109
15     100     2.1195      0.0       0.0     0.4215      0.3    0.8       5.028   25.0   0b1111111111111111    20190521T143739113395
 0      90     2.0641      0.2       0.8     0.0941      0.2    0.8      21.939   25.0   0b1111111111111111    20190521T143742561148
 1      90     2.0722      0.0       0.0     0.4085      0.3    0.8       5.073   25.0   0b1111111111111111    20190521T143742561535
 2      90     2.0837      0.3       0.8     0.0960      0.3    0.8      21.705   25.0   0b1111111111111111    20190521T143742561867
 3      90     2.0690      0.4       0.7     0.4090      0.3    0.8       5.059   25.0   0b1111111111111111    20190521T143742562172
 4      90     2.0895      0.0       0.0     0.0952      0.3    0.8      21.956   25.0   0b1111111111111111    20190521T143742562471
 5      90     2.0911      0.2       0.8     0.4162      0.4    0.8       5.025   25.0   0b1111111111111111    20190521T143742562782
 6      90     2.0985      0.0       0.0     0.0968      0.2    0.8      21.690   25.0   0b1111111111111111    20190521T143742563071
 7      90     2.0903      0.0       0.0     0.4150      0.0    0.0       5.037   25.0   0b1111111111111111    20190521T143742563357
 8      90     2.0933      0.0       0.0     0.0975      0.0    0.0      21.469   25.0   0b1111111111111111    20190521T143742563658
 9      90     2.0848      0.3       0.8     0.4150      0.0    0.0       5.024   25.0   0b1111111111111111    20190521T143742563948
10      90     2.0925      0.0       0.0     0.0961      0.4    0.8      21.778   25.0   0b1111111111111111    20190521T143742564273
11      90     2.0903      0.2       0.8     0.4167      0.0    0.0       5.017   25.0   0b1111111111111111    20190521T143742564570
12      90     2.0805      0.0       0.0     0.0945      0.4    0.8      22.016   25.0   0b1111111111111111    20190521T143742564872
13      90     2.0828      0.0       0.0     0.4101      0.3    0.8       5.079   25.0   0b1111111111111111    20190521T143742565158
14      90     2.0873      0.0       0.0     0.0942      0.2    0.8      22.146   25.0   0b1111111111111111    20190521T143742565442
15      90     2.0692      0.0       0.0     0.4112      0.4    0.8       5.032   25.0   0b1111111111111111    20190521T143742565782
 0      80     2.0136      0.3       0.8     0.0917      0.0    0.0      21.967   25.0   0b1111111111111111    20190521T143746007465
 1      80     2.0213      0.2       0.8     0.3983      0.0    0.0       5.074   25.0   0b1111111111111111    20190521T143746007897
 2      80     2.0325      0.0       0.0     0.0933      0.0    0.0      21.777   25.0   0b1111111111111111    20190521T143746008205
 3      80     2.0183      0.0       0.0     0.3988      0.4    0.8       5.061   25.0   0b1111111111111111    20190521T143746008500
 4      80     2.0400      0.0       0.0     0.0930      0.4    0.8      21.935   25.0   0b1111111111111111    20190521T143746008811
 5      80     2.0418      0.4       0.8     0.4065      0.3    0.8       5.023   25.0   0b1111111111111111    20190521T143746009115
 6      80     2.0490      0.0       0.0     0.0942      0.2    0.8      21.740   25.0   0b1111111111111111    20190521T143746009404
 7      80     2.0407      0.0       0.0     0.4050      0.0    0.0       5.039   25.0   0b1111111111111111    20190521T143746009711
 8      80     2.0434      0.4       0.8     0.0951      0.3    0.8      21.491   25.0   0b1111111111111111    20190521T143746010025
 9      80     2.0347      0.0       0.0     0.4050      0.0    0.0       5.024   25.0   0b1111111111111111    20190521T143746010336
10      80     2.0430      0.0       0.0     0.0941      0.2    0.8      21.715   25.0   0b1111111111111111    20190521T143746010622
11      80     2.0415      0.0       0.0     0.4067      0.0    0.0       5.020   25.0   0b1111111111111111    20190521T143746010928
12      80     2.0293      0.3       0.8     0.0922      0.4    0.8      22.018   25.0   0b1111111111111111    20190521T143746011214
13      80     2.0317      0.0       0.0     0.4000      0.0    0.0       5.079   25.0   0b1111111111111111    20190521T143746011498
14      80     2.0355      0.0       0.0     0.0918      0.3    0.8      22.165   25.0   0b1111111111111111    20190521T143746011805
15      80     2.0183      0.0       0.0     0.4010      0.3    0.8       5.033   25.0   0b1111111111111111    20190521T143746012091
 0      70     1.9620      0.0       0.0     0.0892      0.0    0.0      22.004   25.0   0b1111111111111111    20190521T143749453920
 1      70     1.9710      0.0       0.0     0.3883      0.0    0.0       5.076   25.0   0b1111111111111111    20190521T143749454327
 2      70     1.9817      0.3       0.7     0.0913      0.4    0.8      21.717   25.0   0b1111111111111111    20190521T143749454667
 3      70     1.9672      0.0       0.0     0.3887      0.4    0.8       5.062   25.0   0b1111111111111111    20190521T143749454964
 4      70     1.9895      0.4       0.8     0.0904      0.4    0.8      22.003   25.0   0b1111111111111111    20190521T143749455253
 5      70     1.9919      0.2       0.8     0.3964      0.4    0.8       5.025   25.0   0b1111111111111111    20190521T143749455567
 6      70     1.9988      0.0       0.0     0.0922      0.4    0.8      21.686   25.0   0b1111111111111111    20190521T143749455857
 7      70     1.9905      0.0       0.0     0.3950      0.0    0.0       5.039   25.0   0b1111111111111111    20190521T143749456144
 8      70     1.9935      0.0       0.0     0.0929      0.4    0.8      21.455   25.0   0b1111111111111111    20190521T143749456452
 9      70     1.9853      0.0       0.0     0.3950      0.0    0.0       5.026   25.0   0b1111111111111111    20190521T143749456741
10      70     1.9929      0.3       0.8     0.0916      0.3    0.8      21.761   25.0   0b1111111111111111    20190521T143749457060
11      70     1.9920      0.0       0.0     0.3967      0.0    0.0       5.022   25.0   0b1111111111111111    20190521T143749457348
12      70     1.9785      0.0       0.0     0.0900      0.0    0.0      21.983   25.0   0b1111111111111111    20190521T143749457619
13      70     1.9808      0.0       0.0     0.3900      0.0    0.0       5.079   25.0   0b1111111111111111    20190521T143749457759
14      70     1.9838      0.0       0.0     0.0893      0.2    0.8      22.227   25.0   0b1111111111111111    20190521T143749457896
15      70     1.9680      0.0       0.0     0.3908      0.0    0.0       5.035   25.0   0b1111111111111111    20190521T143749458034
 0      60     1.9118      0.2       0.8     0.0867      0.2    0.8      22.038   24.9   0b1111111111111111    20190521T143752910576
 1      60     1.9200      0.0       0.0     0.3783      0.0    0.0       5.075   24.9   0b1111111111111111    20190521T143752910998
 2      60     1.9305      0.0       0.0     0.0887      0.4    0.8      21.773   24.9   0b1111111111111111    20190521T143752911303
 3      60     1.9158      0.4       0.8     0.3784      0.2    0.8       5.063   24.9   0b1111111111111111    20190521T143752911621
 4      60     1.9373      0.0       0.0     0.0881      0.4    0.8      21.993   24.9   0b1111111111111111    20190521T143752911927
 5      60     1.9403      0.0       0.0     0.3859      0.2    0.8       5.028   24.9   0b1111111111111111    20190521T143752912216
 6      60     1.9462      0.0       0.0     0.0893      0.2    0.8      21.807   24.9   0b1111111111111111    20190521T143752912522
 7      60     1.9395      0.0       0.0     0.3850      0.0    0.0       5.038   24.9   0b1111111111111111    20190521T143752912810
 8      60     1.9426      0.2       0.8     0.0904      0.4    0.8      21.485   24.9   0b1111111111111111    20190521T143752913094
 9      60     1.9343      0.0       0.0     0.3850      0.0    0.0       5.024   24.9   0b1111111111111111    20190521T143752913379
10      60     1.9420      0.3       0.8     0.0892      0.0    0.0      21.779   24.9   0b1111111111111111    20190521T143752913744
11      60     1.9395      0.0       0.0     0.3866      0.2    0.8       5.017   24.9   0b1111111111111111    20190521T143752914039
12      60     1.9260      0.0       0.0     0.0874      0.2    0.8      22.032   24.9   0b1111111111111111    20190521T143752914322
13      60     1.9285      0.4       0.8     0.3798      0.4    0.8       5.078   24.9   0b1111111111111111    20190521T143752914632
14      60     1.9327      0.0       0.0     0.0871      0.4    0.8      22.194   24.9   0b1111111111111111    20190521T143752914917
15      60     1.9155      0.0       0.0     0.3801      0.2    0.8       5.040   24.9   0b1111111111111111    20190521T143752915199
 0      50     1.8607      0.0       0.0     0.0845      0.4    0.8      22.021   24.9   0b1111111111111111    20190521T143756377780
 1      50     1.8697      0.0       0.0     0.3683      0.0    0.0       5.076   24.9   0b1111111111111111    20190521T143756378222
 2      50     1.8795      0.0       0.0     0.0866      0.2    0.8      21.707   24.9   0b1111111111111111    20190521T143756378625
 3      50     1.8651      0.3       0.8     0.3683      0.0    0.0       5.064   24.9   0b1111111111111111    20190521T143756378960
 4      50     1.8855      0.0       0.0     0.0858      0.2    0.8      21.988   24.9   0b1111111111111111    20190521T143756379269
 5      50     1.8879      0.3       0.7     0.3758      0.0    0.0       5.023   24.9   0b1111111111111111    20190521T143756379711
 6      50     1.8941      0.4       0.8     0.0872      0.4    0.8      21.709   24.9   0b1111111111111111    20190521T143756380019
 7      50     1.8870      0.0       0.0     0.3744      0.4    0.8       5.040   24.9   0b1111111111111111    20190521T143756380313
 8      50     1.8900      0.0       0.0     0.0879      0.4    0.8      21.498   24.9   0b1111111111111111    20190521T143756380678
 9      50     1.8817      0.0       0.0     0.3742      0.0    0.0       5.029   24.9   0b1111111111111111    20190521T143756381010
10      50     1.8894      0.3       0.7     0.0867      0.0    0.0      21.801   24.9   0b1111111111111111    20190521T143756381305
11      50     1.8878      0.0       0.0     0.3758      0.0    0.0       5.023   24.9   0b1111111111111111    20190521T143756381661
12      50     1.8742      0.0       0.0     0.0850      0.0    0.0      22.050   24.9   0b1111111111111111    20190521T143756381955
13      50     1.8765      0.0       0.0     0.3692      0.0    0.0       5.083   24.9   0b1111111111111111    20190521T143756382242
14      50     1.8803      0.0       0.0     0.0844      0.4    0.8      22.273   24.9   0b1111111111111111    20190521T143756382594
15      50     1.8638      0.0       0.0     0.3700      0.0    0.0       5.037   24.9   0b1111111111111111    20190521T143756383075
 0      40     1.8105      0.0       0.0     0.0818      0.3    0.8      22.124   25.0   0b1111111111111111    20190521T143759878008
 1      40     1.8180      0.0       0.0     0.3583      0.0    0.0       5.073   25.0   0b1111111111111111    20190521T143759878434
 2      40     1.8278      0.0       0.0     0.0841      0.2    0.8      21.737   25.0   0b1111111111111111    20190521T143759878856
 3      40     1.8143      0.0       0.0     0.3583      0.0    0.0       5.063   25.0   0b1111111111111111    20190521T143759879193
 4      40     1.8330      0.0       0.0     0.0833      0.2    0.8      22.018   25.0   0b1111111111111111    20190521T143759879504
 5      40     1.8352      0.0       0.0     0.3650      0.0    0.0       5.028   25.0   0b1111111111111111    20190521T143759879863
 6      40     1.8413      0.0       0.0     0.0848      0.4    0.8      21.726   25.0   0b1111111111111111    20190521T143759880157
 7      40     1.8352      0.2       0.8     0.3641      0.3    0.8       5.041   25.0   0b1111111111111111    20190521T143759880456
 8      40     1.8375      0.0       0.0     0.0854      0.4    0.8      21.512   25.0   0b1111111111111111    20190521T143759880793
 9      40     1.8293      0.0       0.0     0.3639      0.4    0.8       5.027   25.0   0b1111111111111111    20190521T143759881103
10      40     1.8367      0.0       0.0     0.0842      0.0    0.0      21.823   25.0   0b1111111111111111    20190521T143759881407
11      40     1.8351      0.3       0.8     0.3651      0.3    0.8       5.027   25.0   0b1111111111111111    20190521T143759881749
12      40     1.8217      0.2       0.8     0.0825      0.0    0.0      22.081   25.0   0b1111111111111111    20190521T143759882042
13      40     1.8246      0.3       0.8     0.3591      0.2    0.8       5.081   25.0   0b1111111111111111    20190521T143759882343
14      40     1.8278      0.0       0.0     0.0821      0.4    0.8      22.267   25.0   0b1111111111111111    20190521T143759882677
15      40     1.8120      0.0       0.0     0.3598      0.3    0.8       5.036   25.0   0b1111111111111111    20190521T143759883098
 0      30     1.7610      0.0       0.0     0.0798      0.4    0.8      22.082   25.0   0b1111111111111111    20190521T143803341215
 1      30     1.7685      0.0       0.0     0.3483      0.0    0.0       5.077   25.0   0b1111111111111111    20190521T143803341609
 2      30     1.7775      0.0       0.0     0.0817      0.0    0.0      21.765   25.0   0b1111111111111111    20190521T143803341947
 3      30     1.7640      0.0       0.0     0.3482      0.3    0.8       5.065   25.0   0b1111111111111111    20190521T143803342243
 4      30     1.7808      0.4       0.8     0.0806      0.4    0.8      22.099   25.0   0b1111111111111111    20190521T143803342533
 5      30     1.7835      0.0       0.0     0.3550      0.0    0.0       5.024   25.0   0b1111111111111111    20190521T143803342841
 6      30     1.7910      0.0       0.0     0.0823      0.4    0.8      21.775   25.0   0b1111111111111111    20190521T143803343131
 7      30     1.7831      0.4       0.8     0.3534      0.3    0.8       5.045   25.0   0b1111111111111111    20190521T143803343418
 8      30     1.7865      0.0       0.0     0.0830      0.4    0.8      21.524   25.0   0b1111111111111111    20190521T143803343726
 9      30     1.7782      0.0       0.0     0.3536      0.4    0.8       5.029   25.0   0b1111111111111111    20190521T143803344014
10      30     1.7850      0.0       0.0     0.0817      0.0    0.0      21.857   25.0   0b1111111111111111    20190521T143803344357
11      30     1.7843      0.0       0.0     0.3550      0.0    0.0       5.026   25.0   0b1111111111111111    20190521T143803344675
12      30     1.7711      0.4       0.8     0.0800      0.0    0.0      22.138   25.0   0b1111111111111111    20190521T143803345051
13      30     1.7738      0.0       0.0     0.3487      0.4    0.8       5.086   25.0   0b1111111111111111    20190521T143803345362
14      30     1.7773      0.3       0.7     0.0798      0.3    0.8      22.263   25.0   0b1111111111111111    20190521T143803345668
15      30     1.7603      0.2       0.8     0.3492      0.2    0.8       5.040   25.0   0b1111111111111111    20190521T143803345956
 0      20     1.7107      0.0       0.0     0.0775      0.0    0.0      22.074   25.0   0b1111111111111111    20190521T143806794587
 1      20     1.7190      0.0       0.0     0.3383      0.0    0.0       5.081   25.0   0b1111111111111111    20190521T143806794991
 2      20     1.7273      0.0       0.0     0.0792      0.0    0.0      21.818   25.0   0b1111111111111111    20190521T143806795295
 3      20     1.7141      0.4       0.7     0.3383      0.0    0.0       5.066   25.0   0b1111111111111111    20190521T143806795615
 4      20     1.7297      0.3       0.8     0.0783      0.0    0.0      22.082   25.0   0b1111111111111111    20190521T143806795904
 5      20     1.7323      0.3       0.8     0.3447      0.4    0.8       5.026   25.0   0b1111111111111111    20190521T143806796193
 6      20     1.7395      0.3       0.7     0.0798      0.3    0.8      21.789   25.0   0b1111111111111111    20190521T143806796501
 7      20     1.7320      0.3       0.8     0.3433      0.0    0.0       5.045   25.0   0b1111111111111111    20190521T143806796789
 8      20     1.7341      0.2       0.8     0.0806      0.4    0.8      21.519   25.0   0b1111111111111111    20190521T143806797126
 9      20     1.7265      0.0       0.0     0.3433      0.0    0.0       5.029   25.0   0b1111111111111111    20190521T143806797462
10      20     1.7332      0.0       0.0     0.0792      0.0    0.0      21.894   25.0   0b1111111111111111    20190521T143806797659
11      20     1.7325      0.0       0.0     0.3450      0.0    0.0       5.022   25.0   0b1111111111111111    20190521T143806797797
12      20     1.7197      0.0       0.0     0.0775      0.0    0.0      22.190   25.0   0b1111111111111111    20190521T143806797935
13      20     1.7228      0.0       0.0     0.3385      0.3    0.8       5.089   25.0   0b1111111111111111    20190521T143806798073
14      20     1.7258      0.0       0.0     0.0773      0.3    0.8      22.316   25.0   0b1111111111111111    20190521T143806798209
15      20     1.7098      0.3       0.8     0.3392      0.0    0.0       5.041   25.0   0b1111111111111111    20190521T143806798347
 0      10     1.6613      0.0       0.0     0.0750      0.0    0.0      22.150   25.0   0b1111111111111111    20190521T143810246536
 1      10     1.6687      0.0       0.0     0.3283      0.0    0.0       5.082   25.0   0b1111111111111111    20190521T143810246937
 2      10     1.6775      0.3       0.8     0.0767      0.0    0.0      21.881   25.0   0b1111111111111111    20190521T143810247469
 3      10     1.6643      0.2       0.7     0.3283      0.0    0.0       5.069   25.0   0b1111111111111111    20190521T143810247764
 4      10     1.6785      0.0       0.0     0.0758      0.0    0.0      22.134   25.0   0b1111111111111111    20190521T143810247931
 5      10     1.6812      0.4       0.8     0.3343      0.3    0.8       5.029   25.0   0b1111111111111111    20190521T143810248078
 6      10     1.6883      0.0       0.0     0.0775      0.0    0.0      21.784   25.0   0b1111111111111111    20190521T143810248221
 7      10     1.6808      0.0       0.0     0.3333      0.0    0.0       5.042   25.0   0b1111111111111111    20190521T143810248362
 8      10     1.6830      0.0       0.0     0.0783      0.3    0.8      21.508   25.0   0b1111111111111111    20190521T143810248516
 9      10     1.6755      0.0       0.0     0.3333      0.2    0.8       5.028   25.0   0b1111111111111111    20190521T143810248656
10      10     1.6822      0.0       0.0     0.0767      0.0    0.0      21.942   25.0   0b1111111111111111    20190521T143810248795
11      10     1.6815      0.0       0.0     0.3345      0.4    0.8       5.027   25.0   0b1111111111111111    20190521T143810248934
12      10     1.6687      0.0       0.0     0.0750      0.0    0.0      22.250   25.0   0b1111111111111111    20190521T143810249100
13      10     1.6717      0.0       0.0     0.3284      0.2    0.8       5.090   25.0   0b1111111111111111    20190521T143810249241
14      10     1.6740      0.0       0.0     0.0750      0.0    0.0      22.320   25.0   0b1111111111111111    20190521T143810249379
15      10     1.6590      0.0       0.0     0.3291      0.2    0.8       5.041   25.0   0b1111111111111111    20190521T143810249531
 0       0     1.6110      0.0       0.0     0.0726      0.2    0.8      22.195   25.0   0b1111111111111111    20190521T143813694288
 1       0     1.6189      0.4       0.7     0.3185      0.3    0.8       5.083   25.0   0b1111111111111111    20190521T143813694727
 2       0     1.6267      0.0       0.0     0.0743      0.3    0.8      21.885   25.0   0b1111111111111111    20190521T143813695042
 3       0     1.6148      0.0       0.0     0.3184      0.2    0.8       5.071   25.0   0b1111111111111111    20190521T143813695345
 4       0     1.6275      0.0       0.0     0.0733      0.0    0.0      22.193   25.0   0b1111111111111111    20190521T143813695666
 5       0     1.6298      0.0       0.0     0.3242      0.0    0.0       5.028   25.0   0b1111111111111111    20190521T143813695960
 6       0     1.6373      0.0       0.0     0.0750      0.0    0.0      21.830   25.0   0b1111111111111111    20190521T143813696249
 7       0     1.6298      0.0       0.0     0.3232      0.2    0.8       5.042   25.0   0b1111111111111111    20190521T143813696559
 8       0     1.6313      0.0       0.0     0.0758      0.2    0.8      21.535   25.0   0b1111111111111111    20190521T143813696899
 9       0     1.6237      0.0       0.0     0.3229      0.4    0.8       5.028   25.0   0b1111111111111111    20190521T143813697199
10       0     1.6304      0.2       0.8     0.0742      0.0    0.0      21.983   25.0   0b1111111111111111    20190521T143813697523
11       0     1.6300      0.4       0.8     0.3242      0.0    0.0       5.028   25.0   0b1111111111111111    20190521T143813697682
12       0     1.6175      0.4       0.8     0.0725      0.0    0.0      22.310   25.0   0b1111111111111111    20190521T143813697820
13       0     1.6207      0.0       0.0     0.3183      0.0    0.0       5.091   25.0   0b1111111111111111    20190521T143813697959
14       0     1.6230      0.0       0.0     0.0725      0.0    0.0      22.386   25.0   0b1111111111111111    20190521T143813698097
15       0     1.6081      0.2       0.7     0.3189      0.4    0.8       5.042   25.0   0b1111111111111111    20190521T143813698235
