CH# Vset[DAC]   V[V]    dVRMS[mV] dVpp[mV]    I[A]  dIRMS[mA] dIpp[mA]   R[ohm]   T[C]   State                Timestamp
 0     250     2.8305      0.0       0.0    -0.0002      0.5    1.7    -666.000   24.3   0b1111111111111111    20181018T184838648829
 1     250     2.8260      0.0       0.0     0.0025      0.0    0.0    1130.400   24.3   0b1111111111111111    20181018T184838649267
 2     250     2.8313      0.0       0.0     0.0010      0.5    1.7    2831.250   24.3   0b1111111111111111    20181018T184838649565
 3     250     2.8298      0.0       0.0    -0.0009      0.4    1.7    -666.000   24.3   0b1111111111111111    20181018T184838649852
 4     250     2.8305      0.0       0.0     0.0028      0.4    0.8     999.000   24.3   0b1111111111111111    20181018T184838650157
 5     250     2.8295      0.3       0.8     0.0057      0.5    1.7     499.328   24.3   0b1111111111111111    20181018T184838650441
 6     250     2.8260      0.0       0.0     0.0033      0.2    0.8     869.538   24.3   0b1111111111111111    20181018T184838650720
 7     250     2.8403      0.2       0.8     0.0018      0.6    1.7    1623.043   24.3   0b1111111111111111    20181018T184838651017
 8     250     2.8568      0.2       0.8     0.0037      0.4    0.8     761.820   24.3   0b1111111111111111    20181018T184838651300
 9     250     2.8493      0.0       0.0     0.0023      0.3    0.8    1221.107   24.3   0b1111111111111111    20181018T184838651605
10     250     2.8493      0.0       0.0     0.0026      0.4    1.7    1102.935   24.3   0b1111111111111111    20181018T184838651906
11     250     2.8642      0.0       0.0     0.0039      0.4    0.8     731.298   24.3   0b1111111111111111    20181018T184838652203
12     250     2.8800      0.0       0.0     0.0026      0.2    0.8    1114.839   24.3   0b1111111111111111    20181018T184838652483
13     250     2.8665      0.0       0.0     0.0027      0.3    0.8    1074.937   24.3   0b1111111111111111    20181018T184838652760
14     250     2.8655      0.3       0.7     0.0028      0.6    1.7    1011.362   24.3   0b1111111111111111    20181018T184838653062
15     250     2.8672      0.0       0.0     0.0013      0.6    1.7    2150.437   24.3   0b1111111111111111    20181018T184838653342
 0     240     2.7831      0.3       0.7    -0.0005      0.4    0.8    -666.000   24.2   0b1111111111111111    20181018T184842090990
 1     240     2.7787      0.0       0.0     0.0019      0.4    0.8    1449.783   24.2   0b1111111111111111    20181018T184842091413
 2     240     2.7839      0.2       0.8     0.0010      0.3    0.8    2783.925   24.2   0b1111111111111111    20181018T184842091733
 3     240     2.7820      0.4       0.8    -0.0008      0.4    1.7    -666.000   24.2   0b1111111111111111    20181018T184842092053
 4     240     2.7831      0.3       0.7     0.0026      0.2    0.8    1077.329   24.2   0b1111111111111111    20181018T184842092347
 5     240     2.7823      0.3       0.8     0.0058      0.2    0.8     483.887   24.2   0b1111111111111111    20181018T184842092633
 6     240     2.7783      0.4       0.8     0.0028      0.4    0.8    1010.291   24.2   0b1111111111111111    20181018T184842092917
 7     240     2.7928      0.3       0.8     0.0017      0.4    1.7    1675.710   24.2   0b1111111111111111    20181018T184842093219
 8     240     2.8080      0.0       0.0     0.0041      0.2    0.8     687.673   24.2   0b1111111111111111    20181018T184842093547
 9     240     2.8005      0.0       0.0     0.0022      0.4    0.8    1292.538   24.2   0b1111111111111111    20181018T184842093831
10     240     2.8006      0.2       0.8     0.0025      0.4    1.7    1120.230   24.2   0b1111111111111111    20181018T184842094133
11     240     2.8155      0.0       0.0     0.0035      0.3    0.8     804.429   24.2   0b1111111111111111    20181018T184842094414
12     240     2.8312      0.2       0.8     0.0026      0.4    1.7    1095.939   24.2   0b1111111111111111    20181018T184842094694
13     240     2.8177      0.2       0.8     0.0028      0.4    0.8    1024.609   24.2   0b1111111111111111    20181018T184842094971
14     240     2.8164      0.3       0.8     0.0027      0.3    0.8    1056.150   24.2   0b1111111111111111    20181018T184842095286
15     240     2.8181      0.4       0.7     0.0015      0.3    0.8    1878.750   24.2   0b1111111111111111    20181018T184842095566
 0     230     2.7368      0.0       0.0    -0.0003      0.4    0.8    -666.000   24.3   0b1111111111111111    20181018T184845533534
 1     230     2.7323      0.0       0.0     0.0024      0.2    0.8    1130.586   24.3   0b1111111111111111    20181018T184845533977
 2     230     2.7374      0.2       0.8     0.0008      0.4    1.7    3284.910   24.3   0b1111111111111111    20181018T184845534300
 3     230     2.7360      0.0       0.0    -0.0008      0.0    0.0    -666.000   24.3   0b1111111111111111    20181018T184845534599
 4     230     2.7368      0.0       0.0     0.0027      0.3    0.8    1026.281   24.3   0b1111111111111111    20181018T184845534915
 5     230     2.7360      0.0       0.0     0.0053      0.4    0.8     521.143   24.3   0b1111111111111111    20181018T184845535211
 6     230     2.7323      0.0       0.0     0.0028      0.4    0.8     964.324   24.3   0b1111111111111111    20181018T184845535497
 7     230     2.7465      0.0       0.0     0.0017      0.0    0.0    1647.900   24.3   0b1111111111111111    20181018T184845535802
 8     230     2.7608      0.0       0.0     0.0039      0.4    0.8     704.872   24.3   0b1111111111111111    20181018T184845536087
 9     230     2.7533      0.0       0.0     0.0023      0.3    0.8    1179.964   24.3   0b1111111111111111    20181018T184845536414
10     230     2.7533      0.0       0.0     0.0024      0.2    0.8    1139.276   24.3   0b1111111111111111    20181018T184845536700
11     230     2.7678      0.4       0.8     0.0035      0.3    0.8     790.800   24.3   0b1111111111111111    20181018T184845537011
12     230     2.7831      0.3       0.7     0.0026      0.2    0.8    1077.329   24.3   0b1111111111111111    20181018T184845537292
13     230     2.7697      0.0       0.0     0.0026      0.2    0.8    1072.161   24.3   0b1111111111111111    20181018T184845537572
14     230     2.7690      0.0       0.0     0.0027      0.3    0.8    1038.375   24.3   0b1111111111111111    20181018T184845537872
15     230     2.7705      0.0       0.0     0.0016      0.3    0.8    1749.789   24.3   0b1111111111111111    20181018T184845538155
 0     220     2.6902      0.0       0.0    -0.0006      0.4    0.8    -666.000   24.3   0b1111111111111111    20181018T184848973859
 1     220     2.6836      0.2       0.8     0.0021      0.4    0.8    1288.116   24.3   0b1111111111111111    20181018T184848974285
 2     220     2.6896      0.3       0.8     0.0007      0.2    0.8    3586.200   24.3   0b1111111111111111    20181018T184848974583
 3     220     2.6880      0.0       0.0    -0.0009      0.3    0.8    -666.000   24.3   0b1111111111111111    20181018T184848974870
 4     220     2.6895      0.0       0.0     0.0025      0.0    0.0    1075.800   24.3   0b1111111111111111    20181018T184848975176
 5     220     2.6884      0.4       0.8     0.0055      0.4    0.8     488.795   24.3   0b1111111111111111    20181018T184848975460
 6     220     2.6850      0.0       0.0     0.0027      0.3    0.8    1006.875   24.3   0b1111111111111111    20181018T184848975742
 7     220     2.6992      0.0       0.0     0.0016      0.3    0.8    1704.789   24.3   0b1111111111111111    20181018T184848976042
 8     220     2.7120      0.0       0.0     0.0038      0.4    0.8     707.478   24.3   0b1111111111111111    20181018T184848976323
 9     220     2.7052      0.0       0.0     0.0024      0.2    0.8    1119.414   24.3   0b1111111111111111    20181018T184848976602
10     220     2.7037      0.0       0.0     0.0023      0.4    0.8    1201.667   24.3   0b1111111111111111    20181018T184848976881
11     220     2.7188      0.0       0.0     0.0034      0.2    0.8     795.732   24.3   0b1111111111111111    20181018T184848977227
12     220     2.7331      0.2       0.8     0.0026      0.2    0.8    1057.965   24.3   0b1111111111111111    20181018T184848977509
13     220     2.7210      0.0       0.0     0.0025      0.0    0.0    1088.400   24.3   0b1111111111111111    20181018T184848977808
14     220     2.7210      0.0       0.0     0.0025      0.0    0.0    1088.400   24.3   0b1111111111111111    20181018T184848978111
15     220     2.7218      0.0       0.0     0.0017      0.0    0.0    1633.050   24.3   0b1111111111111111    20181018T184848978391
 0     210     2.6423      0.0       0.0    -0.0006      0.4    0.8    -666.000   24.3   0b1111111111111111    20181018T184852413073
 1     210     2.6361      0.3       0.7     0.0021      0.4    0.8    1265.328   24.3   0b1111111111111111    20181018T184852413478
 2     210     2.6415      0.0       0.0     0.0008      0.0    0.0    3169.800   24.3   0b1111111111111111    20181018T184852413824
 3     210     2.6400      0.0       0.0    -0.0010      0.3    0.8    -666.000   24.3   0b1111111111111111    20181018T184852414128
 4     210     2.6420      0.3       0.8     0.0025      0.4    1.7    1056.810   24.3   0b1111111111111111    20181018T184852414421
 5     210     2.6408      0.0       0.0     0.0056      0.4    0.8     472.970   24.3   0b1111111111111111    20181018T184852414708
 6     210     2.6378      0.0       0.0     0.0028      0.4    0.8     959.182   24.3   0b1111111111111111    20181018T184852415018
 7     210     2.6513      0.0       0.0     0.0016      0.3    0.8    1674.474   24.3   0b1111111111111111    20181018T184852415301
 8     210     2.6626      0.2       0.8     0.0038      0.4    0.8     694.585   24.3   0b1111111111111111    20181018T184852415583
 9     210     2.6565      0.0       0.0     0.0023      0.4    0.8    1180.667   24.3   0b1111111111111111    20181018T184852415884
10     210     2.6550      0.0       0.0     0.0023      0.3    0.8    1137.857   24.3   0b1111111111111111    20181018T184852416216
11     210     2.6693      0.2       0.8     0.0033      0.0    0.0     800.797   24.3   0b1111111111111111    20181018T184852416500
12     210     2.6837      0.3       0.8     0.0025      0.0    0.0    1073.490   24.3   0b1111111111111111    20181018T184852416810
13     210     2.6715      0.0       0.0     0.0025      0.0    0.0    1068.600   24.3   0b1111111111111111    20181018T184852417093
14     210     2.6715      0.0       0.0     0.0025      0.0    0.0    1068.600   24.3   0b1111111111111111    20181018T184852417372
15     210     2.6723      0.0       0.0     0.0017      0.0    0.0    1603.350   24.3   0b1111111111111111    20181018T184852417651
 0     200     2.5942      0.0       0.0    -0.0005      0.4    0.8    -666.000   24.3   0b1111111111111111    20181018T184855847046
 1     200     2.5875      0.0       0.0     0.0018      0.2    0.8    1478.571   24.3   0b1111111111111111    20181018T184855847452
 2     200     2.5934      0.2       0.7     0.0008      0.0    0.0    3112.110   24.3   0b1111111111111111    20181018T184855847799
 3     200     2.5920      0.0       0.0    -0.0008      0.0    0.0    -666.000   24.3   0b1111111111111111    20181018T184855848098
 4     200     2.5941      0.3       0.8     0.0024      0.2    0.8    1073.421   24.3   0b1111111111111111    20181018T184855848388
 5     200     2.5927      0.0       0.0     0.0053      0.4    0.8     493.857   24.3   0b1111111111111111    20181018T184855848673
 6     200     2.5897      0.0       0.0     0.0029      0.4    0.8     887.914   24.3   0b1111111111111111    20181018T184855848977
 7     200     2.6032      0.0       0.0     0.0014      0.4    0.8    1837.588   24.3   0b1111111111111111    20181018T184855849259
 8     200     2.6133      0.4       0.8     0.0035      0.3    0.8     746.657   24.3   0b1111111111111111    20181018T184855849540
 9     200     2.6070      0.0       0.0     0.0019      0.4    0.8    1360.174   24.3   0b1111111111111111    20181018T184855849880
10     200     2.6055      0.0       0.0     0.0020      0.4    0.8    1302.750   24.3   0b1111111111111111    20181018T184855850177
11     200     2.6197      0.0       0.0     0.0033      0.0    0.0     785.925   24.3   0b1111111111111111    20181018T184855850459
12     200     2.6340      0.0       0.0     0.0023      0.3    0.8    1128.857   24.3   0b1111111111111111    20181018T184855850775
13     200     2.6220      0.0       0.0     0.0025      0.0    0.0    1048.800   24.3   0b1111111111111111    20181018T184855851060
14     200     2.6220      0.0       0.0     0.0024      0.2    0.8    1084.966   24.3   0b1111111111111111    20181018T184855851340
15     200     2.6228      0.2       0.8     0.0011      0.4    0.8    2421.069   24.3   0b1111111111111111    20181018T184855851618
 0     190     2.5475      0.4       0.8    -0.0005      0.4    0.8    -666.000   24.2   0b1111111111111111    20181018T184859288943
 1     190     2.5417      0.0       0.0     0.0017      0.0    0.0    1525.050   24.2   0b1111111111111111    20181018T184859289353
 2     190     2.5483      0.3       0.8     0.0007      0.3    0.8    3822.413   24.2   0b1111111111111111    20181018T184859289671
 3     190     2.5461      0.3       0.8    -0.0009      0.3    0.8    -666.000   24.2   0b1111111111111111    20181018T184859289995
 4     190     2.5481      0.4       0.8     0.0025      0.0    0.0    1019.220   24.2   0b1111111111111111    20181018T184859290292
 5     190     2.5463      0.0       0.0     0.0050      0.0    0.0     509.250   24.2   0b1111111111111111    20181018T184859290583
 6     190     2.5440      0.0       0.0     0.0025      0.0    0.0    1017.600   24.2   0b1111111111111111    20181018T184859290891
 7     190     2.5575      0.0       0.0     0.0014      0.4    0.8    1805.294   24.2   0b1111111111111111    20181018T184859291180
 8     190     2.5665      0.0       0.0     0.0034      0.2    0.8     751.171   24.2   0b1111111111111111    20181018T184859291464
 9     190     2.5598      0.0       0.0     0.0023      0.4    0.8    1137.667   24.2   0b1111111111111111    20181018T184859291813
10     190     2.5590      0.0       0.0     0.0020      0.4    0.8    1279.500   24.2   0b1111111111111111    20181018T184859292101
11     190     2.5733      0.0       0.0     0.0033      0.0    0.0     771.975   24.2   0b1111111111111111    20181018T184859292382
12     190     2.5870      0.4       0.8     0.0025      0.0    0.0    1034.820   24.2   0b1111111111111111    20181018T184859292662
13     190     2.5740      0.0       0.0     0.0024      0.2    0.8    1065.103   24.2   0b1111111111111111    20181018T184859292964
14     190     2.5748      0.0       0.0     0.0025      0.0    0.0    1029.900   24.2   0b1111111111111111    20181018T184859293245
15     190     2.5740      0.0       0.0     0.0009      0.3    0.8    2808.000   24.2   0b1111111111111111    20181018T184859293522
 0     180     2.4997      0.0       0.0    -0.0006      0.4    0.8    -666.000   24.2   0b1111111111111111    20181018T184902724892
 1     180     2.4937      0.0       0.0     0.0017      0.0    0.0    1496.250   24.2   0b1111111111111111    20181018T184902725318
 2     180     2.5004      0.3       0.8     0.0002      0.3    0.8   15002.100   24.2   0b1111111111111111    20181018T184902725618
 3     180     2.4977      0.3       0.8    -0.0011      0.4    0.8    -666.000   24.2   0b1111111111111111    20181018T184902725907
 4     180     2.5005      0.0       0.0     0.0022      0.4    0.8    1154.077   24.2   0b1111111111111111    20181018T184902726218
 5     180     2.4982      0.0       0.0     0.0051      0.2    0.8     491.459   24.2   0b1111111111111111    20181018T184902726503
 6     180     2.4960      0.0       0.0     0.0024      0.2    0.8    1032.828   24.2   0b1111111111111111    20181018T184902726784
 7     180     2.5092      0.4       0.8     0.0016      0.3    0.8    1584.758   24.2   0b1111111111111111    20181018T184902727098
 8     180     2.5171      0.2       0.8     0.0033      0.0    0.0     755.122   24.2   0b1111111111111111    20181018T184902727271
 9     180     2.5110      0.0       0.0     0.0018      0.2    0.8    1434.857   24.2   0b1111111111111111    20181018T184902727407
10     180     2.5102      0.0       0.0     0.0019      0.4    0.8    1309.696   24.2   0b1111111111111111    20181018T184902727567
11     180     2.5237      0.0       0.0     0.0033      0.0    0.0     757.125   24.2   0b1111111111111111    20181018T184902727710
12     180     2.5380      0.0       0.0     0.0023      0.3    0.8    1087.714   24.2   0b1111111111111111    20181018T184902727846
13     180     2.5253      0.0       0.0     0.0024      0.2    0.8    1044.931   24.2   0b1111111111111111    20181018T184902727981
14     180     2.5253      0.0       0.0     0.0024      0.2    0.8    1044.931   24.2   0b1111111111111111    20181018T184902728128
15     180     2.5253      0.0       0.0     0.0011      0.4    0.8    2331.000   24.2   0b1111111111111111    20181018T184902728265
 0     170     2.4518      0.0       0.0    -0.0007      0.2    0.8    -666.000   24.3   0b1111111111111111    20181018T184906158347
 1     170     2.4458      0.2       0.7     0.0016      0.3    0.8    1544.732   24.3   0b1111111111111111    20181018T184906158732
 2     170     2.4518      0.0       0.0     0.0004      0.4    0.8    5884.200   24.3   0b1111111111111111    20181018T184906159065
 3     170     2.4503      0.0       0.0    -0.0010      0.3    0.8    -666.000   24.3   0b1111111111111111    20181018T184906159354
 4     170     2.4526      0.2       0.7     0.0021      0.4    0.8    1177.236   24.3   0b1111111111111111    20181018T184906159641
 5     170     2.4508      0.3       0.7     0.0050      0.0    0.0     490.155   24.3   0b1111111111111111    20181018T184906159944
 6     170     2.4487      0.0       0.0     0.0025      0.0    0.0     979.500   24.3   0b1111111111111111    20181018T184906160229
 7     170     2.4615      0.0       0.0     0.0012      0.4    0.8    2109.857   24.3   0b1111111111111111    20181018T184906160510
 8     170     2.4683      0.0       0.0     0.0033      0.0    0.0     740.475   24.3   0b1111111111111111    20181018T184906160812
 9     170     2.4623      0.0       0.0     0.0017      0.0    0.0    1477.350   24.3   0b1111111111111111    20181018T184906161095
10     170     2.4615      0.0       0.0     0.0019      0.4    0.8    1284.261   24.3   0b1111111111111111    20181018T184906161391
11     170     2.4749      0.3       0.8     0.0030      0.4    0.8     824.950   24.3   0b1111111111111111    20181018T184906161698
12     170     2.4885      0.0       0.0     0.0023      0.4    0.8    1106.000   24.3   0b1111111111111111    20181018T184906162004
13     170     2.4758      0.0       0.0     0.0023      0.3    0.8    1061.036   24.3   0b1111111111111111    20181018T184906162286
14     170     2.4765      0.0       0.0     0.0023      0.4    0.8    1100.667   24.3   0b1111111111111111    20181018T184906162565
15     170     2.4758      0.0       0.0     0.0009      0.3    0.8    2700.818   24.3   0b1111111111111111    20181018T184906162865
 0     160     2.4037      0.0       0.0    -0.0008      0.0    0.0    -666.000   24.2   0b1111111111111111    20181018T184909595083
 1     160     2.3978      0.0       0.0     0.0017      0.0    0.0    1438.650   24.2   0b1111111111111111    20181018T184909595472
 2     160     2.4037      0.0       0.0     0.0005      0.4    0.8    4807.500   24.2   0b1111111111111111    20181018T184909595798
 3     160     2.4022      0.0       0.0    -0.0010      0.3    0.8    -666.000   24.2   0b1111111111111111    20181018T184909596091
 4     160     2.4052      0.2       0.8     0.0020      0.4    0.8    1202.587   24.2   0b1111111111111111    20181018T184909596378
 5     160     2.4027      0.4       0.8     0.0049      0.3    0.8     488.685   24.2   0b1111111111111111    20181018T184909596661
 6     160     2.4007      0.0       0.0     0.0025      0.0    0.0     960.300   24.2   0b1111111111111111    20181018T184909596970
 7     160     2.4135      0.0       0.0     0.0013      0.4    0.8    1810.125   24.2   0b1111111111111111    20181018T184909597252
 8     160     2.4193      0.3       0.8     0.0033      0.0    0.0     725.782   24.2   0b1111111111111111    20181018T184909597532
 9     160     2.4127      0.0       0.0     0.0017      0.0    0.0    1447.650   24.2   0b1111111111111111    20181018T184909597832
10     160     2.4120      0.0       0.0     0.0018      0.2    0.8    1378.286   24.2   0b1111111111111111    20181018T184909598126
11     160     2.4255      0.0       0.0     0.0030      0.4    0.8     808.500   24.2   0b1111111111111111    20181018T184909598439
12     160     2.4383      0.2       0.8     0.0022      0.4    0.8    1125.381   24.2   0b1111111111111111    20181018T184909598721
13     160     2.4263      0.0       0.0     0.0021      0.4    0.8    1164.600   24.2   0b1111111111111111    20181018T184909599024
14     160     2.4270      0.0       0.0     0.0019      0.4    0.8    1266.261   24.2   0b1111111111111111    20181018T184909599303
15     160     2.4264      0.3       0.7     0.0008      0.0    0.0    2911.680   24.2   0b1111111111111111    20181018T184909599580
 0     150     2.3583      0.4       0.7    -0.0008      0.0    0.0    -666.000   24.2   0b1111111111111111    20181018T184913033318
 1     150     2.3532      0.4       0.8     0.0015      0.3    0.8    1568.800   24.2   0b1111111111111111    20181018T184913033712
 2     150     2.3588      0.0       0.0     0.0001      0.2    0.8   28305.000   24.2   0b1111111111111111    20181018T184913034037
 3     150     2.3550      0.0       0.0    -0.0012      0.4    0.8    -666.000   24.2   0b1111111111111111    20181018T184913034326
 4     150     2.3595      0.0       0.0     0.0020      0.4    0.8    1179.750   24.2   0b1111111111111111    20181018T184913034611
 5     150     2.3573      0.0       0.0     0.0050      0.0    0.0     471.450   24.2   0b1111111111111111    20181018T184913034916
 6     150     2.3550      0.0       0.0     0.0024      0.2    0.8     974.483   24.2   0b1111111111111111    20181018T184913035200
 7     150     2.3678      0.0       0.0     0.0013      0.4    0.8    1894.200   24.2   0b1111111111111111    20181018T184913035479
 8     150     2.3715      0.0       0.0     0.0033      0.0    0.0     711.450   24.2   0b1111111111111111    20181018T184913035780
 9     150     2.3663      0.0       0.0     0.0017      0.0    0.0    1419.750   24.2   0b1111111111111111    20181018T184913036101
10     150     2.3655      0.0       0.0     0.0017      0.0    0.0    1419.300   24.2   0b1111111111111111    20181018T184913036393
11     150     2.3783      0.2       0.8     0.0028      0.4    0.8     839.409   24.2   0b1111111111111111    20181018T184913036674
12     150     2.3909      0.2       0.8     0.0018      0.2    0.8    1366.243   24.2   0b1111111111111111    20181018T184913036983
13     150     2.3795      0.4       0.7     0.0020      0.4    0.8    1189.725   24.2   0b1111111111111111    20181018T184913037264
14     150     2.3798      0.0       0.0     0.0018      0.3    0.8    1298.045   24.2   0b1111111111111111    20181018T184913037543
15     150     2.3804      0.3       0.8     0.0008      0.0    0.0    2856.420   24.2   0b1111111111111111    20181018T184913037843
 0     140     2.3107      0.0       0.0    -0.0009      0.3    0.8    -666.000   24.2   0b1111111111111111    20181018T184916471273
 1     140     2.3055      0.0       0.0     0.0014      0.4    0.8    1627.412   24.2   0b1111111111111111    20181018T184916471662
 2     140     2.3107      0.0       0.0     0.0000      0.0    0.0    -666.000   24.2   0b1111111111111111    20181018T184916471997
 3     140     2.3077      0.0       0.0    -0.0014      0.4    0.8    -666.000   24.2   0b1111111111111111    20181018T184916472287
 4     140     2.3122      0.0       0.0     0.0018      0.3    0.8    1261.227   24.2   0b1111111111111111    20181018T184916472573
 5     140     2.3100      0.0       0.0     0.0048      0.3    0.8     477.931   24.2   0b1111111111111111    20181018T184916472878
 6     140     2.3077      0.0       0.0     0.0024      0.2    0.8     954.931   24.2   0b1111111111111111    20181018T184916473162
 7     140     2.3197      0.0       0.0     0.0010      0.3    0.8    2319.750   24.2   0b1111111111111111    20181018T184916473442
 8     140     2.3228      0.2       0.8     0.0033      0.2    0.8     714.715   24.2   0b1111111111111111    20181018T184916473736
 9     140     2.3175      0.0       0.0     0.0017      0.0    0.0    1390.500   24.2   0b1111111111111111    20181018T184916474077
10     140     2.3167      0.0       0.0     0.0017      0.0    0.0    1390.050   24.2   0b1111111111111111    20181018T184916474360
11     140     2.3296      0.2       0.8     0.0028      0.4    0.8     847.118   24.2   0b1111111111111111    20181018T184916474639
12     140     2.3415      0.0       0.0     0.0017      0.0    0.0    1404.900   24.2   0b1111111111111111    20181018T184916474939
13     140     2.3305      0.4       0.8     0.0019      0.4    0.8    1215.939   24.2   0b1111111111111111    20181018T184916475220
14     140     2.3310      0.0       0.0     0.0017      0.0    0.0    1398.600   24.2   0b1111111111111111    20181018T184916475499
15     140     2.3313      0.4       0.7     0.0008      0.0    0.0    2797.560   24.2   0b1111111111111111    20181018T184916475797
 0     130     2.2635      0.0       0.0    -0.0008      0.0    0.0    -666.000   24.1   0b1111111111111111    20181018T184919904992
 1     130     2.2582      0.0       0.0     0.0011      0.4    0.8    2084.538   24.1   0b1111111111111111    20181018T184919905402
 2     130     2.2635      0.0       0.0     0.0000      0.0    0.0    -666.000   24.1   0b1111111111111111    20181018T184919905714
 3     130     2.2605      0.0       0.0    -0.0015      0.3    0.8    -666.000   24.1   0b1111111111111111    20181018T184919906035
 4     130     2.2650      0.0       0.0     0.0017      0.0    0.0    1359.000   24.1   0b1111111111111111    20181018T184919906325
 5     130     2.2628      0.0       0.0     0.0047      0.4    0.8     484.875   24.1   0b1111111111111111    20181018T184919906612
 6     130     2.2605      0.0       0.0     0.0022      0.4    0.8    1043.308   24.1   0b1111111111111111    20181018T184919906925
 7     130     2.2725      0.0       0.0     0.0009      0.3    0.8    2479.091   24.1   0b1111111111111111    20181018T184919907208
 8     130     2.2748      0.0       0.0     0.0030      0.4    0.8     758.250   24.1   0b1111111111111111    20181018T184919907489
 9     130     2.2692      0.4       0.8     0.0017      0.0    0.0    1361.520   24.1   0b1111111111111111    20181018T184919907811
10     130     2.2681      0.2       0.8     0.0017      0.0    0.0    1360.845   24.1   0b1111111111111111    20181018T184919908112
11     130     2.2808      0.0       0.0     0.0025      0.0    0.0     912.300   24.1   0b1111111111111111    20181018T184919908393
12     130     2.2928      0.0       0.0     0.0017      0.0    0.0    1375.650   24.1   0b1111111111111111    20181018T184919908672
13     130     2.2820      0.3       0.7     0.0017      0.0    0.0    1369.215   24.1   0b1111111111111111    20181018T184919908975
14     130     2.2823      0.0       0.0     0.0019      0.4    0.8    1190.739   24.1   0b1111111111111111    20181018T184919909254
15     130     2.2829      0.3       0.8     0.0008      0.0    0.0    2739.420   24.1   0b1111111111111111    20181018T184919909532
 0     120     2.2162      0.0       0.0    -0.0009      0.3    0.8    -666.000   24.1   0b1111111111111111    20181018T184923342150
 1     120     2.2110      0.0       0.0     0.0009      0.3    0.8    2412.000   24.1   0b1111111111111111    20181018T184923343155
 2     120     2.2170      0.0       0.0     0.0000      0.0    0.0    -666.000   24.1   0b1111111111111111    20181018T184923343464
 3     120     2.2132      0.0       0.0    -0.0016      0.3    0.8    -666.000   24.1   0b1111111111111111    20181018T184923343778
 4     120     2.2173      0.4       0.8     0.0017      0.0    0.0    1330.380   24.1   0b1111111111111111    20181018T184923344073
 5     120     2.2162      0.0       0.0     0.0048      0.4    0.8     466.579   24.1   0b1111111111111111    20181018T184923344363
 6     120     2.2139      0.2       0.8     0.0023      0.3    0.8     948.825   24.1   0b1111111111111111    20181018T184923344685
 7     120     2.2258      0.3       0.8     0.0009      0.3    0.8    2428.200   24.1   0b1111111111111111    20181018T184923345013
 8     120     2.2252      0.0       0.0     0.0030      0.4    0.8     741.750   24.1   0b1111111111111111    20181018T184923345299
 9     120     2.2215      0.0       0.0     0.0014      0.4    0.8    1568.118   24.1   0b1111111111111111    20181018T184923345580
10     120     2.2200      0.0       0.0     0.0017      0.0    0.0    1332.000   24.1   0b1111111111111111    20181018T184923345882
11     120     2.2327      0.0       0.0     0.0025      0.0    0.0     893.100   24.1   0b1111111111111111    20181018T184923346164
12     120     2.2433      0.0       0.0     0.0017      0.0    0.0    1345.950   24.1   0b1111111111111111    20181018T184923346445
13     120     2.2339      0.4       0.8     0.0017      0.0    0.0    1340.370   24.1   0b1111111111111111    20181018T184923346724
14     120     2.2342      0.0       0.0     0.0017      0.0    0.0    1340.550   24.1   0b1111111111111111    20181018T184923346984
15     120     2.2342      0.0       0.0     0.0008      0.0    0.0    2681.100   24.1   0b1111111111111111    20181018T184923347141
 0     110     2.1701      0.4       0.8    -0.0011      0.4    0.8    -666.000   24.1   0b1111111111111111    20181018T184926777078
 1     110     2.1652      0.0       0.0     0.0012      0.4    0.8    1855.929   24.1   0b1111111111111111    20181018T184926777470
 2     110     2.1709      0.4       0.7     0.0000      0.0    0.0    -666.000   24.1   0b1111111111111111    20181018T184926777777
 3     110     2.1675      0.0       0.0    -0.0017      0.0    0.0    -666.000   24.1   0b1111111111111111    20181018T184926778083
 4     110     2.1713      0.0       0.0     0.0017      0.0    0.0    1302.750   24.1   0b1111111111111111    20181018T184926778372
 5     110     2.1706      0.2       0.7     0.0045      0.4    0.8     482.350   24.1   0b1111111111111111    20181018T184926778654
 6     110     2.1683      0.0       0.0     0.0019      0.4    0.8    1131.261   24.1   0b1111111111111111    20181018T184926778965
 7     110     2.1795      0.0       0.0     0.0008      0.0    0.0    2615.400   24.1   0b1111111111111111    20181018T184926779262
 8     110     2.1791      0.4       0.8     0.0028      0.4    0.8     792.409   24.1   0b1111111111111111    20181018T184926779602
 9     110     2.1750      0.0       0.0     0.0014      0.4    0.8    1535.294   24.1   0b1111111111111111    20181018T184926779902
10     110     2.1735      0.0       0.0     0.0017      0.0    0.0    1304.100   24.1   0b1111111111111111    20181018T184926780191
11     110     2.1863      0.0       0.0     0.0025      0.0    0.0     874.500   24.1   0b1111111111111111    20181018T184926780472
12     110     2.1965      0.4       0.8     0.0017      0.0    0.0    1317.870   24.1   0b1111111111111111    20181018T184926780770
13     110     2.1877      0.2       0.8     0.0017      0.0    0.0    1312.605   24.1   0b1111111111111111    20181018T184926781064
14     110     2.1878      0.2       0.7     0.0017      0.0    0.0    1312.695   24.1   0b1111111111111111    20181018T184926781343
15     110     2.1878      0.0       0.0     0.0007      0.3    0.8    3281.625   24.1   0b1111111111111111    20181018T184926781622
 0     100     2.1214      0.4       0.8    -0.0013      0.4    0.8    -666.000   24.1   0b1111111111111111    20181018T184930216187
 1     100     2.1164      0.2       0.8     0.0009      0.3    0.8    2308.827   24.1   0b1111111111111111    20181018T184930216596
 2     100     2.1225      0.0       0.0     0.0000      0.0    0.0    -666.000   24.1   0b1111111111111111    20181018T184930216938
 3     100     2.1187      0.0       0.0    -0.0016      0.3    0.8    -666.000   24.1   0b1111111111111111    20181018T184930217232
 4     100     2.1232      0.0       0.0     0.0016      0.3    0.8    1341.000   24.1   0b1111111111111111    20181018T184930217519
 5     100     2.1219      0.3       0.8     0.0042      0.3    0.8     499.271   24.1   0b1111111111111111    20181018T184930217826
 6     100     2.1195      0.0       0.0     0.0018      0.2    0.8    1211.143   24.1   0b1111111111111111    20181018T184930218124
 7     100     2.1315      0.0       0.0     0.0008      0.0    0.0    2557.800   24.1   0b1111111111111111    20181018T184930218406
 8     100     2.1307      0.0       0.0     0.0026      0.2    0.8     824.806   24.1   0b1111111111111111    20181018T184930218686
 9     100     2.1270      0.0       0.0     0.0010      0.3    0.8    2127.000   24.1   0b1111111111111111    20181018T184930218987
10     100     2.1255      0.0       0.0     0.0016      0.3    0.8    1342.421   24.1   0b1111111111111111    20181018T184930219305
11     100     2.1375      0.0       0.0     0.0025      0.0    0.0     855.000   24.1   0b1111111111111111    20181018T184930219599
12     100     2.1475      0.3       0.8     0.0017      0.0    0.0    1288.485   24.1   0b1111111111111111    20181018T184930219903
13     100     2.1390      0.0       0.0     0.0017      0.0    0.0    1283.400   24.1   0b1111111111111111    20181018T184930220184
14     100     2.1390      0.0       0.0     0.0016      0.3    0.8    1350.947   24.1   0b1111111111111111    20181018T184930220462
15     100     2.1390      0.0       0.0     0.0006      0.4    0.8    3666.857   24.1   0b1111111111111111    20181018T184930220739
 0      90     2.0722      0.0       0.0    -0.0011      0.4    0.8    -666.000   24.1   0b1111111111111111    20181018T184954482662
 1      90     2.0677      0.2       0.8     0.0008      0.0    0.0    2481.210   24.1   0b1111111111111111    20181018T184954483122
 2      90     2.0737      0.0       0.0    -0.0001      0.2    0.8    -666.000   24.1   0b1111111111111111    20181018T184954483425
 3      90     2.0700      0.0       0.0    -0.0017      0.0    0.0    -666.000   24.1   0b1111111111111111    20181018T184954483716
 4      90     2.0744      0.2       0.8     0.0015      0.3    0.8    1382.950   24.1   0b1111111111111111    20181018T184954484064
 5      90     2.0730      0.0       0.0     0.0042      0.0    0.0     497.520   24.1   0b1111111111111111    20181018T184954484353
 6      90     2.0703      0.4       0.7     0.0017      0.0    0.0    1242.180   24.1   0b1111111111111111    20181018T184954484636
 7      90     2.0820      0.0       0.0     0.0008      0.0    0.0    2498.400   24.1   0b1111111111111111    20181018T184954484967
 8      90     2.0828      0.2       0.8     0.0026      0.2    0.8     806.255   24.1   0b1111111111111111    20181018T184954485299
 9      90     2.0790      0.0       0.0     0.0012      0.4    0.8    1782.000   24.1   0b1111111111111111    20181018T184954485598
10      90     2.0768      0.0       0.0     0.0015      0.3    0.8    1384.500   24.1   0b1111111111111111    20181018T184954485941
11      90     2.0892      0.4       0.8     0.0024      0.2    0.8     864.497   24.1   0b1111111111111111    20181018T184954486231
12      90     2.0993      0.0       0.0     0.0016      0.3    0.8    1325.842   24.1   0b1111111111111111    20181018T184954486513
13      90     2.0899      0.4       0.8     0.0017      0.0    0.0    1253.925   24.1   0b1111111111111111    20181018T184954486857
14      90     2.0903      0.0       0.0     0.0016      0.3    0.8    1320.158   24.1   0b1111111111111111    20181018T184954487145
15      90     2.0903      0.0       0.0     0.0004      0.4    0.8    5016.600   24.1   0b1111111111111111    20181018T184954487425
 0      80     2.0220      0.0       0.0    -0.0012      0.4    0.8    -666.000   24.1   0b1111111111111111    20181018T184957918943
 1      80     2.0167      0.2       0.8     0.0008      0.0    0.0    2420.010   24.1   0b1111111111111111    20181018T184957919349
 2      80     2.0227      0.0       0.0    -0.0001      0.2    0.8    -666.000   24.1   0b1111111111111111    20181018T184957919647
 3      80     2.0191      0.2       0.7    -0.0017      0.0    0.0    -666.000   24.1   0b1111111111111111    20181018T184957919986
 4      80     2.0242      0.0       0.0     0.0015      0.3    0.8    1349.500   24.1   0b1111111111111111    20181018T184957920279
 5      80     2.0220      0.0       0.0     0.0042      0.3    0.8     475.765   24.1   0b1111111111111111    20181018T184957920621
 6      80     2.0196      0.3       0.7     0.0017      0.0    0.0    1211.760   24.1   0b1111111111111111    20181018T184957920971
 7      80     2.0313      0.4       0.7     0.0008      0.0    0.0    2437.560   24.1   0b1111111111111111    20181018T184957921303
 8      80     2.0332      0.0       0.0     0.0025      0.0    0.0     813.300   24.1   0b1111111111111111    20181018T184957921588
 9      80     2.0293      0.3       0.8     0.0009      0.3    0.8    2213.836   24.1   0b1111111111111111    20181018T184957921931
10      80     2.0272      0.0       0.0     0.0012      0.4    0.8    1737.643   24.1   0b1111111111111111    20181018T184957922223
11      80     2.0392      0.0       0.0     0.0024      0.2    0.8     843.828   24.1   0b1111111111111111    20181018T184957922505
12      80     2.0490      0.0       0.0     0.0017      0.0    0.0    1229.400   24.1   0b1111111111111111    20181018T184957922840
13      80     2.0400      0.0       0.0     0.0014      0.4    0.8    1440.000   24.1   0b1111111111111111    20181018T184957923125
14      80     2.0407      0.0       0.0     0.0013      0.4    0.8    1632.600   24.1   0b1111111111111111    20181018T184957923405
15      80     2.0404      0.4       0.8     0.0002      0.3    0.8   12242.250   24.1   0b1111111111111111    20181018T184957923683
 0      70     1.9710      0.0       0.0    -0.0013      0.4    0.8    -666.000   24.0   0b1111111111111111    20181018T185001351452
 1      70     1.9665      0.0       0.0     0.0008      0.0    0.0    2359.800   24.0   0b1111111111111111    20181018T185001353315
 2      70     1.9725      0.0       0.0    -0.0002      0.4    0.8    -666.000   24.0   0b1111111111111111    20181018T185001353625
 3      70     1.9688      0.2       0.8    -0.0017      0.0    0.0    -666.000   24.0   0b1111111111111111    20181018T185001354017
 4      70     1.9733      0.0       0.0     0.0010      0.3    0.8    1973.250   24.0   0b1111111111111111    20181018T185001354316
 5      70     1.9718      0.2       0.8     0.0041      0.2    0.8     482.896   24.0   0b1111111111111111    20181018T185001354600
 6      70     1.9695      0.0       0.0     0.0017      0.0    0.0    1181.700   24.0   0b1111111111111111    20181018T185001354941
 7      70     1.9808      0.0       0.0     0.0007      0.2    0.8    2641.000   24.0   0b1111111111111111    20181018T185001355232
 8      70     1.9838      0.0       0.0     0.0025      0.0    0.0     793.500   24.0   0b1111111111111111    20181018T185001355513
 9      70     1.9790      0.3       0.8     0.0008      0.0    0.0    2374.830   24.0   0b1111111111111111    20181018T185001355849
10      70     1.9770      0.0       0.0     0.0012      0.4    0.8    1694.571   24.0   0b1111111111111111    20181018T185001356134
11      70     1.9897      0.2       0.8     0.0024      0.2    0.8     823.314   24.0   0b1111111111111111    20181018T185001356416
12      70     1.9990      0.4       0.8     0.0015      0.3    0.8    1332.700   24.0   0b1111111111111111    20181018T185001356853
13      70     1.9902      0.4       0.8     0.0016      0.3    0.8    1256.968   24.0   0b1111111111111111    20181018T185001357144
14      70     1.9905      0.0       0.0     0.0015      0.3    0.8    1327.000   24.0   0b1111111111111111    20181018T185001357423
15      70     1.9905      0.0       0.0     0.0002      0.3    0.8   11943.000   24.0   0b1111111111111111    20181018T185001357700
 0      60     1.9207      0.0       0.0    -0.0016      0.3    0.8    -666.000   24.0   0b1111111111111111    20181018T185004789266
 1      60     1.9163      0.0       0.0     0.0007      0.3    0.8    2874.375   24.0   0b1111111111111111    20181018T185004789669
 2      60     1.9230      0.0       0.0    -0.0002      0.4    0.8    -666.000   24.0   0b1111111111111111    20181018T185004790063
 3      60     1.9175      0.3       0.8    -0.0017      0.0    0.0    -666.000   24.0   0b1111111111111111    20181018T185004790372
 4      60     1.9237      0.0       0.0     0.0010      0.3    0.8    1923.750   24.0   0b1111111111111111    20181018T185004790684
 5      60     1.9209      0.3       0.8     0.0042      0.0    0.0     461.016   24.0   0b1111111111111111    20181018T185004791022
 6      60     1.9199      0.2       0.8     0.0017      0.0    0.0    1151.955   24.0   0b1111111111111111    20181018T185004791313
 7      60     1.9297      0.0       0.0     0.0007      0.2    0.8    2573.000   24.0   0b1111111111111111    20181018T185004791597
 8      60     1.9319      0.2       0.8     0.0025      0.0    0.0     772.770   24.0   0b1111111111111111    20181018T185004791973
 9      60     1.9288      0.3       0.8     0.0008      0.0    0.0    2314.620   24.0   0b1111111111111111    20181018T185004792266
10      60     1.9246      0.3       0.8     0.0010      0.3    0.8    1924.650   24.0   0b1111111111111111    20181018T185004792550
11      60     1.9380      0.0       0.0     0.0021      0.4    0.8     930.240   24.0   0b1111111111111111    20181018T185004792902
12      60     1.9477      0.0       0.0     0.0012      0.4    0.8    1669.500   24.0   0b1111111111111111    20181018T185004793193
13      60     1.9389      0.3       0.7     0.0016      0.3    0.8    1224.568   24.0   0b1111111111111111    20181018T185004793475
14      60     1.9388      0.0       0.0     0.0012      0.4    0.8    1661.786   24.0   0b1111111111111111    20181018T185004793781
15      60     1.9373      0.0       0.0     0.0001      0.2    0.8   23247.000   24.0   0b1111111111111111    20181018T185004794084
 0      50     1.8700      0.3       0.8    -0.0017      0.0    0.0    -666.000   24.0   0b1111111111111111    20181018T185008250569
 1      50     1.8656      0.4       0.8     0.0005      0.4    0.8    3731.100   24.0   0b1111111111111111    20181018T185008250972
 2      50     1.8727      0.0       0.0    -0.0004      0.4    0.8    -666.000   24.0   0b1111111111111111    20181018T185008251362
 3      50     1.8668      0.0       0.0    -0.0017      0.0    0.0    -666.000   24.0   0b1111111111111111    20181018T185008251659
 4      50     1.8735      0.0       0.0     0.0008      0.0    0.0    2248.200   24.0   0b1111111111111111    20181018T185008251948
 5      50     1.8712      0.2       0.7     0.0039      0.4    0.8     477.747   24.0   0b1111111111111111    20181018T185008252281
 6      50     1.8697      0.2       0.7     0.0017      0.0    0.0    1121.805   24.0   0b1111111111111111    20181018T185008252569
 7      50     1.8795      0.0       0.0     0.0008      0.0    0.0    2255.400   24.0   0b1111111111111111    20181018T185008252852
 8      50     1.8802      0.2       0.8     0.0025      0.0    0.0     752.070   24.0   0b1111111111111111    20181018T185008253184
 9      50     1.8773      0.0       0.0     0.0008      0.0    0.0    2252.700   24.0   0b1111111111111111    20181018T185008253471
10      50     1.8735      0.0       0.0     0.0009      0.3    0.8    2043.818   24.0   0b1111111111111111    20181018T185008253807
11      50     1.8862      0.0       0.0     0.0023      0.4    0.8     838.333   24.0   0b1111111111111111    20181018T185008254157
12      50     1.8960      0.0       0.0     0.0010      0.3    0.8    1896.000   24.0   0b1111111111111111    20181018T185008254447
13      50     1.8870      0.0       0.0     0.0012      0.4    0.8    1617.429   24.0   0b1111111111111111    20181018T185008254729
14      50     1.8870      0.0       0.0     0.0008      0.0    0.0    2264.400   24.0   0b1111111111111111    20181018T185008255039
15      50     1.8855      0.0       0.0     0.0000      0.0    0.0    -666.000   24.0   0b1111111111111111    20181018T185008255338
 0      40     1.8195      0.0       0.0    -0.0017      0.0    0.0    -666.000   24.0   0b1111111111111111    20181018T185011684158
 1      40     1.8150      0.0       0.0     0.0006      0.4    0.8    3111.429   24.0   0b1111111111111111    20181018T185011684558
 2      40     1.8218      0.0       0.0    -0.0007      0.2    0.8    -666.000   24.0   0b1111111111111111    20181018T185011684962
 3      40     1.8165      0.0       0.0    -0.0017      0.0    0.0    -666.000   24.0   0b1111111111111111    20181018T185011685268
 4      40     1.8233      0.0       0.0     0.0008      0.0    0.0    2187.900   24.0   0b1111111111111111    20181018T185011685561
 5      40     1.8203      0.0       0.0     0.0039      0.4    0.8     464.745   24.0   0b1111111111111111    20181018T185011685906
 6      40     1.8188      0.2       0.8     0.0016      0.3    0.8    1148.732   24.0   0b1111111111111111    20181018T185011686197
 7      40     1.8285      0.0       0.0     0.0007      0.2    0.8    2438.000   24.0   0b1111111111111111    20181018T185011686529
 8      40     1.8278      0.0       0.0     0.0024      0.2    0.8     756.310   24.0   0b1111111111111111    20181018T185011686898
 9      40     1.8254      0.2       0.7     0.0008      0.0    0.0    2190.510   24.0   0b1111111111111111    20181018T185011687191
10      40     1.8213      0.4       0.8     0.0008      0.0    0.0    2185.560   24.0   0b1111111111111111    20181018T185011687473
11      40     1.8340      0.4       0.8     0.0019      0.4    0.8     956.896   24.0   0b1111111111111111    20181018T185011687783
12      40     1.8435      0.0       0.0     0.0010      0.3    0.8    1843.500   24.0   0b1111111111111111    20181018T185011688089
13      40     1.8352      0.2       0.8     0.0010      0.3    0.8    1835.175   24.0   0b1111111111111111    20181018T185011688369
14      40     1.8345      0.0       0.0     0.0008      0.0    0.0    2201.400   24.0   0b1111111111111111    20181018T185011688648
15      40     1.8335      0.3       0.7     0.0000      0.0    0.0    -666.000   24.0   0b1111111111111111    20181018T185011688972
 0      30     1.7700      0.0       0.0    -0.0017      0.0    0.0    -666.000   24.0   0b1111111111111111    20181018T185015154527
 1      30     1.7671      0.3       0.8     0.0003      0.4    0.8    5301.450   24.0   0b1111111111111111    20181018T185015154955
 2      30     1.7730      0.0       0.0    -0.0007      0.3    0.8    -666.000   24.0   0b1111111111111111    20181018T185015155257
 3      30     1.7677      0.0       0.0    -0.0018      0.3    0.8    -666.000   24.0   0b1111111111111111    20181018T185015155545
 4      30     1.7730      0.0       0.0     0.0008      0.0    0.0    2127.600   24.0   0b1111111111111111    20181018T185015155830
 5      30     1.7715      0.0       0.0     0.0036      0.4    0.8     494.372   24.0   0b1111111111111111    20181018T185015156135
 6      30     1.7708      0.0       0.0     0.0015      0.3    0.8    1180.500   24.0   0b1111111111111111    20181018T185015156417
 7      30     1.7796      0.3       0.8     0.0004      0.4    0.8    4271.040   24.0   0b1111111111111111    20181018T185015156697
 8      30     1.7768      0.0       0.0     0.0019      0.4    0.8     927.000   24.0   0b1111111111111111    20181018T185015157008
 9      30     1.7753      0.0       0.0     0.0008      0.0    0.0    2130.300   24.0   0b1111111111111111    20181018T185015157161
10      30     1.7716      0.2       0.8     0.0008      0.0    0.0    2125.890   24.0   0b1111111111111111    20181018T185015157296
11      30     1.7822      0.3       0.8     0.0018      0.3    0.8     972.082   24.0   0b1111111111111111    20181018T185015157431
12      30     1.7917      0.0       0.0     0.0008      0.0    0.0    2150.100   24.0   0b1111111111111111    20181018T185015157566
13      30     1.7840      0.4       0.8     0.0008      0.0    0.0    2140.740   24.0   0b1111111111111111    20181018T185015157700
14      30     1.7836      0.2       0.8     0.0008      0.0    0.0    2140.290   24.0   0b1111111111111111    20181018T185015157835
15      30     1.7833      0.3       0.8     0.0000      0.0    0.0    -666.000   24.0   0b1111111111111111    20181018T185015157982
 0      20     1.7205      0.0       0.0    -0.0017      0.2    0.8    -666.000   24.0   0b1111111111111111    20181018T185018610173
 1      20     1.7175      0.0       0.0     0.0001      0.2    0.8   20610.000   24.0   0b1111111111111111    20181018T185018610576
 2      20     1.7235      0.0       0.0    -0.0008      0.0    0.0    -666.000   24.0   0b1111111111111111    20181018T185018610902
 3      20     1.7175      0.0       0.0    -0.0019      0.4    0.8    -666.000   24.0   0b1111111111111111    20181018T185018611194
 4      20     1.7243      0.0       0.0     0.0008      0.0    0.0    2069.100   24.0   0b1111111111111111    20181018T185018611481
 5      20     1.7222      0.3       0.8     0.0034      0.2    0.8     504.066   24.0   0b1111111111111111    20181018T185018611787
 6      20     1.7212      0.0       0.0     0.0017      0.0    0.0    1032.750   24.0   0b1111111111111111    20181018T185018612073
 7      20     1.7295      0.0       0.0     0.0002      0.3    0.8   10377.000   24.0   0b1111111111111111    20181018T185018612354
 8      20     1.7258      0.0       0.0     0.0019      0.4    0.8     900.391   24.0   0b1111111111111111    20181018T185018612634
 9      20     1.7243      0.0       0.0     0.0006      0.4    0.8    2955.857   24.0   0b1111111111111111    20181018T185018612933
10      20     1.7212      0.0       0.0     0.0008      0.0    0.0    2065.500   24.0   0b1111111111111111    20181018T185018613240
11      20     1.7310      0.0       0.0     0.0017      0.0    0.0    1038.600   24.0   0b1111111111111111    20181018T185018613540
12      20     1.7401      0.2       0.8     0.0008      0.0    0.0    2088.090   24.0   0b1111111111111111    20181018T185018613847
13      20     1.7325      0.0       0.0     0.0008      0.0    0.0    2079.000   24.0   0b1111111111111111    20181018T185018614128
14      20     1.7325      0.0       0.0     0.0008      0.0    0.0    2079.000   24.0   0b1111111111111111    20181018T185018614406
15      20     1.7323      0.3       0.8     0.0000      0.0    0.0    -666.000   24.0   0b1111111111111111    20181018T185018614681
 0      10     1.6710      0.0       0.0    -0.0017      0.0    0.0    -666.000   24.0   0b1111111111111111    20181018T185022048634
 1      10     1.6680      0.0       0.0     0.0000      0.0    0.0    -666.000   24.0   0b1111111111111111    20181018T185022049063
 2      10     1.6738      0.3       0.8    -0.0008      0.0    0.0    -666.000   24.0   0b1111111111111111    20181018T185022049362
 3      10     1.6683      0.4       0.8    -0.0019      0.4    0.8    -666.000   24.0   0b1111111111111111    20181018T185022049652
 4      10     1.6747      0.0       0.0     0.0007      0.2    0.8    2233.000   24.0   0b1111111111111111    20181018T185022049938
 5      10     1.6732      0.0       0.0     0.0035      0.3    0.8     478.071   24.0   0b1111111111111111    20181018T185022050242
 6      10     1.6720      0.4       0.8     0.0014      0.4    0.8    1180.271   24.0   0b1111111111111111    20181018T185022050524
 7      10     1.6800      0.0       0.0     0.0002      0.3    0.8   10080.000   24.0   0b1111111111111111    20181018T185022050803
 8      10     1.6751      0.4       0.7     0.0018      0.2    0.8     957.214   24.0   0b1111111111111111    20181018T185022051144
 9      10     1.6740      0.0       0.0     0.0003      0.4    0.8    5022.000   24.0   0b1111111111111111    20181018T185022051432
10      10     1.6702      0.0       0.0     0.0008      0.0    0.0    2004.300   24.0   0b1111111111111111    20181018T185022051711
11      10     1.6800      0.0       0.0     0.0018      0.2    0.8     960.000   24.0   0b1111111111111111    20181018T185022051988
12      10     1.6890      0.0       0.0     0.0008      0.0    0.0    2026.800   24.0   0b1111111111111111    20181018T185022052292
13      10     1.6816      0.2       0.7     0.0009      0.3    0.8    1834.445   24.0   0b1111111111111111    20181018T185022052570
14      10     1.6819      0.4       0.7     0.0008      0.0    0.0    2018.340   24.0   0b1111111111111111    20181018T185022052847
15      10     1.6814      0.3       0.8    -0.0001      0.2    0.8    -666.000   24.0   0b1111111111111111    20181018T185022053141
 0       0     1.6215      0.0       0.0    -0.0018      0.3    0.8    -666.000   24.0   0b1111111111111111    20181018T185025485936
 1       0     1.6185      0.0       0.0     0.0000      0.0    0.0    -666.000   24.0   0b1111111111111111    20181018T185025486327
 2       0     1.6237      0.0       0.0    -0.0008      0.0    0.0    -666.000   24.0   0b1111111111111111    20181018T185025486622
 3       0     1.6192      0.0       0.0    -0.0019      0.4    0.8    -666.000   24.0   0b1111111111111111    20181018T185025486924
 4       0     1.6253      0.2       0.7     0.0008      0.0    0.0    1950.390   24.0   0b1111111111111111    20181018T185025487065
 5       0     1.6230      0.0       0.0     0.0033      0.0    0.0     486.900   24.0   0b1111111111111111    20181018T185025487205
 6       0     1.6222      0.0       0.0     0.0013      0.4    0.8    1216.687   24.0   0b1111111111111111    20181018T185025487342
 7       0     1.6306      0.2       0.8     0.0000      0.0    0.0    -666.000   24.0   0b1111111111111111    20181018T185025487477
 8       0     1.6245      0.0       0.0     0.0017      0.0    0.0     974.700   24.0   0b1111111111111111    20181018T185025487613
 9       0     1.6230      0.0       0.0     0.0003      0.4    0.8    4869.000   24.0   0b1111111111111111    20181018T185025487758
10       0     1.6192      0.0       0.0     0.0008      0.0    0.0    1943.100   24.0   0b1111111111111111    20181018T185025487895
11       0     1.6290      0.0       0.0     0.0016      0.3    0.8    1028.842   24.0   0b1111111111111111    20181018T185025488031
12       0     1.6373      0.0       0.0     0.0008      0.0    0.0    1964.700   24.0   0b1111111111111111    20181018T185025488165
13       0     1.6305      0.0       0.0     0.0008      0.0    0.0    1956.600   24.0   0b1111111111111111    20181018T185025488300
14       0     1.6305      0.0       0.0     0.0007      0.2    0.8    2174.000   24.0   0b1111111111111111    20181018T185025488435
15       0     1.6303      0.3       0.8    -0.0001      0.2    0.8    -666.000   24.0   0b1111111111111111    20181018T185025488569
