CH# Vset[DAC]   V[V]    dVRMS[mV] dVpp[mV]    I[A]  dIRMS[mA] dIpp[mA]   R[ohm]   T[C]   State                Timestamp
 0     250     2.8680      0.0       0.0     0.0011      0.5    1.7    2647.385   25.1   0b1111111111111111    20181030T170749011000
 1     250     2.8500      0.0       0.0    -0.0008      0.4    1.7    -666.000   25.1   0b1111111111111111    20181030T170749011405
 2     250     2.8470      0.0       0.0     0.0014      0.4    0.8    2009.647   25.1   0b1111111111111111    20181030T170749011704
 3     250     2.8433      0.0       0.0     0.0027      0.3    0.8    1066.219   25.1   0b1111111111111111    20181030T170749012032
 4     250     2.8493      0.0       0.0     0.0018      0.4    1.7    1628.143   25.1   0b1111111111111111    20181030T170749012319
 5     250     2.8542      0.4       0.8     0.0001      0.2    0.8   34250.400   25.1   0b1111111111111111    20181030T170749012603
 6     250     2.8385      0.4       0.8     0.0008      0.4    1.7    3406.140   25.1   0b1111111111111111    20181030T170749012905
 7     250     2.8681      0.3       0.8     0.0023      0.4    0.8    1274.733   25.1   0b1111111111111111    20181030T170749013186
 8     250     2.8335      0.0       0.0     0.0012      0.4    0.8    2428.714   25.1   0b1111111111111111    20181030T170749013465
 9     250     2.8508      0.0       0.0    -0.0002      0.4    0.8    -666.000   25.1   0b1111111111111111    20181030T170749013805
10     250     2.8358      0.0       0.0     0.0028      0.4    0.8    1031.182   25.1   0b1111111111111111    20181030T170749014091
11     250     2.8433      0.0       0.0     0.0006      0.4    0.8    4874.143   25.1   0b1111111111111111    20181030T170749014370
12     250     2.8237      0.0       0.0     0.0015      0.3    0.8    1882.500   25.1   0b1111111111111111    20181030T170749014647
13     250     2.8193      0.0       0.0     0.0032      0.3    0.8     890.289   25.1   0b1111111111111111    20181030T170749014946
14     250     2.8265      0.4       0.8     0.0037      0.4    0.8     753.720   25.1   0b1111111111111111    20181030T170749015225
15     250     2.8178      0.0       0.0     0.0008      0.0    0.0    3381.300   25.1   0b1111111111111111    20181030T170749015502
 0     240     2.8185      0.0       0.0     0.0013      0.4    0.8    2113.875   25.0   0b1111111111111111    20181030T170752450985
 1     240     2.8013      0.0       0.0    -0.0009      0.3    0.8    -666.000   25.0   0b1111111111111111    20181030T170752451387
 2     240     2.7982      0.0       0.0     0.0013      0.4    0.8    2238.600   25.0   0b1111111111111111    20181030T170752451684
 3     240     2.7946      0.3       0.8     0.0024      0.2    0.8    1156.407   25.0   0b1111111111111111    20181030T170752451971
 4     240     2.8005      0.0       0.0     0.0015      0.5    1.7    1867.000   25.0   0b1111111111111111    20181030T170752452280
 5     240     2.8058      0.0       0.0    -0.0002      0.4    0.8    -666.000   25.0   0b1111111111111111    20181030T170752452562
 6     240     2.7900      0.0       0.0     0.0007      0.2    0.8    3720.000   25.0   0b1111111111111111    20181030T170752452842
 7     240     2.8193      0.0       0.0     0.0023      0.3    0.8    1208.250   25.0   0b1111111111111111    20181030T170752453140
 8     240     2.7855      0.0       0.0     0.0013      0.4    0.8    2089.125   25.0   0b1111111111111111    20181030T170752453453
 9     240     2.8027      0.0       0.0    -0.0002      0.3    0.8    -666.000   25.0   0b1111111111111111    20181030T170752453750
10     240     2.7876      0.3       0.7     0.0026      0.2    0.8    1079.071   25.0   0b1111111111111111    20181030T170752454051
11     240     2.7952      0.0       0.0     0.0005      0.4    0.8    5590.500   25.0   0b1111111111111111    20181030T170752454331
12     240     2.7757      0.0       0.0     0.0012      0.4    0.8    2379.214   25.0   0b1111111111111111    20181030T170752454607
13     240     2.7718      0.3       0.7     0.0031      0.4    0.8     898.954   25.0   0b1111111111111111    20181030T170752454884
14     240     2.7782      0.3       0.8     0.0038      0.4    0.8     724.754   25.0   0b1111111111111111    20181030T170752455193
15     240     2.7703      0.3       0.8     0.0004      0.4    0.8    6648.660   25.0   0b1111111111111111    20181030T170752455472
 0     230     2.7705      0.0       0.0     0.0011      0.4    0.8    2557.385   25.1   0b1111111111111111    20181030T170755883681
 1     230     2.7540      0.0       0.0    -0.0011      0.4    0.8    -666.000   25.1   0b1111111111111111    20181030T170755884116
 2     230     2.7510      0.0       0.0     0.0013      0.4    0.8    2063.250   25.1   0b1111111111111111    20181030T170755884421
 3     230     2.7480      0.0       0.0     0.0027      0.5    1.7    1030.500   25.1   0b1111111111111111    20181030T170755884709
 4     230     2.7533      0.0       0.0     0.0015      0.3    0.8    1835.500   25.1   0b1111111111111111    20181030T170755884993
 5     230     2.7583      0.3       0.8    -0.0002      0.3    0.8    -666.000   25.1   0b1111111111111111    20181030T170755885297
 6     230     2.7428      0.0       0.0     0.0007      0.3    0.8    4114.125   25.1   0b1111111111111111    20181030T170755885579
 7     230     2.7719      0.2       0.7     0.0024      0.2    0.8    1147.003   25.1   0b1111111111111111    20181030T170755885858
 8     230     2.7390      0.0       0.0     0.0013      0.4    0.8    2191.200   25.1   0b1111111111111111    20181030T170755886157
 9     230     2.7551      0.4       0.7    -0.0004      0.4    0.8    -666.000   25.1   0b1111111111111111    20181030T170755886488
10     230     2.7405      0.0       0.0     0.0025      0.0    0.0    1096.200   25.1   0b1111111111111111    20181030T170755886770
11     230     2.7483      0.4       0.7     0.0002      0.3    0.8   16489.800   25.1   0b1111111111111111    20181030T170755887085
12     230     2.7292      0.0       0.0     0.0013      0.4    0.8    2183.400   25.1   0b1111111111111111    20181030T170755887264
13     230     2.7257      0.3       0.8     0.0029      0.4    0.8     934.534   25.1   0b1111111111111111    20181030T170755887397
14     230     2.7323      0.0       0.0     0.0036      0.4    0.8     762.488   25.1   0b1111111111111111    20181030T170755887532
15     230     2.7240      0.0       0.0     0.0008      0.0    0.0    3268.800   25.1   0b1111111111111111    20181030T170755887666
 0     220     2.7218      0.0       0.0     0.0010      0.3    0.8    2721.750   25.1   0b1111111111111111    20181030T170759319222
 1     220     2.7052      0.0       0.0    -0.0010      0.3    0.8    -666.000   25.1   0b1111111111111111    20181030T170759319620
 2     220     2.7022      0.0       0.0     0.0013      0.4    0.8    2161.800   25.1   0b1111111111111111    20181030T170759319954
 3     220     2.6985      0.0       0.0     0.0023      0.4    0.8    1199.333   25.1   0b1111111111111111    20181030T170759320250
 4     220     2.7045      0.0       0.0     0.0013      0.4    0.8    2028.375   25.1   0b1111111111111111    20181030T170759320537
 5     220     2.7098      0.0       0.0    -0.0002      0.3    0.8    -666.000   25.1   0b1111111111111111    20181030T170759320842
 6     220     2.6950      0.3       0.8     0.0008      0.0    0.0    3233.970   25.1   0b1111111111111111    20181030T170759321131
 7     220     2.7233      0.2       0.8     0.0022      0.4    0.8    1256.919   25.1   0b1111111111111111    20181030T170759321411
 8     220     2.6902      0.0       0.0     0.0010      0.3    0.8    2690.250   25.1   0b1111111111111111    20181030T170759321689
 9     220     2.7083      0.0       0.0    -0.0004      0.4    0.8    -666.000   25.1   0b1111111111111111    20181030T170759321987
10     220     2.6932      0.0       0.0     0.0026      0.2    0.8    1042.548   25.1   0b1111111111111111    20181030T170759322308
11     220     2.7007      0.0       0.0     0.0004      0.4    0.8    6481.800   25.1   0b1111111111111111    20181030T170759322589
12     220     2.6820      0.0       0.0     0.0013      0.4    0.8    2011.500   25.1   0b1111111111111111    20181030T170759322889
13     220     2.6782      0.2       0.7     0.0029      0.4    0.8     918.231   25.1   0b1111111111111111    20181030T170759323184
14     220     2.6850      0.0       0.0     0.0034      0.2    0.8     785.854   25.1   0b1111111111111111    20181030T170759323461
15     220     2.6760      0.0       0.0     0.0006      0.4    0.8    4587.429   25.1   0b1111111111111111    20181030T170759323738
 0     210     2.6719      0.4       0.8     0.0008      0.0    0.0    3206.340   25.0   0b1111111111111111    20181030T170802772931
 1     210     2.6565      0.0       0.0    -0.0010      0.3    0.8    -666.000   25.0   0b1111111111111111    20181030T170802773310
 2     210     2.6533      0.3       0.8     0.0009      0.3    0.8    2894.482   25.0   0b1111111111111111    20181030T170802773606
 3     210     2.6498      0.0       0.0     0.0023      0.3    0.8    1135.607   25.0   0b1111111111111111    20181030T170802773966
 4     210     2.6558      0.0       0.0     0.0011      0.4    0.8    2451.462   25.0   0b1111111111111111    20181030T170802774275
 5     210     2.6610      0.0       0.0    -0.0002      0.3    0.8    -666.000   25.0   0b1111111111111111    20181030T170802774560
 6     210     2.6465      0.4       0.8     0.0007      0.2    0.8    3528.600   25.0   0b1111111111111111    20181030T170802774852
 7     210     2.6743      0.3       0.8     0.0023      0.4    0.8    1188.567   25.0   0b1111111111111111    20181030T170802775182
 8     210     2.6422      0.2       0.8     0.0010      0.3    0.8    2642.175   25.0   0b1111111111111111    20181030T170802775464
 9     210     2.6595      0.0       0.0    -0.0007      0.3    0.8    -666.000   25.0   0b1111111111111111    20181030T170802775754
10     210     2.6445      0.0       0.0     0.0026      0.2    0.8    1023.677   25.0   0b1111111111111111    20181030T170802776086
11     210     2.6520      0.0       0.0     0.0004      0.4    0.8    6364.800   25.0   0b1111111111111111    20181030T170802776368
12     210     2.6333      0.2       0.7     0.0011      0.4    0.8    2430.762   25.0   0b1111111111111111    20181030T170802776646
13     210     2.6296      0.2       0.8     0.0031      0.4    0.8     852.835   25.0   0b1111111111111111    20181030T170802776988
14     210     2.6362      0.0       0.0     0.0036      0.4    0.8     735.698   25.0   0b1111111111111111    20181030T170802777141
15     210     2.6279      0.2       0.8     0.0006      0.4    0.8    4505.014   25.0   0b1111111111111111    20181030T170802777275
 0     200     2.6220      0.0       0.0     0.0008      0.0    0.0    3146.400   25.0   0b1111111111111111    20181030T170806247322
 1     200     2.6070      0.0       0.0    -0.0011      0.4    0.8    -666.000   25.0   0b1111111111111111    20181030T170806247695
 2     200     2.6040      0.0       0.0     0.0008      0.0    0.0    3124.800   25.0   0b1111111111111111    20181030T170806248087
 3     200     2.6004      0.3       0.8     0.0021      0.4    0.8    1248.192   25.0   0b1111111111111111    20181030T170806248386
 4     200     2.6064      0.3       0.8     0.0013      0.4    0.8    2085.120   25.0   0b1111111111111111    20181030T170806248670
 5     200     2.6115      0.0       0.0    -0.0002      0.3    0.8    -666.000   25.0   0b1111111111111111    20181030T170806249010
 6     200     2.5972      0.0       0.0     0.0007      0.3    0.8    3895.875   25.0   0b1111111111111111    20181030T170806249298
 7     200     2.6250      0.0       0.0     0.0022      0.4    0.8    1211.538   25.0   0b1111111111111111    20181030T170806249576
 8     200     2.5935      0.0       0.0     0.0009      0.3    0.8    2829.273   25.0   0b1111111111111111    20181030T170806249853
 9     200     2.6107      0.0       0.0    -0.0007      0.3    0.8    -666.000   25.0   0b1111111111111111    20181030T170806250183
10     200     2.5957      0.0       0.0     0.0024      0.2    0.8    1074.103   25.0   0b1111111111111111    20181030T170806250463
11     200     2.6032      0.0       0.0     0.0001      0.2    0.8   31239.000   25.0   0b1111111111111111    20181030T170806250739
12     200     2.5852      0.0       0.0     0.0010      0.3    0.8    2585.250   25.0   0b1111111111111111    20181030T170806251081
13     200     2.5815      0.0       0.0     0.0027      0.3    0.8     968.062   25.0   0b1111111111111111    20181030T170806251365
14     200     2.5881      0.3       0.8     0.0034      0.2    0.8     757.493   25.0   0b1111111111111111    20181030T170806251642
15     200     2.5793      0.0       0.0     0.0003      0.4    0.8    7737.750   25.0   0b1111111111111111    20181030T170806251971
 0     190     2.5754      0.3       0.8     0.0007      0.2    0.8    3433.800   25.0   0b1111111111111111    20181030T170809719764
 1     190     2.5598      0.0       0.0    -0.0012      0.4    0.8    -666.000   25.0   0b1111111111111111    20181030T170809720217
 2     190     2.5560      0.0       0.0     0.0010      0.3    0.8    2556.000   25.0   0b1111111111111111    20181030T170809720519
 3     190     2.5532      0.3       0.8     0.0022      0.4    0.8    1178.377   25.0   0b1111111111111111    20181030T170809720806
 4     190     2.5594      0.4       0.8     0.0010      0.3    0.8    2559.375   25.0   0b1111111111111111    20181030T170809721137
 5     190     2.5643      0.0       0.0    -0.0004      0.4    0.8    -666.000   25.0   0b1111111111111111    20181030T170809721422
 6     190     2.5508      0.0       0.0     0.0003      0.4    0.8    7652.250   25.0   0b1111111111111111    20181030T170809721705
 7     190     2.5770      0.0       0.0     0.0020      0.4    0.8    1288.500   25.0   0b1111111111111111    20181030T170809722041
 8     190     2.5478      0.0       0.0     0.0008      0.0    0.0    3057.300   25.0   0b1111111111111111    20181030T170809722327
 9     190     2.5636      0.2       0.8    -0.0008      0.0    0.0    -666.000   25.0   0b1111111111111111    20181030T170809722605
10     190     2.5500      0.0       0.0     0.0024      0.2    0.8    1055.172   25.0   0b1111111111111111    20181030T170809722915
11     190     2.5568      0.0       0.0     0.0001      0.2    0.8   30681.000   25.0   0b1111111111111111    20181030T170809723212
12     190     2.5395      0.0       0.0     0.0010      0.3    0.8    2539.500   25.0   0b1111111111111111    20181030T170809723491
13     190     2.5358      0.0       0.0     0.0026      0.2    0.8     981.581   25.0   0b1111111111111111    20181030T170809723768
14     190     2.5419      0.3       0.7     0.0033      0.0    0.0     762.570   25.0   0b1111111111111111    20181030T170809724096
15     190     2.5335      0.0       0.0     0.0001      0.2    0.8   30402.000   25.0   0b1111111111111111    20181030T170809724378
 0     180     2.5253      0.2       0.7     0.0008      0.0    0.0    3030.390   25.0   0b1111111111111111    20181030T170813196506
 1     180     2.5109      0.2       0.8    -0.0013      0.4    0.8    -666.000   25.0   0b1111111111111111    20181030T170813196851
 2     180     2.5067      0.3       0.8     0.0008      0.0    0.0    3008.070   25.0   0b1111111111111111    20181030T170813197187
 3     180     2.5042      0.0       0.0     0.0018      0.3    0.8    1365.955   25.0   0b1111111111111111    20181030T170813197442
 4     180     2.5102      0.0       0.0     0.0010      0.3    0.8    2510.250   25.0   0b1111111111111111    20181030T170813197775
 5     180     2.5155      0.0       0.0    -0.0005      0.4    0.8    -666.000   25.0   0b1111111111111111    20181030T170813198033
 6     180     2.5024      0.4       0.8     0.0004      0.4    0.8    6005.880   25.0   0b1111111111111111    20181030T170813198284
 7     180     2.5275      0.0       0.0     0.0018      0.3    0.8    1378.636   25.0   0b1111111111111111    20181030T170813198535
 8     180     2.4991      0.3       0.7     0.0008      0.0    0.0    2998.980   25.0   0b1111111111111111    20181030T170813198822
 9     180     2.5154      0.2       0.8    -0.0008      0.0    0.0    -666.000   25.0   0b1111111111111111    20181030T170813199062
10     180     2.5018      0.3       0.7     0.0024      0.2    0.8    1035.217   25.0   0b1111111111111111    20181030T170813199312
11     180     2.5084      0.4       0.8     0.0000      0.0    0.0    -666.000   25.0   0b1111111111111111    20181030T170813199568
12     180     2.4907      0.0       0.0     0.0008      0.0    0.0    2988.900   25.0   0b1111111111111111    20181030T170813199853
13     180     2.4876      0.3       0.7     0.0026      0.2    0.8     962.942   25.0   0b1111111111111111    20181030T170813200084
14     180     2.4937      0.0       0.0     0.0033      0.2    0.8     767.308   25.0   0b1111111111111111    20181030T170813200307
15     180     2.4852      0.4       0.7     0.0001      0.2    0.8   29822.400   25.0   0b1111111111111111    20181030T170813200542
 0     170     2.4765      0.0       0.0     0.0006      0.4    0.8    4245.429   25.0   0b1111111111111111    20181030T170816672627
 1     170     2.4615      0.0       0.0    -0.0014      0.4    0.8    -666.000   25.0   0b1111111111111111    20181030T170816673097
 2     170     2.4578      0.0       0.0     0.0007      0.2    0.8    3277.000   25.0   0b1111111111111111    20181030T170816673404
 3     170     2.4555      0.0       0.0     0.0018      0.2    0.8    1403.143   25.0   0b1111111111111111    20181030T170816673693
 4     170     2.4615      0.0       0.0     0.0008      0.0    0.0    2953.800   25.0   0b1111111111111111    20181030T170816674033
 5     170     2.4668      0.0       0.0    -0.0006      0.4    0.8    -666.000   25.0   0b1111111111111111    20181030T170816674320
 6     170     2.4540      0.0       0.0     0.0001      0.2    0.8   29448.000   25.0   0b1111111111111111    20181030T170816674601
 7     170     2.4787      0.0       0.0     0.0018      0.2    0.8    1416.429   25.0   0b1111111111111111    20181030T170816674907
 8     170     2.4510      0.0       0.0     0.0007      0.3    0.8    3676.500   25.0   0b1111111111111111    20181030T170816675212
 9     170     2.4668      0.0       0.0    -0.0007      0.2    0.8    -666.000   25.0   0b1111111111111111    20181030T170816675491
10     170     2.4533      0.0       0.0     0.0021      0.4    0.8    1177.560   25.0   0b1111111111111111    20181030T170816675771
11     170     2.4600      0.0       0.0     0.0000      0.0    0.0    -666.000   25.0   0b1111111111111111    20181030T170816676098
12     170     2.4428      0.0       0.0     0.0008      0.0    0.0    2931.300   25.0   0b1111111111111111    20181030T170816676380
13     170     2.4398      0.0       0.0     0.0025      0.0    0.0     975.900   25.0   0b1111111111111111    20181030T170816676659
14     170     2.4457      0.0       0.0     0.0033      0.0    0.0     733.725   25.0   0b1111111111111111    20181030T170816677011
15     170     2.4372      0.4       0.8     0.0002      0.3    0.8   14623.200   25.0   0b1111111111111111    20181030T170816677149
 0     160     2.4263      0.0       0.0     0.0005      0.4    0.8    4852.500   25.0   0b1111111111111111    20181030T170820144588
 1     160     2.4127      0.0       0.0    -0.0014      0.4    0.8    -666.000   25.0   0b1111111111111111    20181030T170820145067
 2     160     2.4090      0.0       0.0     0.0008      0.0    0.0    2890.800   25.0   0b1111111111111111    20181030T170820145378
 3     160     2.4067      0.0       0.0     0.0017      0.4    1.7    1444.050   25.0   0b1111111111111111    20181030T170820145670
 4     160     2.4127      0.0       0.0     0.0009      0.3    0.8    2632.091   25.0   0b1111111111111111    20181030T170820146015
 5     160     2.4175      0.3       0.8    -0.0007      0.3    0.8    -666.000   25.0   0b1111111111111111    20181030T170820146307
 6     160     2.4051      0.3       0.8     0.0001      0.2    0.8   28861.200   25.0   0b1111111111111111    20181030T170820146592
 7     160     2.4293      0.0       0.0     0.0017      0.0    0.0    1457.550   25.0   0b1111111111111111    20181030T170820146871
 8     160     2.4023      0.2       0.8     0.0007      0.2    0.8    3203.100   25.0   0b1111111111111111    20181030T170820147115
 9     160     2.4176      0.4       0.8    -0.0008      0.0    0.0    -666.000   25.0   0b1111111111111111    20181030T170820147251
10     160     2.4050      0.3       0.8     0.0023      0.4    0.8    1068.900   25.0   0b1111111111111111    20181030T170820147394
11     160     2.4112      0.0       0.0     0.0000      0.0    0.0    -666.000   25.0   0b1111111111111111    20181030T170820147528
12     160     2.3947      0.0       0.0     0.0008      0.0    0.0    2873.700   25.0   0b1111111111111111    20181030T170820147662
13     160     2.3918      0.0       0.0     0.0025      0.0    0.0     956.700   25.0   0b1111111111111111    20181030T170820147797
14     160     2.3976      0.3       0.8     0.0033      0.0    0.0     719.280   25.0   0b1111111111111111    20181030T170820147959
15     160     2.3888      0.0       0.0     0.0000      0.0    0.0    -666.000   25.0   0b1111111111111111    20181030T170820148095
 0     150     2.3798      0.0       0.0     0.0002      0.4    0.8    9519.000   25.0   0b1111111111111111    20181030T170823615035
 1     150     2.3655      0.0       0.0    -0.0016      0.3    0.8    -666.000   25.0   0b1111111111111111    20181030T170823615423
 2     150     2.3621      0.4       0.8     0.0007      0.3    0.8    3543.188   25.0   0b1111111111111111    20181030T170823615723
 3     150     2.3603      0.0       0.0     0.0017      0.0    0.0    1416.150   25.0   0b1111111111111111    20181030T170823616093
 4     150     2.3663      0.0       0.0     0.0007      0.2    0.8    3155.000   25.0   0b1111111111111111    20181030T170823616391
 5     150     2.3708      0.0       0.0    -0.0008      0.0    0.0    -666.000   25.0   0b1111111111111111    20181030T170823616674
 6     150     2.3591      0.4       0.8     0.0001      0.2    0.8   28308.600   25.0   0b1111111111111111    20181030T170823617023
 7     150     2.3819      0.2       0.8     0.0017      0.0    0.0    1429.155   25.0   0b1111111111111111    20181030T170823617164
 8     150     2.3573      0.0       0.0     0.0007      0.3    0.8    3535.875   25.0   0b1111111111111111    20181030T170823617302
 9     150     2.3722      0.2       0.8    -0.0010      0.3    0.8    -666.000   25.0   0b1111111111111111    20181030T170823617436
10     150     2.3594      0.2       0.8     0.0021      0.4    0.8    1132.524   25.0   0b1111111111111111    20181030T170823617571
11     150     2.3655      0.0       0.0    -0.0001      0.2    0.8    -666.000   25.0   0b1111111111111111    20181030T170823617706
12     150     2.3490      0.0       0.0     0.0007      0.2    0.8    3132.000   25.0   0b1111111111111111    20181030T170823617840
13     150     2.3458      0.3       0.8     0.0025      0.0    0.0     938.310   25.0   0b1111111111111111    20181030T170823617999
14     150     2.3513      0.0       0.0     0.0032      0.3    0.8     742.500   25.0   0b1111111111111111    20181030T170823618136
15     150     2.3438      0.0       0.0     0.0000      0.0    0.0    -666.000   25.0   0b1111111111111111    20181030T170823618270
 0     140     2.3303      0.2       0.8     0.0001      0.2    0.8   27963.900   25.0   0b1111111111111111    20181030T170827093592
 1     140     2.3167      0.0       0.0    -0.0017      0.0    0.0    -666.000   25.0   0b1111111111111111    20181030T170827094078
 2     140     2.3137      0.0       0.0     0.0007      0.3    0.8    3470.625   25.0   0b1111111111111111    20181030T170827094385
 3     140     2.3115      0.0       0.0     0.0017      0.0    0.0    1386.900   25.0   0b1111111111111111    20181030T170827094676
 4     140     2.3175      0.0       0.0     0.0007      0.2    0.8    3090.000   25.0   0b1111111111111111    20181030T170827095020
 5     140     2.3220      0.0       0.0    -0.0007      0.2    0.8    -666.000   25.0   0b1111111111111111    20181030T170827095309
 6     140     2.3107      0.0       0.0     0.0000      0.0    0.0    -666.000   25.0   0b1111111111111111    20181030T170827095590
 7     140     2.3332      0.2       0.7     0.0017      0.0    0.0    1399.905   25.0   0b1111111111111111    20181030T170827095869
 8     140     2.3092      0.0       0.0     0.0004      0.4    0.8    5542.200   25.0   0b1111111111111111    20181030T170827096215
 9     140     2.3235      0.0       0.0    -0.0011      0.4    0.8    -666.000   25.0   0b1111111111111111    20181030T170827096494
10     140     2.3115      0.0       0.0     0.0018      0.3    0.8    1260.818   25.0   0b1111111111111111    20181030T170827096774
11     140     2.3175      0.0       0.0    -0.0006      0.4    0.8    -666.000   25.0   0b1111111111111111    20181030T170827097066
12     140     2.3011      0.2       0.8     0.0008      0.0    0.0    2761.290   25.0   0b1111111111111111    20181030T170827097203
13     140     2.2980      0.0       0.0     0.0024      0.2    0.8     950.897   25.0   0b1111111111111111    20181030T170827097338
14     140     2.3034      0.3       0.8     0.0031      0.4    0.8     747.049   25.0   0b1111111111111111    20181030T170827097472
15     140     2.2962      0.4       0.8     0.0000      0.0    0.0    -666.000   25.0   0b1111111111111111    20181030T170827097605
 0     130     2.2815      0.0       0.0     0.0000      0.0    0.0    -666.000   25.0   0b1111111111111111    20181030T170830564342
 1     130     2.2680      0.0       0.0    -0.0016      0.3    0.8    -666.000   25.0   0b1111111111111111    20181030T170830564941
 2     130     2.2650      0.0       0.0     0.0004      0.4    0.8    5436.000   25.0   0b1111111111111111    20181030T170830565326
 3     130     2.2635      0.0       0.0     0.0016      0.3    0.8    1429.579   25.0   0b1111111111111111    20181030T170830565660
 4     130     2.2695      0.0       0.0     0.0008      0.0    0.0    2723.400   25.0   0b1111111111111111    20181030T170830566006
 5     130     2.2739      0.3       0.8    -0.0008      0.0    0.0    -666.000   25.0   0b1111111111111111    20181030T170830566295
 6     130     2.2628      0.0       0.0     0.0000      0.0    0.0    -666.000   25.0   0b1111111111111111    20181030T170830566578
 7     130     2.2838      0.0       0.0     0.0017      0.0    0.0    1370.250   25.0   0b1111111111111111    20181030T170830566914
 8     130     2.2612      0.0       0.0     0.0002      0.3    0.8   13567.500   25.0   0b1111111111111111    20181030T170830567201
 9     130     2.2755      0.0       0.0    -0.0013      0.4    0.8    -666.000   25.0   0b1111111111111111    20181030T170830567479
10     130     2.2635      0.0       0.0     0.0017      0.0    0.0    1358.100   25.0   0b1111111111111111    20181030T170830567792
11     130     2.2695      0.0       0.0    -0.0007      0.2    0.8    -666.000   25.0   0b1111111111111111    20181030T170830567936
12     130     2.2538      0.0       0.0     0.0007      0.2    0.8    3005.000   25.0   0b1111111111111111    20181030T170830568072
13     130     2.2507      0.2       0.8     0.0025      0.0    0.0     900.270   25.0   0b1111111111111111    20181030T170830568207
14     130     2.2559      0.2       0.8     0.0032      0.3    0.8     712.397   25.0   0b1111111111111111    20181030T170830568342
15     130     2.2485      0.0       0.0    -0.0001      0.2    0.8    -666.000   25.0   0b1111111111111111    20181030T170830568476
 0     120     2.2327      0.0       0.0     0.0000      0.0    0.0    -666.000   25.0   0b1111111111111111    20181030T170834043352
 1     120     2.2200      0.0       0.0    -0.0017      0.0    0.0    -666.000   25.0   0b1111111111111111    20181030T170834043735
 2     120     2.2157      0.3       0.8     0.0002      0.4    0.8    8862.900   25.0   0b1111111111111111    20181030T170834044115
 3     120     2.2147      0.0       0.0     0.0016      0.3    0.8    1398.789   25.0   0b1111111111111111    20181030T170834044418
 4     120     2.2200      0.0       0.0     0.0007      0.3    0.8    3330.000   25.0   0b1111111111111111    20181030T170834044708
 5     120     2.2260      0.0       0.0    -0.0008      0.0    0.0    -666.000   25.0   0b1111111111111111    20181030T170834045048
 6     120     2.2147      0.0       0.0     0.0000      0.0    0.0    -666.000   25.0   0b1111111111111111    20181030T170834045336
 7     120     2.2365      0.0       0.0     0.0016      0.3    0.8    1412.526   25.0   0b1111111111111111    20181030T170834045629
 8     120     2.2140      0.0       0.0     0.0002      0.3    0.8   13284.000   25.0   0b1111111111111111    20181030T170834045967
 9     120     2.2290      0.0       0.0    -0.0012      0.4    0.8    -666.000   25.0   0b1111111111111111    20181030T170834046253
10     120     2.2170      0.0       0.0     0.0018      0.2    0.8    1266.857   25.0   0b1111111111111111    20181030T170834046533
11     120     2.2215      0.0       0.0    -0.0005      0.4    0.8    -666.000   25.0   0b1111111111111111    20181030T170834046813
12     120     2.2058      0.0       0.0     0.0006      0.4    0.8    3781.286   25.0   0b1111111111111111    20181030T170834047085
13     120     2.2020      0.0       0.0     0.0023      0.4    0.8     978.667   25.0   0b1111111111111111    20181030T170834047221
14     120     2.2072      0.0       0.0     0.0028      0.4    0.8     779.029   25.0   0b1111111111111111    20181030T170834047356
15     120     2.2005      0.0       0.0    -0.0004      0.4    0.8    -666.000   25.0   0b1111111111111111    20181030T170834047490
 0     110     2.1863      0.0       0.0     0.0000      0.0    0.0    -666.000   25.0   0b1111111111111111    20181030T170837516315
 1     110     2.1736      0.2       0.8    -0.0017      0.0    0.0    -666.000   25.0   0b1111111111111111    20181030T170837516698
 2     110     2.1698      0.0       0.0     0.0002      0.3    0.8   13018.500   25.0   0b1111111111111111    20181030T170837517086
 3     110     2.1683      0.0       0.0     0.0015      0.3    0.8    1445.500   25.0   0b1111111111111111    20181030T170837517385
 4     110     2.1728      0.0       0.0     0.0002      0.4    0.8    8691.000   25.0   0b1111111111111111    20181030T170837517669
 5     110     2.1788      0.0       0.0    -0.0009      0.3    0.8    -666.000   25.0   0b1111111111111111    20181030T170837518009
 6     110     2.1680      0.3       0.8    -0.0001      0.2    0.8    -666.000   25.0   0b1111111111111111    20181030T170837518294
 7     110     2.1893      0.0       0.0     0.0016      0.3    0.8    1382.684   25.0   0b1111111111111111    20181030T170837518572
 8     110     2.1685      0.3       0.8     0.0001      0.2    0.8   26021.700   25.0   0b1111111111111111    20181030T170837518851
 9     110     2.1825      0.0       0.0    -0.0014      0.4    0.8    -666.000   25.0   0b1111111111111111    20181030T170837519181
10     110     2.1713      0.0       0.0     0.0017      0.0    0.0    1302.750   25.0   0b1111111111111111    20181030T170837519460
11     110     2.1758      0.0       0.0    -0.0007      0.2    0.8    -666.000   25.0   0b1111111111111111    20181030T170837519735
12     110     2.1578      0.0       0.0     0.0004      0.4    0.8    5178.600   25.0   0b1111111111111111    20181030T170837520069
13     110     2.1540      0.0       0.0     0.0019      0.4    0.8    1123.826   25.0   0b1111111111111111    20181030T170837520350
14     110     2.1593      0.0       0.0     0.0026      0.2    0.8     835.839   25.0   0b1111111111111111    20181030T170837520627
15     110     2.1525      0.0       0.0    -0.0002      0.3    0.8    -666.000   25.0   0b1111111111111111    20181030T170837520949
 0     100     2.1367      0.0       0.0    -0.0001      0.2    0.8    -666.000   25.0   0b1111111111111111    20181030T170840991011
 1     100     2.1247      0.0       0.0    -0.0017      0.0    0.0    -666.000   25.0   0b1111111111111111    20181030T170840991400
 2     100     2.1202      0.0       0.0     0.0000      0.0    0.0    -666.000   25.0   0b1111111111111111    20181030T170840991701
 3     100     2.1195      0.0       0.0     0.0012      0.4    0.8    1816.714   25.0   0b1111111111111111    20181030T170840992072
 4     100     2.1232      0.0       0.0     0.0001      0.2    0.8   25479.000   25.0   0b1111111111111111    20181030T170840992371
 5     100     2.1292      0.0       0.0    -0.0008      0.0    0.0    -666.000   25.0   0b1111111111111111    20181030T170840992655
 6     100     2.1187      0.0       0.0    -0.0001      0.2    0.8    -666.000   25.0   0b1111111111111111    20181030T170840993006
 7     100     2.1391      0.2       0.8     0.0014      0.4    0.8    1509.935   25.0   0b1111111111111111    20181030T170840993294
 8     100     2.1202      0.0       0.0     0.0000      0.0    0.0    -666.000   25.0   0b1111111111111111    20181030T170840993575
 9     100     2.1345      0.0       0.0    -0.0017      0.0    0.0    -666.000   25.0   0b1111111111111111    20181030T170840993852
10     100     2.1229      0.4       0.8     0.0017      0.0    0.0    1273.725   25.0   0b1111111111111111    20181030T170840994179
11     100     2.1273      0.4       0.8    -0.0008      0.0    0.0    -666.000   25.0   0b1111111111111111    20181030T170840994457
12     100     2.1075      0.0       0.0     0.0003      0.4    0.8    6322.500   25.0   0b1111111111111111    20181030T170840994735
13     100     2.1045      0.0       0.0     0.0018      0.3    0.8    1147.909   25.0   0b1111111111111111    20181030T170840995070
14     100     2.1090      0.0       0.0     0.0025      0.0    0.0     843.600   25.0   0b1111111111111111    20181030T170840995355
15     100     2.1026      0.4       0.8    -0.0004      0.4    0.8    -666.000   25.0   0b1111111111111111    20181030T170840995632
 0      90     2.0873      0.0       0.0    -0.0001      0.2    0.8    -666.000   24.9   0b1111111111111111    20181030T170844466589
 1      90     2.0757      0.4       0.7    -0.0017      0.0    0.0    -666.000   24.9   0b1111111111111111    20181030T170844467074
 2      90     2.0708      0.2       0.8     0.0000      0.0    0.0    -666.000   24.9   0b1111111111111111    20181030T170844467395
 3      90     2.0700      0.0       0.0     0.0010      0.3    0.8    2070.000   24.9   0b1111111111111111    20181030T170844467686
 4      90     2.0745      0.0       0.0     0.0004      0.4    0.8    4978.800   24.9   0b1111111111111111    20181030T170844468032
 5      90     2.0798      0.0       0.0    -0.0010      0.3    0.8    -666.000   24.9   0b1111111111111111    20181030T170844468323
 6      90     2.0684      0.3       0.8    -0.0002      0.4    0.8    -666.000   24.9   0b1111111111111111    20181030T170844468606
 7      90     2.0891      0.4       0.8     0.0012      0.4    0.8    1790.614   24.9   0b1111111111111111    20181030T170844468922
 8      90     2.0717      0.3       0.8     0.0000      0.0    0.0    -666.000   24.9   0b1111111111111111    20181030T170844469222
 9      90     2.0858      0.0       0.0    -0.0017      0.0    0.0    -666.000   24.9   0b1111111111111111    20181030T170844469500
10      90     2.0752      0.2       0.8     0.0017      0.0    0.0    1245.105   24.9   0b1111111111111111    20181030T170844469779
11      90     2.0798      0.0       0.0    -0.0008      0.0    0.0    -666.000   24.9   0b1111111111111111    20181030T170844470106
12      90     2.0572      0.0       0.0     0.0002      0.4    0.8    8229.000   24.9   0b1111111111111111    20181030T170844470389
13      90     2.0542      0.2       0.8     0.0019      0.4    0.8    1071.743   24.9   0b1111111111111111    20181030T170844470667
14      90     2.0587      0.0       0.0     0.0025      0.0    0.0     823.500   24.9   0b1111111111111111    20181030T170844471003
15      90     2.0528      0.0       0.0    -0.0007      0.3    0.8    -666.000   24.9   0b1111111111111111    20181030T170844471285
 0      80     2.0369      0.2       0.8     0.0000      0.0    0.0    -666.000   25.0   0b1111111111111111    20181030T170847914253
 1      80     2.0256      0.3       0.8    -0.0017      0.0    0.0    -666.000   25.0   0b1111111111111111    20181030T170847914639
 2      80     2.0205      0.0       0.0     0.0000      0.0    0.0    -666.000   25.0   0b1111111111111111    20181030T170847914963
 3      80     2.0197      0.0       0.0     0.0008      0.0    0.0    2423.700   25.0   0b1111111111111111    20181030T170847915254
 4      80     2.0230      0.3       0.8     0.0000      0.0    0.0    -666.000   25.0   0b1111111111111111    20181030T170847915539
 5      80     2.0287      0.2       0.8    -0.0013      0.4    0.8    -666.000   25.0   0b1111111111111111    20181030T170847915854
 6      80     2.0168      0.0       0.0    -0.0003      0.4    0.8    -666.000   25.0   0b1111111111111111    20181030T170847916137
 7      80     2.0377      0.2       0.8     0.0009      0.3    0.8    2222.918   25.0   0b1111111111111111    20181030T170847916417
 8      80     2.0220      0.0       0.0     0.0000      0.0    0.0    -666.000   25.0   0b1111111111111111    20181030T170847916694
 9      80     2.0357      0.3       0.8    -0.0017      0.0    0.0    -666.000   25.0   0b1111111111111111    20181030T170847916997
10      80     2.0250      0.0       0.0     0.0017      0.0    0.0    1215.000   25.0   0b1111111111111111    20181030T170847917317
11      80     2.0296      0.2       0.8    -0.0008      0.0    0.0    -666.000   25.0   0b1111111111111111    20181030T170847917596
12      80     2.0055      0.0       0.0     0.0002      0.3    0.8   12033.000   25.0   0b1111111111111111    20181030T170847917897
13      80     2.0033      0.0       0.0     0.0017      0.0    0.0    1201.950   25.0   0b1111111111111111    20181030T170847918178
14      80     2.0078      0.0       0.0     0.0025      0.0    0.0     803.100   25.0   0b1111111111111111    20181030T170847918455
15      80     2.0018      0.0       0.0    -0.0008      0.0    0.0    -666.000   25.0   0b1111111111111111    20181030T170847918731
 0      70     1.9860      0.0       0.0    -0.0002      0.3    0.8    -666.000   24.9   0b1111111111111111    20181030T170851357298
 1      70     1.9748      0.0       0.0    -0.0017      0.0    0.0    -666.000   24.9   0b1111111111111111    20181030T170851357695
 2      70     1.9697      0.3       0.8     0.0000      0.0    0.0    -666.000   24.9   0b1111111111111111    20181030T170851358023
 3      70     1.9695      0.0       0.0     0.0008      0.0    0.0    2363.400   24.9   0b1111111111111111    20181030T170851358312
 4      70     1.9718      0.0       0.0     0.0001      0.2    0.8   23661.000   24.9   0b1111111111111111    20181030T170851358596
 5      70     1.9777      0.0       0.0    -0.0013      0.4    0.8    -666.000   24.9   0b1111111111111111    20181030T170851358898
 6      70     1.9664      0.2       0.8    -0.0005      0.4    0.8    -666.000   24.9   0b1111111111111111    20181030T170851359180
 7      70     1.9860      0.0       0.0     0.0009      0.3    0.8    2166.545   24.9   0b1111111111111111    20181030T170851359459
 8      70     1.9718      0.0       0.0    -0.0001      0.2    0.8    -666.000   24.9   0b1111111111111111    20181030T170851359738
 9      70     1.9853      0.0       0.0    -0.0017      0.0    0.0    -666.000   24.9   0b1111111111111111    20181030T170851360077
10      70     1.9748      0.0       0.0     0.0016      0.3    0.8    1247.211   24.9   0b1111111111111111    20181030T170851360360
11      70     1.9792      0.0       0.0    -0.0008      0.0    0.0    -666.000   24.9   0b1111111111111111    20181030T170851360637
12      70     1.9566      0.3       0.7     0.0000      0.0    0.0    -666.000   24.9   0b1111111111111111    20181030T170851360936
13      70     1.9537      0.0       0.0     0.0017      0.0    0.0    1172.250   24.9   0b1111111111111111    20181030T170851361215
14      70     1.9575      0.0       0.0     0.0024      0.2    0.8     810.000   24.9   0b1111111111111111    20181030T170851361492
15      70     1.9522      0.0       0.0    -0.0008      0.0    0.0    -666.000   24.9   0b1111111111111111    20181030T170851361788
 0      60     1.9343      0.2       0.8    -0.0003      0.4    0.8    -666.000   24.9   0b1111111111111111    20181030T170854804025
 1      60     1.9237      0.0       0.0    -0.0017      0.2    0.8    -666.000   24.9   0b1111111111111111    20181030T170854804417
 2      60     1.9185      0.0       0.0    -0.0001      0.2    0.8    -666.000   24.9   0b1111111111111111    20181030T170854804713
 3      60     1.9175      0.4       0.8     0.0008      0.0    0.0    2300.940   24.9   0b1111111111111111    20181030T170854805025
 4      60     1.9214      0.2       0.8     0.0000      0.0    0.0    -666.000   24.9   0b1111111111111111    20181030T170854805321
 5      60     1.9260      0.0       0.0    -0.0015      0.3    0.8    -666.000   24.9   0b1111111111111111    20181030T170854805600
 6      60     1.9155      0.0       0.0    -0.0005      0.4    0.8    -666.000   24.9   0b1111111111111111    20181030T170854805900
 7      60     1.9343      0.0       0.0     0.0009      0.3    0.8    2110.091   24.9   0b1111111111111111    20181030T170854806180
 8      60     1.9207      0.0       0.0    -0.0002      0.4    0.8    -666.000   24.9   0b1111111111111111    20181030T170854806505
 9      60     1.9350      0.0       0.0    -0.0017      0.0    0.0    -666.000   24.9   0b1111111111111111    20181030T170854806887
10      60     1.9260      0.0       0.0     0.0014      0.4    0.8    1359.529   24.9   0b1111111111111111    20181030T170854807183
11      60     1.9290      0.0       0.0    -0.0009      0.3    0.8    -666.000   24.9   0b1111111111111111    20181030T170854807460
12      60     1.9072      0.0       0.0     0.0000      0.0    0.0    -666.000   24.9   0b1111111111111111    20181030T170854807737
13      60     1.9035      0.0       0.0     0.0017      0.0    0.0    1142.100   24.9   0b1111111111111111    20181030T170854808039
14      60     1.9072      0.0       0.0     0.0024      0.2    0.8     789.207   24.9   0b1111111111111111    20181030T170854808317
15      60     1.9030      0.4       0.8    -0.0008      0.0    0.0    -666.000   24.9   0b1111111111111111    20181030T170854808592
 0      50     1.8825      0.0       0.0    -0.0006      0.4    0.8    -666.000   24.9   0b1111111111111111    20181030T170858242428
 1      50     1.8720      0.0       0.0    -0.0017      0.2    0.8    -666.000   24.9   0b1111111111111111    20181030T170858242821
 2      50     1.8675      0.0       0.0     0.0000      0.0    0.0    -666.000   24.9   0b1111111111111111    20181030T170858243149
 3      50     1.8661      0.3       0.8     0.0007      0.3    0.8    2799.225   24.9   0b1111111111111111    20181030T170858243439
 4      50     1.8702      0.4       0.8     0.0000      0.0    0.0    -666.000   24.9   0b1111111111111111    20181030T170858243722
 5      50     1.8750      0.0       0.0    -0.0017      0.0    0.0    -666.000   24.9   0b1111111111111111    20181030T170858244021
 6      50     1.8645      0.0       0.0    -0.0007      0.2    0.8    -666.000   24.9   0b1111111111111111    20181030T170858244304
 7      50     1.8825      0.0       0.0     0.0008      0.0    0.0    2259.000   24.9   0b1111111111111111    20181030T170858244582
 8      50     1.8697      0.0       0.0    -0.0002      0.4    0.8    -666.000   24.9   0b1111111111111111    20181030T170858244860
 9      50     1.8840      0.0       0.0    -0.0017      0.0    0.0    -666.000   24.9   0b1111111111111111    20181030T170858245156
10      50     1.8750      0.0       0.0     0.0012      0.4    0.8    1607.143   24.9   0b1111111111111111    20181030T170858245436
11      50     1.8780      0.0       0.0    -0.0012      0.4    0.8    -666.000   24.9   0b1111111111111111    20181030T170858245756
12      50     1.8570      0.0       0.0     0.0000      0.0    0.0    -666.000   24.9   0b1111111111111111    20181030T170858246062
13      50     1.8539      0.2       0.8     0.0017      0.0    0.0    1112.355   24.9   0b1111111111111111    20181030T170858246340
14      50     1.8570      0.0       0.0     0.0023      0.3    0.8     795.857   24.9   0b1111111111111111    20181030T170858246617
15      50     1.8532      0.0       0.0    -0.0008      0.0    0.0    -666.000   24.9   0b1111111111111111    20181030T170858246891
 0      40     1.8300      0.0       0.0    -0.0007      0.3    0.8    -666.000   24.9   0b1111111111111111    20181030T170901678375
 1      40     1.8203      0.0       0.0    -0.0019      0.4    0.8    -666.000   24.9   0b1111111111111111    20181030T170901678803
 2      40     1.8157      0.0       0.0    -0.0001      0.2    0.8    -666.000   24.9   0b1111111111111111    20181030T170901679134
 3      40     1.8143      0.0       0.0     0.0008      0.0    0.0    2177.100   24.9   0b1111111111111111    20181030T170901679431
 4      40     1.8195      0.0       0.0     0.0000      0.0    0.0    -666.000   24.9   0b1111111111111111    20181030T170901679720
 5      40     1.8235      0.3       0.8    -0.0017      0.0    0.0    -666.000   24.9   0b1111111111111111    20181030T170901680028
 6      40     1.8135      0.0       0.0    -0.0007      0.2    0.8    -666.000   24.9   0b1111111111111111    20181030T170901680311
 7      40     1.8308      0.2       0.8     0.0008      0.0    0.0    2196.990   24.9   0b1111111111111111    20181030T170901680590
 8      40     1.8188      0.0       0.0    -0.0005      0.4    0.8    -666.000   24.9   0b1111111111111111    20181030T170901680889
 9      40     1.8322      0.0       0.0    -0.0020      0.4    0.8    -666.000   24.9   0b1111111111111111    20181030T170901681172
10      40     1.8233      0.0       0.0     0.0013      0.4    0.8    1458.600   24.9   0b1111111111111111    20181030T170901681486
11      40     1.8270      0.0       0.0    -0.0014      0.4    0.8    -666.000   24.9   0b1111111111111111    20181030T170901681802
12      40     1.8067      0.0       0.0     0.0000      0.0    0.0    -666.000   24.9   0b1111111111111111    20181030T170901682083
13      40     1.8040      0.3       0.8     0.0016      0.3    0.8    1139.353   24.9   0b1111111111111111    20181030T170901682358
14      40     1.8067      0.0       0.0     0.0022      0.4    0.8     833.885   24.9   0b1111111111111111    20181030T170901682634
15      40     1.8030      0.0       0.0    -0.0008      0.0    0.0    -666.000   24.9   0b1111111111111111    20181030T170901682929
 0      30     1.7797      0.0       0.0    -0.0007      0.2    0.8    -666.000   24.9   0b1111111111111111    20181030T170905113463
 1      30     1.7700      0.0       0.0    -0.0023      0.3    0.8    -666.000   24.9   0b1111111111111111    20181030T170905113852
 2      30     1.7655      0.0       0.0    -0.0002      0.4    0.8    -666.000   24.9   0b1111111111111111    20181030T170905114182
 3      30     1.7647      0.0       0.0     0.0007      0.3    0.8    2647.125   24.9   0b1111111111111111    20181030T170905114474
 4      30     1.7692      0.0       0.0     0.0000      0.0    0.0    -666.000   24.9   0b1111111111111111    20181030T170905114756
 5      30     1.7738      0.0       0.0    -0.0017      0.0    0.0    -666.000   24.9   0b1111111111111111    20181030T170905115058
 6      30     1.7640      0.0       0.0    -0.0008      0.0    0.0    -666.000   24.9   0b1111111111111111    20181030T170905115340
 7      30     1.7805      0.0       0.0     0.0007      0.3    0.8    2670.750   24.9   0b1111111111111111    20181030T170905115620
 8      30     1.7700      0.0       0.0    -0.0008      0.0    0.0    -666.000   24.9   0b1111111111111111    20181030T170905115899
 9      30     1.7835      0.0       0.0    -0.0021      0.4    0.8    -666.000   24.9   0b1111111111111111    20181030T170905116195
10      30     1.7753      0.0       0.0     0.0013      0.4    0.8    1420.200   24.9   0b1111111111111111    20181030T170905116516
11      30     1.7775      0.0       0.0    -0.0014      0.4    0.8    -666.000   24.9   0b1111111111111111    20181030T170905116795
12      30     1.7596      0.2       0.8     0.0000      0.0    0.0    -666.000   24.9   0b1111111111111111    20181030T170905117107
13      30     1.7558      0.0       0.0     0.0017      0.0    0.0    1053.450   24.9   0b1111111111111111    20181030T170905117274
14      30     1.7586      0.3       0.7     0.0021      0.4    0.8     844.128   24.9   0b1111111111111111    20181030T170905117409
15      30     1.7550      0.0       0.0    -0.0009      0.3    0.8    -666.000   24.9   0b1111111111111111    20181030T170905117543
 0      20     1.7288      0.0       0.0    -0.0008      0.0    0.0    -666.000   24.9   0b1111111111111111    20181030T170908547930
 1      20     1.7190      0.0       0.0    -0.0023      0.3    0.8    -666.000   24.9   0b1111111111111111    20181030T170908548325
 2      20     1.7152      0.0       0.0    -0.0007      0.3    0.8    -666.000   24.9   0b1111111111111111    20181030T170908548620
 3      20     1.7145      0.0       0.0     0.0005      0.4    0.8    3429.000   24.9   0b1111111111111111    20181030T170908548927
 4      20     1.7190      0.0       0.0    -0.0001      0.2    0.8    -666.000   24.9   0b1111111111111111    20181030T170908549211
 5      20     1.7235      0.0       0.0    -0.0017      0.0    0.0    -666.000   24.9   0b1111111111111111    20181030T170908549489
 6      20     1.7144      0.3       0.7    -0.0008      0.0    0.0    -666.000   24.9   0b1111111111111111    20181030T170908549787
 7      20     1.7295      0.0       0.0     0.0008      0.0    0.0    2075.400   24.9   0b1111111111111111    20181030T170908550067
 8      20     1.7197      0.0       0.0    -0.0008      0.0    0.0    -666.000   24.9   0b1111111111111111    20181030T170908550388
 9      20     1.7332      0.0       0.0    -0.0024      0.2    0.8    -666.000   24.9   0b1111111111111111    20181030T170908550668
10      20     1.7250      0.0       0.0     0.0009      0.3    0.8    1881.818   24.9   0b1111111111111111    20181030T170908550966
11      20     1.7273      0.0       0.0    -0.0016      0.3    0.8    -666.000   24.9   0b1111111111111111    20181030T170908551244
12      20     1.7100      0.0       0.0    -0.0002      0.4    0.8    -666.000   24.9   0b1111111111111111    20181030T170908551523
13      20     1.7063      0.0       0.0     0.0014      0.4    0.8    1204.412   24.9   0b1111111111111111    20181030T170908551823
14      20     1.7085      0.0       0.0     0.0020      0.4    0.8     854.250   24.9   0b1111111111111111    20181030T170908552102
15      20     1.7057      0.3       0.8    -0.0010      0.3    0.8    -666.000   24.9   0b1111111111111111    20181030T170908552378
 0      10     1.6778      0.0       0.0    -0.0009      0.3    0.8    -666.000   24.9   0b1111111111111111    20181030T170911980205
 1      10     1.6684      0.4       0.8    -0.0022      0.4    0.8    -666.000   24.9   0b1111111111111111    20181030T170911980589
 2      10     1.6648      0.3       0.7    -0.0007      0.3    0.8    -666.000   24.9   0b1111111111111111    20181030T170911980885
 3      10     1.6643      0.0       0.0     0.0002      0.3    0.8    9985.500   24.9   0b1111111111111111    20181030T170911981195
 4      10     1.6687      0.0       0.0    -0.0002      0.4    0.8    -666.000   24.9   0b1111111111111111    20181030T170911981480
 5      10     1.6732      0.0       0.0    -0.0017      0.0    0.0    -666.000   24.9   0b1111111111111111    20181030T170911981760
 6      10     1.6643      0.0       0.0    -0.0008      0.0    0.0    -666.000   24.9   0b1111111111111111    20181030T170911982059
 7      10     1.6793      0.0       0.0     0.0008      0.0    0.0    2015.100   24.9   0b1111111111111111    20181030T170911982338
 8      10     1.6702      0.0       0.0    -0.0008      0.0    0.0    -666.000   24.9   0b1111111111111111    20181030T170911982615
 9      10     1.6829      0.2       0.8    -0.0024      0.2    0.8    -666.000   24.9   0b1111111111111111    20181030T170911982891
10      10     1.6747      0.0       0.0     0.0009      0.3    0.8    1827.000   24.9   0b1111111111111111    20181030T170911983221
11      10     1.6770      0.0       0.0    -0.0017      0.0    0.0    -666.000   24.9   0b1111111111111111    20181030T170911983503
12      10     1.6605      0.0       0.0     0.0000      0.0    0.0    -666.000   24.9   0b1111111111111111    20181030T170911983779
13      10     1.6574      0.2       0.8     0.0014      0.4    0.8    1169.947   24.9   0b1111111111111111    20181030T170911984080
14      10     1.6596      0.3       0.8     0.0018      0.3    0.8     905.236   24.9   0b1111111111111111    20181030T170911984360
15      10     1.6568      0.0       0.0    -0.0012      0.4    0.8    -666.000   24.9   0b1111111111111111    20181030T170911984636
 0       0     1.6260      0.0       0.0    -0.0008      0.0    0.0    -666.000   24.9   0b1111111111111111    20181030T170915419213
 1       0     1.6178      0.0       0.0    -0.0024      0.2    0.8    -666.000   24.9   0b1111111111111111    20181030T170915419596
 2       0     1.6140      0.0       0.0    -0.0008      0.0    0.0    -666.000   24.9   0b1111111111111111    20181030T170915419923
 3       0     1.6133      0.0       0.0     0.0001      0.2    0.8   19359.000   24.9   0b1111111111111111    20181030T170915420212
 4       0     1.6185      0.0       0.0    -0.0005      0.4    0.8    -666.000   24.9   0b1111111111111111    20181030T170915420494
 5       0     1.6225      0.4       0.8    -0.0017      0.0    0.0    -666.000   24.9   0b1111111111111111    20181030T170915420795
 6       0     1.6140      0.0       0.0    -0.0008      0.0    0.0    -666.000   24.9   0b1111111111111111    20181030T170915421076
 7       0     1.6282      0.0       0.0     0.0005      0.4    0.8    3256.500   24.9   0b1111111111111111    20181030T170915421353
 8       0     1.6200      0.0       0.0    -0.0008      0.0    0.0    -666.000   24.9   0b1111111111111111    20181030T170915421630
 9       0     1.6320      0.0       0.0    -0.0025      0.0    0.0    -666.000   24.9   0b1111111111111111    20181030T170915421973
10       0     1.6245      0.0       0.0     0.0008      0.0    0.0    1949.400   24.9   0b1111111111111111    20181030T170915422258
11       0     1.6267      0.0       0.0    -0.0017      0.0    0.0    -666.000   24.9   0b1111111111111111    20181030T170915422536
12       0     1.6115      0.3       0.8    -0.0002      0.4    0.8    -666.000   24.9   0b1111111111111111    20181030T170915422839
13       0     1.6080      0.0       0.0     0.0011      0.4    0.8    1484.308   24.9   0b1111111111111111    20181030T170915423117
14       0     1.6100      0.4       0.8     0.0017      0.0    0.0     965.970   24.9   0b1111111111111111    20181030T170915423394
15       0     1.6073      0.0       0.0    -0.0013      0.4    0.8    -666.000   24.9   0b1111111111111111    20181030T170915423671
