CH# Vset[DAC]   V[V]    dVRMS[mV] dVpp[mV]    I[A]  dIRMS[mA] dIpp[mA]   R[ohm]   T[C]   State                Timestamp
 0     250     2.8223      0.0       0.0     0.0002      0.4    0.8   11289.000   24.1   0b1111111111111111    20190524T123453536361
 1     250     2.8314      0.3       0.8    -0.0009      0.4    1.7    -666.000   24.1   0b1111111111111111    20190524T123453536872
 2     250     2.8544      0.2       0.8     0.0021      0.4    0.8    1370.124   24.1   0b1111111111111111    20190524T123453537189
 3     250     2.8328      0.0       0.0     0.0020      0.7    1.7    1416.375   24.1   0b1111111111111111    20190524T123453537557
 4     250     2.8455      0.0       0.0     0.0015      0.3    0.8    1897.000   24.1   0b1111111111111111    20190524T123453537858
 5     250     2.8560      0.0       0.0     0.0007      0.2    0.8    3808.000   24.1   0b1111111111111111    20190524T123453538146
 6     250     2.8515      0.0       0.0     0.0020      0.4    0.8    1425.750   24.1   0b1111111111111111    20190524T123453538492
 7     250     2.8380      0.0       0.0    -0.0003      0.4    0.8    -666.000   24.1   0b1111111111111111    20190524T123453538784
 8     250     2.8125      0.0       0.0     0.0013      0.4    0.8    2250.000   24.1   0b1111111111111111    20190524T123453539132
 9     250     2.8095      0.0       0.0     0.0010      0.3    0.8    2809.500   24.1   0b1111111111111111    20190524T123453539489
10     250     2.8290      0.0       0.0     0.0019      0.4    0.8    1476.000   24.1   0b1111111111111111    20190524T123453539784
11     250     2.8155      0.0       0.0     0.0018      0.3    0.8    1535.727   24.1   0b1111111111111111    20190524T123453540068
12     250     2.8117      0.0       0.0     0.0028      0.4    0.8     992.382   24.1   0b1111111111111111    20190524T123453540351
13     250     2.8223      0.0       0.0     0.0022      0.4    0.8    1302.577   24.1   0b1111111111111111    20190524T123453540701
14     250     2.8151      0.4       0.8     0.0013      0.4    0.8    2111.287   24.1   0b1111111111111111    20190524T123453540987
15     250     2.8215      0.0       0.0     0.0026      0.2    0.8    1092.194   24.1   0b1111111111111111    20190524T123453541270
 0     240     2.7742      0.0       0.0     0.0005      0.4    0.8    5548.500   24.1   0b1111111111111111    20190524T123456989912
 1     240     2.7832      0.0       0.0    -0.0011      0.4    0.8    -666.000   24.1   0b1111111111111111    20190524T123456990320
 2     240     2.8052      0.3       0.8     0.0019      0.4    0.8    1463.596   24.1   0b1111111111111111    20190524T123456990717
 3     240     2.7842      0.3       0.8     0.0023      0.3    0.8    1193.239   24.1   0b1111111111111111    20190524T123456991026
 4     240     2.7967      0.0       0.0     0.0013      0.4    0.8    2237.400   24.1   0b1111111111111111    20190524T123456991319
 5     240     2.8072      0.2       0.7     0.0009      0.3    0.8    3062.373   24.1   0b1111111111111111    20190524T123456991659
 6     240     2.8022      0.3       0.7     0.0018      0.3    0.8    1528.486   24.1   0b1111111111111111    20190524T123456991951
 7     240     2.7900      0.0       0.0    -0.0004      0.4    0.8    -666.000   24.1   0b1111111111111111    20190524T123456992237
 8     240     2.7652      0.0       0.0     0.0013      0.4    0.8    2212.200   24.1   0b1111111111111111    20190524T123456992575
 9     240     2.7623      0.0       0.0     0.0009      0.3    0.8    3013.364   24.1   0b1111111111111111    20190524T123456992918
10     240     2.7817      0.0       0.0     0.0018      0.3    0.8    1517.318   24.1   0b1111111111111111    20190524T123456993216
11     240     2.7683      0.0       0.0     0.0017      0.0    0.0    1660.950   24.1   0b1111111111111111    20190524T123456993569
12     240     2.7638      0.2       0.7     0.0027      0.5    1.7    1036.434   24.1   0b1111111111111111    20190524T123456993862
13     240     2.7739      0.4       0.7     0.0022      0.4    0.8    1280.285   24.1   0b1111111111111111    20190524T123456994145
14     240     2.7673      0.3       0.7     0.0013      0.4    0.8    2213.880   24.1   0b1111111111111111    20190524T123456994495
15     240     2.7735      0.0       0.0     0.0024      0.2    0.8    1147.655   24.1   0b1111111111111111    20190524T123456994783
 0     230     2.7270      0.0       0.0     0.0002      0.3    0.8   16362.000   24.1   0b1111111111111111    20190524T123500433076
 1     230     2.7360      0.0       0.0    -0.0014      0.4    0.8    -666.000   24.1   0b1111111111111111    20190524T123500433584
 2     230     2.7578      0.0       0.0     0.0022      0.4    0.8    1272.808   24.1   0b1111111111111111    20190524T123500433918
 3     230     2.7375      0.0       0.0     0.0019      0.4    0.8    1428.261   24.1   0b1111111111111111    20190524T123500434221
 4     230     2.7495      0.0       0.0     0.0011      0.4    0.8    2538.000   24.1   0b1111111111111111    20190524T123500434575
 5     230     2.7593      0.2       0.8     0.0008      0.0    0.0    3311.190   24.1   0b1111111111111111    20190524T123500434875
 6     230     2.7548      0.2       0.7     0.0018      0.3    0.8    1502.632   24.1   0b1111111111111111    20190524T123500435166
 7     230     2.7428      0.0       0.0    -0.0004      0.4    0.8    -666.000   24.1   0b1111111111111111    20190524T123500435513
 8     230     2.7195      0.0       0.0     0.0009      0.3    0.8    2966.727   24.1   0b1111111111111111    20190524T123500435866
 9     230     2.7165      0.0       0.0     0.0008      0.0    0.0    3259.800   24.1   0b1111111111111111    20190524T123500436163
10     230     2.7353      0.0       0.0     0.0017      0.0    0.0    1641.150   24.1   0b1111111111111111    20190524T123500436518
11     230     2.7225      0.0       0.0     0.0017      0.0    0.0    1633.500   24.1   0b1111111111111111    20190524T123500436815
12     230     2.7174      0.3       0.7     0.0025      0.0    0.0    1086.960   24.1   0b1111111111111111    20190524T123500437130
13     230     2.7274      0.4       0.7     0.0019      0.4    0.8    1422.978   24.1   0b1111111111111111    20190524T123500437641
14     230     2.7210      0.0       0.0     0.0013      0.4    0.8    2176.800   24.1   0b1111111111111111    20190524T123500437789
15     230     2.7272      0.3       0.7     0.0023      0.4    0.8    1212.100   24.1   0b1111111111111111    20190524T123500437927
 0     220     2.6782      0.0       0.0     0.0001      0.2    0.8   32139.000   24.1   0b1111111111111111    20190524T123503887049
 1     220     2.6880      0.0       0.0    -0.0015      0.3    0.8    -666.000   24.1   0b1111111111111111    20190524T123503887459
 2     220     2.7098      0.0       0.0     0.0020      0.4    0.8    1354.875   24.1   0b1111111111111111    20190524T123503887866
 3     220     2.6887      0.0       0.0     0.0019      0.4    0.8    1402.826   24.1   0b1111111111111111    20190524T123503888176
 4     220     2.7013      0.3       0.8     0.0008      0.0    0.0    3241.620   24.1   0b1111111111111111    20190524T123503888582
 5     220     2.7098      0.0       0.0     0.0007      0.4    1.7    3613.000   24.1   0b1111111111111111    20190524T123503888945
 6     220     2.7052      0.0       0.0     0.0017      0.4    1.7    1623.150   24.1   0b1111111111111111    20190524T123503889241
 7     220     2.6940      0.0       0.0    -0.0007      0.2    0.8    -666.000   24.1   0b1111111111111111    20190524T123503889527
 8     220     2.6721      0.3       0.8     0.0011      0.4    0.8    2466.554   24.1   0b1111111111111111    20190524T123503889903
 9     220     2.6685      0.0       0.0     0.0008      0.0    0.0    3202.200   24.1   0b1111111111111111    20190524T123503890196
10     220     2.6880      0.0       0.0     0.0017      0.0    0.0    1612.800   24.1   0b1111111111111111    20190524T123503890479
11     220     2.6747      0.3       0.7     0.0018      0.3    0.8    1458.941   24.1   0b1111111111111111    20190524T123503890816
12     220     2.6722      0.2       0.8     0.0028      0.4    0.8     971.700   24.1   0b1111111111111111    20190524T123503891137
13     220     2.6798      0.2       0.7     0.0019      0.4    0.8    1398.170   24.1   0b1111111111111111    20190524T123503891438
14     220     2.6737      0.0       0.0     0.0014      0.4    0.8    1887.353   24.1   0b1111111111111111    20190524T123503891787
15     220     2.6790      0.0       0.0     0.0025      0.0    0.0    1071.600   24.1   0b1111111111111111    20190524T123503892196
 0     210     2.6297      0.3       0.8     0.0003      0.4    0.8    7889.175   24.1   0b1111111111111111    20190524T123507346813
 1     210     2.6393      0.0       0.0    -0.0014      0.4    0.8    -666.000   24.1   0b1111111111111111    20190524T123507347199
 2     210     2.6603      0.0       0.0     0.0018      0.2    0.8    1520.143   24.1   0b1111111111111111    20190524T123507347533
 3     210     2.6400      0.0       0.0     0.0019      0.4    0.8    1377.391   24.1   0b1111111111111111    20190524T123507347826
 4     210     2.6520      0.0       0.0     0.0008      0.0    0.0    3182.400   24.1   0b1111111111111111    20190524T123507348114
 5     210     2.6603      0.0       0.0     0.0008      0.0    0.0    3192.300   24.1   0b1111111111111111    20190524T123507348420
 6     210     2.6558      0.2       0.8     0.0017      0.0    0.0    1593.495   24.1   0b1111111111111111    20190524T123507348705
 7     210     2.6453      0.0       0.0    -0.0007      0.2    0.8    -666.000   24.1   0b1111111111111111    20190524T123507348987
 8     210     2.6246      0.4       0.8     0.0009      0.3    0.8    2863.145   24.1   0b1111111111111111    20190524T123507349304
 9     210     2.6213      0.0       0.0     0.0007      0.2    0.8    3495.000   24.1   0b1111111111111111    20190524T123507349632
10     210     2.6402      0.3       0.7     0.0017      0.0    0.0    1584.135   24.1   0b1111111111111111    20190524T123507349918
11     210     2.6273      0.0       0.0     0.0016      0.3    0.8    1659.316   24.1   0b1111111111111111    20190524T123507350200
12     210     2.6236      0.2       0.7     0.0025      0.0    0.0    1049.430   24.1   0b1111111111111111    20190524T123507350540
13     210     2.6318      0.0       0.0     0.0018      0.2    0.8    1503.857   24.1   0b1111111111111111    20190524T123507350829
14     210     2.6258      0.0       0.0     0.0013      0.4    0.8    1969.312   24.1   0b1111111111111111    20190524T123507351111
15     210     2.6310      0.0       0.0     0.0022      0.4    0.8    1214.308   24.1   0b1111111111111111    20190524T123507351452
 0     200     2.5812      0.4       0.7     0.0002      0.4    0.8   10324.800   24.1   0b1111111111111111    20190524T123510827573
 1     200     2.5905      0.0       0.0    -0.0017      0.0    0.0    -666.000   24.1   0b1111111111111111    20190524T123510827981
 2     200     2.6107      0.0       0.0     0.0018      0.2    0.8    1491.857   24.1   0b1111111111111111    20190524T123510828350
 3     200     2.5912      0.0       0.0     0.0017      0.0    0.0    1554.750   24.1   0b1111111111111111    20190524T123510828661
 4     200     2.6029      0.4       0.8     0.0008      0.0    0.0    3123.540   24.1   0b1111111111111111    20190524T123510828950
 5     200     2.6115      0.0       0.0     0.0007      0.2    0.8    3482.000   24.1   0b1111111111111111    20190524T123510829235
 6     200     2.6070      0.0       0.0     0.0017      0.0    0.0    1564.200   24.1   0b1111111111111111    20190524T123510829589
 7     200     2.5963      0.3       0.8    -0.0008      0.0    0.0    -666.000   24.1   0b1111111111111111    20190524T123510829873
 8     200     2.5771      0.3       0.7     0.0009      0.3    0.8    2811.436   24.1   0b1111111111111111    20190524T123510830157
 9     200     2.5740      0.0       0.0     0.0008      0.0    0.0    3088.800   24.1   0b1111111111111111    20190524T123510830491
10     200     2.5920      0.0       0.0     0.0017      0.4    1.7    1555.200   24.1   0b1111111111111111    20190524T123510830777
11     200     2.5793      0.2       0.7     0.0015      0.3    0.8    1719.550   24.1   0b1111111111111111    20190524T123510831058
12     200     2.5755      0.0       0.0     0.0025      0.0    0.0    1030.200   24.1   0b1111111111111111    20190524T123510831411
13     200     2.5830      0.0       0.0     0.0018      0.3    0.8    1408.909   24.1   0b1111111111111111    20190524T123510831698
14     200     2.5777      0.2       0.7     0.0011      0.4    0.8    2379.392   24.1   0b1111111111111111    20190524T123510831980
15     200     2.5824      0.3       0.8     0.0023      0.4    0.8    1147.733   24.1   0b1111111111111111    20190524T123510832259
 0     190     2.5343      0.0       0.0     0.0001      0.2    0.8   30411.000   24.1   0b1111111111111111    20190524T123514287399
 1     190     2.5440      0.0       0.0    -0.0017      0.0    0.0    -666.000   24.1   0b1111111111111111    20190524T123514287868
 2     190     2.5643      0.0       0.0     0.0017      0.0    0.0    1538.550   24.1   0b1111111111111111    20190524T123514288196
 3     190     2.5432      0.2       0.8     0.0017      0.0    0.0    1525.905   24.1   0b1111111111111111    20190524T123514288500
 4     190     2.5553      0.0       0.0     0.0008      0.0    0.0    3066.300   24.1   0b1111111111111111    20190524T123514288854
 5     190     2.5628      0.2       0.7     0.0007      0.3    0.8    3844.238   24.1   0b1111111111111111    20190524T123514289151
 6     190     2.5594      0.4       0.8     0.0017      0.0    0.0    1535.625   24.1   0b1111111111111111    20190524T123514289439
 7     190     2.5493      0.0       0.0    -0.0008      0.0    0.0    -666.000   24.1   0b1111111111111111    20190524T123514289775
 8     190     2.5312      0.0       0.0     0.0007      0.2    0.8    3375.000   24.1   0b1111111111111111    20190524T123514290068
 9     190     2.5290      0.0       0.0     0.0008      0.0    0.0    3034.800   24.1   0b1111111111111111    20190524T123514290354
10     190     2.5470      0.0       0.0     0.0015      0.3    0.8    1698.000   24.1   0b1111111111111111    20190524T123514290692
11     190     2.5343      0.0       0.0     0.0016      0.3    0.8    1600.579   24.1   0b1111111111111111    20190524T123514291017
12     190     2.5290      0.0       0.0     0.0024      0.2    0.8    1046.483   24.1   0b1111111111111111    20190524T123514291308
13     190     2.5372      0.0       0.0     0.0018      0.2    0.8    1449.857   24.1   0b1111111111111111    20190524T123514291659
14     190     2.5319      0.2       0.8     0.0012      0.4    0.8    2170.221   24.1   0b1111111111111111    20190524T123514291952
15     190     2.5365      0.0       0.0     0.0021      0.4    0.8    1217.520   24.1   0b1111111111111111    20190524T123514292233
 0     180     2.4860      0.3       0.7     0.0000      0.0    0.0    -666.000   24.1   0b1111111111111111    20190524T123517755692
 1     180     2.4952      0.0       0.0    -0.0017      0.0    0.0    -666.000   24.1   0b1111111111111111    20190524T123517756097
 2     180     2.5147      0.0       0.0     0.0016      0.3    0.8    1588.263   24.1   0b1111111111111111    20190524T123517756450
 3     180     2.4945      0.0       0.0     0.0016      0.3    0.8    1575.474   24.1   0b1111111111111111    20190524T123517756786
 4     180     2.5065      0.0       0.0     0.0007      0.2    0.8    3342.000   24.1   0b1111111111111111    20190524T123517757082
 5     180     2.5140      0.0       0.0     0.0004      0.4    0.8    6033.600   24.1   0b1111111111111111    20190524T123517757370
 6     180     2.5102      0.0       0.0     0.0016      0.3    0.8    1585.421   24.1   0b1111111111111111    20190524T123517757626
 7     180     2.5005      0.0       0.0    -0.0009      0.3    0.8    -666.000   24.1   0b1111111111111111    20190524T123517757765
 8     180     2.4840      0.0       0.0     0.0008      0.0    0.0    2980.800   24.1   0b1111111111111111    20190524T123517757904
 9     180     2.4818      0.0       0.0     0.0007      0.2    0.8    3309.000   24.1   0b1111111111111111    20190524T123517758064
10     180     2.4990      0.0       0.0     0.0014      0.4    0.8    1764.000   24.1   0b1111111111111111    20190524T123517758211
11     180     2.4863      0.2       0.8     0.0013      0.4    0.8    1864.744   24.1   0b1111111111111111    20190524T123517758358
12     180     2.4810      0.0       0.0     0.0024      0.2    0.8    1026.621   24.1   0b1111111111111111    20190524T123517758508
13     180     2.4887      0.3       0.8     0.0017      0.0    0.0    1493.235   24.1   0b1111111111111111    20190524T123517758646
14     180     2.4832      0.0       0.0     0.0009      0.3    0.8    2709.000   24.1   0b1111111111111111    20190524T123517758783
15     180     2.4884      0.2       0.7     0.0018      0.3    0.8    1357.323   24.1   0b1111111111111111    20190524T123517758919
 0     170     2.4375      0.0       0.0     0.0000      0.0    0.0    -666.000   24.1   0b1111111111111111    20190524T123521224842
 1     170     2.4465      0.0       0.0    -0.0017      0.0    0.0    -666.000   24.1   0b1111111111111111    20190524T123521225232
 2     170     2.4656      0.4       0.8     0.0014      0.4    0.8    1740.388   24.1   0b1111111111111111    20190524T123521225610
 3     170     2.4457      0.0       0.0     0.0017      0.0    0.0    1467.450   24.1   0b1111111111111111    20190524T123521225908
 4     170     2.4575      0.3       0.8     0.0007      0.2    0.8    3276.700   24.1   0b1111111111111111    20190524T123521226195
 5     170     2.4652      0.2       0.7     0.0004      0.4    0.8    5916.420   24.1   0b1111111111111111    20190524T123521226530
 6     170     2.4615      0.0       0.0     0.0013      0.4    0.8    1846.125   24.1   0b1111111111111111    20190524T123521226817
 7     170     2.4525      0.0       0.0    -0.0009      0.3    0.8    -666.000   24.1   0b1111111111111111    20190524T123521227100
 8     170     2.4367      0.0       0.0     0.0007      0.3    0.8    3655.125   24.1   0b1111111111111111    20190524T123521227444
 9     170     2.4345      0.0       0.0     0.0007      0.3    0.8    3651.750   24.1   0b1111111111111111    20190524T123521227732
10     170     2.4511      0.2       0.8     0.0014      0.4    0.8    1730.171   24.1   0b1111111111111111    20190524T123521228016
11     170     2.4390      0.0       0.0     0.0013      0.4    0.8    1829.250   24.1   0b1111111111111111    20190524T123521228354
12     170     2.4330      0.0       0.0     0.0023      0.3    0.8    1042.714   24.1   0b1111111111111111    20190524T123521228641
13     170     2.4405      0.0       0.0     0.0016      0.3    0.8    1541.368   24.1   0b1111111111111111    20190524T123521228921
14     170     2.4359      0.2       0.8     0.0008      0.0    0.0    2923.110   24.1   0b1111111111111111    20190524T123521229202
15     170     2.4405      0.0       0.0     0.0018      0.3    0.8    1331.182   24.1   0b1111111111111111    20190524T123521229525
 0     160     2.3889      0.3       0.7     0.0000      0.0    0.0    -666.000   24.1   0b1111111111111111    20190524T123524667964
 1     160     2.3978      0.0       0.0    -0.0017      0.2    0.8    -666.000   24.1   0b1111111111111111    20190524T123524668206
 2     160     2.4165      0.0       0.0     0.0016      0.3    0.8    1526.211   24.1   0b1111111111111111    20190524T123524668376
 3     160     2.3971      0.3       0.8     0.0016      0.3    0.8    1513.989   24.1   0b1111111111111111    20190524T123524668555
 4     160     2.4090      0.0       0.0     0.0007      0.3    0.8    3613.500   24.1   0b1111111111111111    20190524T123524668704
 5     160     2.4157      0.0       0.0     0.0003      0.4    0.8    7247.250   24.1   0b1111111111111111    20190524T123524668847
 6     160     2.4127      0.0       0.0     0.0013      0.4    0.8    1930.200   24.1   0b1111111111111111    20190524T123524668987
 7     160     2.4037      0.0       0.0    -0.0008      0.0    0.0    -666.000   24.1   0b1111111111111111    20190524T123524669126
 8     160     2.3895      0.0       0.0     0.0003      0.4    0.8    7168.500   24.1   0b1111111111111111    20190524T123524669265
 9     160     2.3871      0.3       0.8     0.0007      0.3    0.8    3580.650   24.1   0b1111111111111111    20190524T123524669408
10     160     2.4037      0.2       0.7     0.0013      0.4    0.8    1802.756   24.1   0b1111111111111111    20190524T123524669555
11     160     2.3918      0.0       0.0     0.0009      0.3    0.8    2609.182   24.1   0b1111111111111111    20190524T123524669693
12     160     2.3850      0.0       0.0     0.0022      0.4    0.8    1100.769   24.1   0b1111111111111111    20190524T123524669829
13     160     2.3925      0.0       0.0     0.0014      0.4    0.8    1688.824   24.1   0b1111111111111111    20190524T123524669965
14     160     2.3879      0.2       0.7     0.0008      0.0    0.0    2865.510   24.1   0b1111111111111111    20190524T123524670101
15     160     2.3920      0.3       0.8     0.0017      0.0    0.0    1435.185   24.1   0b1111111111111111    20190524T123524670236
 0     150     2.3430      0.0       0.0     0.0000      0.0    0.0    -666.000   24.1   0b1111111111111111    20190524T123528109999
 1     150     2.3527      0.0       0.0    -0.0017      0.0    0.0    -666.000   24.1   0b1111111111111111    20190524T123528110379
 2     150     2.3706      0.3       0.8     0.0010      0.3    0.8    2370.600   24.1   0b1111111111111111    20190524T123528110723
 3     150     2.3498      0.0       0.0     0.0014      0.4    0.8    1658.647   24.1   0b1111111111111111    20190524T123528111022
 4     150     2.3620      0.3       0.8     0.0004      0.4    0.8    5668.740   24.1   0b1111111111111111    20190524T123528111310
 5     150     2.3685      0.0       0.0     0.0003      0.4    0.8    7105.500   24.1   0b1111111111111111    20190524T123528111619
 6     150     2.3654      0.3       0.8     0.0013      0.4    0.8    1774.012   24.1   0b1111111111111111    20190524T123528111904
 7     150     2.3565      0.0       0.0    -0.0013      0.4    0.8    -666.000   24.1   0b1111111111111111    20190524T123528112186
 8     150     2.3448      0.4       0.8     0.0006      0.4    0.8    4019.657   24.1   0b1111111111111111    20190524T123528112588
 9     150     2.3416      0.2       0.7     0.0003      0.4    0.8    7024.725   24.1   0b1111111111111111    20190524T123528112881
10     150     2.3587      0.2       0.7     0.0011      0.4    0.8    2177.238   24.1   0b1111111111111111    20190524T123528113164
11     150     2.3461      0.2       0.8     0.0008      0.0    0.0    2815.290   24.1   0b1111111111111111    20190524T123528113471
12     150     2.3393      0.0       0.0     0.0019      0.4    0.8    1220.478   24.1   0b1111111111111111    20190524T123528113755
13     150     2.3460      0.0       0.0     0.0015      0.3    0.8    1564.000   24.1   0b1111111111111111    20190524T123528114037
14     150     2.3422      0.2       0.7     0.0008      0.0    0.0    2810.610   24.1   0b1111111111111111    20190524T123528114317
15     150     2.3471      0.4       0.8     0.0017      0.0    0.0    1408.275   24.1   0b1111111111111111    20190524T123528114615
 0     140     2.2950      0.0       0.0     0.0000      0.0    0.0    -666.000   24.1   0b1111111111111111    20190524T123531607563
 1     140     2.3040      0.0       0.0    -0.0017      0.2    0.8    -666.000   24.1   0b1111111111111111    20190524T123531607964
 2     140     2.3212      0.0       0.0     0.0009      0.3    0.8    2532.273   24.1   0b1111111111111111    20190524T123531608323
 3     140     2.3017      0.0       0.0     0.0014      0.4    0.8    1624.765   24.1   0b1111111111111111    20190524T123531608660
 4     140     2.3137      0.2       0.8     0.0001      0.2    0.8   27764.100   24.1   0b1111111111111111    20190524T123531608954
 5     140     2.3200      0.4       0.8     0.0002      0.4    0.8    9280.200   24.1   0b1111111111111111    20190524T123531609243
 6     140     2.3167      0.0       0.0     0.0008      0.0    0.0    2780.100   24.1   0b1111111111111111    20190524T123531609583
 7     140     2.3085      0.0       0.0    -0.0012      0.4    0.8    -666.000   24.1   0b1111111111111111    20190524T123531609869
 8     140     2.2980      0.0       0.0     0.0004      0.4    0.8    5515.200   24.1   0b1111111111111111    20190524T123531610165
 9     140     2.2950      0.0       0.0     0.0004      0.4    0.8    5508.000   24.1   0b1111111111111111    20190524T123531610499
10     140     2.3108      0.2       0.8     0.0008      0.0    0.0    2772.990   24.1   0b1111111111111111    20190524T123531610787
11     140     2.2991      0.4       0.8     0.0009      0.3    0.8    2508.136   24.1   0b1111111111111111    20190524T123531611098
12     140     2.2916      0.4       0.8     0.0020      0.4    0.8    1145.812   24.1   0b1111111111111111    20190524T123531611447
13     140     2.2981      0.2       0.8     0.0012      0.4    0.8    1969.779   24.1   0b1111111111111111    20190524T123531611739
14     140     2.2942      0.0       0.0     0.0008      0.0    0.0    2753.100   24.1   0b1111111111111111    20190524T123531612020
15     140     2.2995      0.0       0.0     0.0017      0.0    0.0    1379.700   24.1   0b1111111111111111    20190524T123531612354
 0     130     2.2462      0.0       0.0    -0.0002      0.4    0.8    -666.000   24.0   0b1111111111111111    20190524T123535059298
 1     130     2.2553      0.0       0.0    -0.0021      0.4    0.8    -666.000   24.0   0b1111111111111111    20190524T123535059754
 2     130     2.2725      0.0       0.0     0.0008      0.0    0.0    2727.000   24.0   0b1111111111111111    20190524T123535060076
 3     130     2.2530      0.0       0.0     0.0009      0.3    0.8    2457.818   24.0   0b1111111111111111    20190524T123535060375
 4     130     2.2652      0.3       0.8     0.0001      0.2    0.8   27181.800   24.0   0b1111111111111111    20190524T123535060692
 5     130     2.2714      0.4       0.8     0.0001      0.2    0.8   27256.500   24.0   0b1111111111111111    20190524T123535060987
 6     130     2.2680      0.0       0.0     0.0008      0.0    0.0    2721.600   24.0   0b1111111111111111    20190524T123535061274
 7     130     2.2605      0.0       0.0    -0.0015      0.3    0.8    -666.000   24.0   0b1111111111111111    20190524T123535061558
 8     130     2.2508      0.0       0.0     0.0003      0.4    0.8    6752.250   24.0   0b1111111111111111    20190524T123535061865
 9     130     2.2477      0.0       0.0     0.0002      0.3    0.8   13486.500   24.0   0b1111111111111111    20190524T123535062150
10     130     2.2635      0.0       0.0     0.0009      0.3    0.8    2469.273   24.0   0b1111111111111111    20190524T123535062485
11     130     2.2523      0.0       0.0     0.0008      0.0    0.0    2702.700   24.0   0b1111111111111111    20190524T123535062799
12     130     2.2440      0.0       0.0     0.0020      0.4    0.8    1122.000   24.0   0b1111111111111111    20190524T123535063082
13     130     2.2507      0.2       0.8     0.0013      0.4    0.8    1800.540   24.0   0b1111111111111111    20190524T123535063365
14     130     2.2469      0.2       0.8     0.0007      0.3    0.8    3370.388   24.0   0b1111111111111111    20190524T123535063666
15     130     2.2515      0.0       0.0     0.0017      0.0    0.0    1350.900   24.0   0b1111111111111111    20190524T123535063951
 0     120     2.1960      0.0       0.0    -0.0002      0.4    0.8    -666.000   24.1   0b1111111111111111    20190524T123538503226
 1     120     2.2072      0.0       0.0    -0.0018      0.3    0.8    -666.000   24.1   0b1111111111111111    20190524T123538503663
 2     120     2.2230      0.0       0.0     0.0009      0.3    0.8    2425.091   24.1   0b1111111111111111    20190524T123538503982
 3     120     2.2035      0.0       0.0     0.0011      0.4    0.8    2034.000   24.1   0b1111111111111111    20190524T123538504279
 4     120     2.2162      0.0       0.0     0.0001      0.2    0.8   26595.000   24.1   0b1111111111111111    20190524T123538504590
 5     120     2.2222      0.0       0.0     0.0000      0.0    0.0    -666.000   24.1   0b1111111111111111    20190524T123538504879
 6     120     2.2192      0.0       0.0     0.0008      0.0    0.0    2663.100   24.1   0b1111111111111111    20190524T123538505163
 7     120     2.2117      0.0       0.0    -0.0017      0.0    0.0    -666.000   24.1   0b1111111111111111    20190524T123538505483
 8     120     2.2035      0.0       0.0     0.0002      0.3    0.8   13221.000   24.1   0b1111111111111111    20190524T123538505769
 9     120     2.2013      0.0       0.0     0.0001      0.2    0.8   26415.000   24.1   0b1111111111111111    20190524T123538506090
10     120     2.2162      0.0       0.0     0.0008      0.0    0.0    2659.500   24.1   0b1111111111111111    20190524T123538506385
11     120     2.2050      0.0       0.0     0.0008      0.0    0.0    2646.000   24.1   0b1111111111111111    20190524T123538506687
12     120     2.1960      0.0       0.0     0.0017      0.0    0.0    1317.600   24.1   0b1111111111111111    20190524T123538506968
13     120     2.2035      0.0       0.0     0.0012      0.4    0.8    1888.714   24.1   0b1111111111111111    20190524T123538507247
14     120     2.1989      0.3       0.8     0.0007      0.2    0.8    2931.800   24.1   0b1111111111111111    20190524T123538507560
15     120     2.2035      0.0       0.0     0.0015      0.3    0.8    1469.000   24.1   0b1111111111111111    20190524T123538507699
 0     110     2.1480      0.0       0.0    -0.0001      0.2    0.8    -666.000   24.0   0b1111111111111111    20190524T123541945014
 1     110     2.1581      0.4       0.8    -0.0022      0.4    0.8    -666.000   24.0   0b1111111111111111    20190524T123541945678
 2     110     2.1735      0.0       0.0     0.0008      0.0    0.0    2608.200   24.0   0b1111111111111111    20190524T123541947225
 3     110     2.1547      0.0       0.0     0.0008      0.0    0.0    2585.700   24.0   0b1111111111111111    20190524T123541947797
 4     110     2.1690      0.0       0.0     0.0000      0.0    0.0    -666.000   24.0   0b1111111111111111    20190524T123541948374
 5     110     2.1750      0.0       0.0     0.0000      0.0    0.0    -666.000   24.0   0b1111111111111111    20190524T123541948917
 6     110     2.1720      0.0       0.0     0.0008      0.0    0.0    2606.400   24.0   0b1111111111111111    20190524T123541949454
 7     110     2.1652      0.2       0.8    -0.0016      0.3    0.8    -666.000   24.0   0b1111111111111111    20190524T123541950122
 8     110     2.1578      0.0       0.0     0.0000      0.0    0.0    -666.000   24.0   0b1111111111111111    20190524T123541950670
 9     110     2.1540      0.0       0.0     0.0000      0.0    0.0    -666.000   24.0   0b1111111111111111    20190524T123541951195
10     110     2.1693      0.4       0.7     0.0008      0.0    0.0    2603.160   24.0   0b1111111111111111    20190524T123541951744
11     110     2.1585      0.0       0.0     0.0008      0.0    0.0    2590.200   24.0   0b1111111111111111    20190524T123541952263
12     110     2.1489      0.3       0.8     0.0018      0.2    0.8    1227.943   24.0   0b1111111111111111    20190524T123541952798
13     110     2.1562      0.0       0.0     0.0010      0.3    0.8    2156.250   24.0   0b1111111111111111    20190524T123541953360
14     110     2.1518      0.0       0.0     0.0005      0.4    0.8    4303.500   24.0   0b1111111111111111    20190524T123541953770
15     110     2.1571      0.2       0.8     0.0015      0.3    0.8    1438.050   24.0   0b1111111111111111    20190524T123541954075
 0     100     2.0975      0.4       0.8    -0.0005      0.4    0.8    -666.000   24.0   0b1111111111111111    20190524T123545426250
 1     100     2.1075      0.0       0.0    -0.0025      0.0    0.0    -666.000   24.0   0b1111111111111111    20190524T123545426692
 2     100     2.1218      0.2       0.8     0.0008      0.0    0.0    2546.190   24.0   0b1111111111111111    20190524T123545427016
 3     100     2.1045      0.0       0.0     0.0010      0.3    0.8    2104.500   24.0   0b1111111111111111    20190524T123545427318
 4     100     2.1195      0.0       0.0     0.0000      0.0    0.0    -666.000   24.0   0b1111111111111111    20190524T123545427609
 5     100     2.1255      0.0       0.0     0.0000      0.0    0.0    -666.000   24.0   0b1111111111111111    20190524T123545427872
 6     100     2.1225      0.0       0.0     0.0008      0.0    0.0    2547.000   24.0   0b1111111111111111    20190524T123545428021
 7     100     2.1156      0.3       0.8    -0.0017      0.0    0.0    -666.000   24.0   0b1111111111111111    20190524T123545428160
 8     100     2.1082      0.0       0.0     0.0001      0.2    0.8   25299.000   24.0   0b1111111111111111    20190524T123545428300
 9     100     2.1053      0.0       0.0     0.0001      0.2    0.8   25263.000   24.0   0b1111111111111111    20190524T123545428440
10     100     2.1202      0.0       0.0     0.0009      0.3    0.8    2313.000   24.0   0b1111111111111111    20190524T123545428578
11     100     2.1097      0.0       0.0     0.0007      0.2    0.8    2813.000   24.0   0b1111111111111111    20190524T123545428727
12     100     2.1000      0.0       0.0     0.0017      0.0    0.0    1260.000   24.0   0b1111111111111111    20190524T123545428890
13     100     2.1067      0.0       0.0     0.0009      0.3    0.8    2298.273   24.0   0b1111111111111111    20190524T123545429029
14     100     2.1023      0.0       0.0     0.0002      0.3    0.8   12613.500   24.0   0b1111111111111111    20190524T123545429166
15     100     2.1082      0.0       0.0     0.0017      0.0    0.0    1264.950   24.0   0b1111111111111111    20190524T123545429304
 0      90     2.0458      0.3       0.8    -0.0002      0.4    0.8    -666.000   24.0   0b1111111111111111    20190524T123548868584
 1      90     2.0572      0.0       0.0    -0.0025      0.0    0.0    -666.000   24.0   0b1111111111111111    20190524T123548868991
 2      90     2.0722      0.0       0.0     0.0005      0.4    0.8    4144.500   24.0   0b1111111111111111    20190524T123548869305
 3      90     2.0528      0.0       0.0     0.0008      0.0    0.0    2463.300   24.0   0b1111111111111111    20190524T123548869624
 4      90     2.0700      0.0       0.0     0.0000      0.0    0.0    -666.000   24.0   0b1111111111111111    20190524T123548869918
 5      90     2.0745      0.0       0.0     0.0000      0.0    0.0    -666.000   24.0   0b1111111111111111    20190524T123548870206
 6      90     2.0719      0.4       0.8     0.0008      0.0    0.0    2486.250   24.0   0b1111111111111111    20190524T123548870514
 7      90     2.0648      0.0       0.0    -0.0017      0.0    0.0    -666.000   24.0   0b1111111111111111    20190524T123548870804
 8      90     2.0590      0.3       0.8     0.0000      0.0    0.0    -666.000   24.0   0b1111111111111111    20190524T123548871088
 9      90     2.0558      0.0       0.0     0.0001      0.2    0.8   24669.000   24.0   0b1111111111111111    20190524T123548871369
10      90     2.0701      0.2       0.7     0.0008      0.0    0.0    2484.090   24.0   0b1111111111111111    20190524T123548871735
11      90     2.0595      0.0       0.0     0.0007      0.2    0.8    2746.000   24.0   0b1111111111111111    20190524T123548872023
12      90     2.0505      0.0       0.0     0.0016      0.3    0.8    1295.053   24.0   0b1111111111111111    20190524T123548872305
13      90     2.0580      0.0       0.0     0.0008      0.0    0.0    2469.600   24.0   0b1111111111111111    20190524T123548872612
14      90     2.0535      0.0       0.0     0.0002      0.4    0.8    8214.000   24.0   0b1111111111111111    20190524T123548872894
15      90     2.0587      0.0       0.0     0.0014      0.4    0.8    1453.235   24.0   0b1111111111111111    20190524T123548873173
 0      80     1.9950      0.0       0.0    -0.0007      0.2    0.8    -666.000   24.0   0b1111111111111111    20190524T123552311662
 1      80     2.0061      0.3       0.8    -0.0025      0.0    0.0    -666.000   24.0   0b1111111111111111    20190524T123552312060
 2      80     2.0205      0.0       0.0     0.0005      0.4    0.8    4041.000   24.0   0b1111111111111111    20190524T123552312362
 3      80     2.0018      0.0       0.0     0.0007      0.2    0.8    2669.000   24.0   0b1111111111111111    20190524T123552312681
 4      80     2.0175      0.0       0.0     0.0000      0.0    0.0    -666.000   24.0   0b1111111111111111    20190524T123552312972
 5      80     2.0228      0.2       0.8     0.0000      0.0    0.0    -666.000   24.0   0b1111111111111111    20190524T123552313271
 6      80     2.0203      0.3       0.8     0.0007      0.3    0.8    3030.525   24.0   0b1111111111111111    20190524T123552313555
 7      80     2.0130      0.0       0.0    -0.0017      0.0    0.0    -666.000   24.0   0b1111111111111111    20190524T123552313858
 8      80     2.0093      0.0       0.0     0.0000      0.0    0.0    -666.000   24.0   0b1111111111111111    20190524T123552314141
 9      80     2.0048      0.0       0.0     0.0000      0.0    0.0    -666.000   24.0   0b1111111111111111    20190524T123552314444
10      80     2.0191      0.2       0.7     0.0007      0.2    0.8    2692.100   24.0   0b1111111111111111    20190524T123552314770
11      80     2.0093      0.0       0.0     0.0006      0.4    0.8    3444.429   24.0   0b1111111111111111    20190524T123552315054
12      80     2.0001      0.3       0.8     0.0017      0.0    0.0    1200.060   24.0   0b1111111111111111    20190524T123552315334
13      80     2.0072      0.3       0.8     0.0008      0.0    0.0    2408.580   24.0   0b1111111111111111    20190524T123552315614
14      80     2.0025      0.0       0.0     0.0000      0.0    0.0    -666.000   24.0   0b1111111111111111    20190524T123552315919
15      80     2.0078      0.0       0.0     0.0011      0.4    0.8    1853.308   24.0   0b1111111111111111    20190524T123552316199
 0      70     1.9454      0.2       0.8    -0.0008      0.0    0.0    -666.000   24.0   0b1111111111111111    20190524T123555754693
 1      70     1.9560      0.0       0.0    -0.0025      0.0    0.0    -666.000   24.0   0b1111111111111111    20190524T123555755098
 2      70     1.9695      0.0       0.0     0.0001      0.2    0.8   23634.000   24.0   0b1111111111111111    20190524T123555755479
 3      70     1.9522      0.0       0.0     0.0008      0.0    0.0    2342.700   24.0   0b1111111111111111    20190524T123555755789
 4      70     1.9675      0.3       0.8    -0.0001      0.2    0.8    -666.000   24.0   0b1111111111111111    20190524T123555756083
 5      70     1.9718      0.0       0.0    -0.0001      0.2    0.8    -666.000   24.0   0b1111111111111111    20190524T123555756372
 6      70     1.9690      0.3       0.8     0.0007      0.3    0.8    2953.463   24.0   0b1111111111111111    20190524T123555756682
 7      70     1.9635      0.0       0.0    -0.0017      0.0    0.0    -666.000   24.0   0b1111111111111111    20190524T123555756966
 8      70     1.9597      0.2       0.8    -0.0001      0.2    0.8    -666.000   24.0   0b1111111111111111    20190524T123555757294
 9      70     1.9560      0.0       0.0    -0.0001      0.2    0.8    -666.000   24.0   0b1111111111111111    20190524T123555757592
10      70     1.9695      0.0       0.0     0.0007      0.3    0.8    2954.250   24.0   0b1111111111111111    20190524T123555757732
11      70     1.9598      0.0       0.0     0.0002      0.4    0.8    7839.000   24.0   0b1111111111111111    20190524T123555757870
12      70     1.9507      0.0       0.0     0.0015      0.3    0.8    1300.500   24.0   0b1111111111111111    20190524T123555758007
13      70     1.9567      0.0       0.0     0.0008      0.0    0.0    2348.100   24.0   0b1111111111111111    20190524T123555758145
14      70     1.9530      0.0       0.0     0.0000      0.0    0.0    -666.000   24.0   0b1111111111111111    20190524T123555758281
15      70     1.9583      0.0       0.0     0.0011      0.4    0.8    1807.615   24.0   0b1111111111111111    20190524T123555758433
 0      60     1.8939      0.3       0.8    -0.0007      0.2    0.8    -666.000   24.0   0b1111111111111111    20190524T123559196281
 1      60     1.9059      0.3       0.8    -0.0025      0.0    0.0    -666.000   24.0   0b1111111111111111    20190524T123559196523
 2      60     1.9194      0.3       0.8     0.0001      0.2    0.8   23032.800   24.0   0b1111111111111111    20190524T123559196819
 3      60     1.9016      0.4       0.7     0.0006      0.4    0.8    3259.800   24.0   0b1111111111111111    20190524T123559197131
 4      60     1.9163      0.0       0.0    -0.0005      0.4    0.8    -666.000   24.0   0b1111111111111111    20190524T123559197289
 5      60     1.9213      0.3       0.8    -0.0001      0.2    0.8    -666.000   24.0   0b1111111111111111    20190524T123559197457
 6      60     1.9178      0.0       0.0     0.0002      0.4    0.8    7671.000   24.0   0b1111111111111111    20190524T123559197614
 7      60     1.9118      0.0       0.0    -0.0017      0.0    0.0    -666.000   24.0   0b1111111111111111    20190524T123559197768
 8      60     1.9103      0.0       0.0    -0.0003      0.4    0.8    -666.000   24.0   0b1111111111111111    20190524T123559197913
 9      60     1.9072      0.0       0.0    -0.0001      0.2    0.8    -666.000   24.0   0b1111111111111111    20190524T123559198056
10      60     1.9200      0.0       0.0     0.0007      0.2    0.8    2560.000   24.0   0b1111111111111111    20190524T123559198198
11      60     1.9109      0.2       0.8     0.0002      0.4    0.8    7643.700   24.0   0b1111111111111111    20190524T123559198340
12      60     1.9005      0.0       0.0     0.0012      0.4    0.8    1629.000   24.0   0b1111111111111111    20190524T123559198511
13      60     1.9065      0.0       0.0     0.0007      0.2    0.8    2542.000   24.0   0b1111111111111111    20190524T123559198655
14      60     1.9027      0.0       0.0     0.0000      0.0    0.0    -666.000   24.0   0b1111111111111111    20190524T123559198791
15      60     1.9080      0.0       0.0     0.0008      0.0    0.0    2289.600   24.0   0b1111111111111111    20190524T123559198927
 0      50     1.8442      0.0       0.0    -0.0008      0.0    0.0    -666.000   24.0   0b1111111111111111    20190524T123602642341
 1      50     1.8557      0.3       0.8    -0.0026      0.3    0.8    -666.000   24.0   0b1111111111111111    20190524T123602642781
 2      50     1.8689      0.3       0.8     0.0000      0.0    0.0    -666.000   24.0   0b1111111111111111    20190524T123602643098
 3      50     1.8510      0.0       0.0     0.0003      0.4    0.8    5553.000   24.0   0b1111111111111111    20190524T123602643395
 4      50     1.8653      0.0       0.0    -0.0007      0.3    0.8    -666.000   24.0   0b1111111111111111    20190524T123602643710
 5      50     1.8697      0.0       0.0    -0.0002      0.3    0.8    -666.000   24.0   0b1111111111111111    20190524T123602644000
 6      50     1.8661      0.2       0.8     0.0000      0.0    0.0    -666.000   24.0   0b1111111111111111    20190524T123602644284
 7      50     1.8615      0.0       0.0    -0.0019      0.4    0.8    -666.000   24.0   0b1111111111111111    20190524T123602644567
 8      50     1.8607      0.0       0.0    -0.0004      0.4    0.8    -666.000   24.0   0b1111111111111111    20190524T123602644873
 9      50     1.8577      0.0       0.0    -0.0001      0.2    0.8    -666.000   24.0   0b1111111111111111    20190524T123602645202
10      50     1.8697      0.0       0.0     0.0004      0.4    0.8    4487.400   24.0   0b1111111111111111    20190524T123602645489
11      50     1.8610      0.4       0.8     0.0002      0.3    0.8   11166.300   24.0   0b1111111111111111    20190524T123602645792
12      50     1.8503      0.0       0.0     0.0013      0.4    0.8    1387.687   24.0   0b1111111111111111    20190524T123602646078
13      50     1.8562      0.0       0.0     0.0007      0.3    0.8    2784.375   24.0   0b1111111111111111    20190524T123602646361
14      50     1.8526      0.2       0.8     0.0000      0.0    0.0    -666.000   24.0   0b1111111111111111    20190524T123602646661
15      50     1.8585      0.0       0.0     0.0010      0.3    0.8    1858.500   24.0   0b1111111111111111    20190524T123602646945
 0      40     1.7940      0.0       0.0    -0.0008      0.0    0.0    -666.000   24.0   0b1111111111111111    20190524T123606084606
 1      40     1.8053      0.0       0.0    -0.0027      0.3    0.8    -666.000   24.0   0b1111111111111111    20190524T123606085003
 2      40     1.8180      0.0       0.0     0.0000      0.0    0.0    -666.000   24.0   0b1111111111111111    20190524T123606085326
 3      40     1.8008      0.0       0.0     0.0002      0.4    0.8    7203.000   24.0   0b1111111111111111    20190524T123606085651
 4      40     1.8135      0.0       0.0    -0.0007      0.2    0.8    -666.000   24.0   0b1111111111111111    20190524T123606085945
 5      40     1.8181      0.3       0.8    -0.0006      0.4    0.8    -666.000   24.0   0b1111111111111111    20190524T123606086232
 6      40     1.8150      0.0       0.0     0.0002      0.3    0.8   10890.000   24.0   0b1111111111111111    20190524T123606086540
 7      40     1.8099      0.3       0.8    -0.0020      0.4    0.8    -666.000   24.0   0b1111111111111111    20190524T123606086854
 8      40     1.8113      0.0       0.0    -0.0007      0.3    0.8    -666.000   24.0   0b1111111111111111    20190524T123606087161
 9      40     1.8079      0.4       0.7    -0.0002      0.3    0.8    -666.000   24.0   0b1111111111111111    20190524T123606087475
10      40     1.8196      0.2       0.8     0.0005      0.4    0.8    3639.150   24.0   0b1111111111111111    20190524T123606087761
11      40     1.8113      0.0       0.0     0.0000      0.0    0.0    -666.000   24.0   0b1111111111111111    20190524T123606088043
12      40     1.8000      0.0       0.0     0.0008      0.0    0.0    2160.000   24.0   0b1111111111111111    20190524T123606088324
13      40     1.8065      0.3       0.7     0.0007      0.2    0.8    2408.700   24.0   0b1111111111111111    20190524T123606088630
14      40     1.8030      0.0       0.0     0.0000      0.0    0.0    -666.000   24.0   0b1111111111111111    20190524T123606088912
15      40     1.8082      0.2       0.7     0.0008      0.0    0.0    2169.810   24.0   0b1111111111111111    20190524T123606089192
 0      30     1.7452      0.0       0.0    -0.0008      0.0    0.0    -666.000   24.0   0b1111111111111111    20190524T123609543675
 1      30     1.7572      0.0       0.0    -0.0027      0.3    0.8    -666.000   24.0   0b1111111111111111    20190524T123609544091
 2      30     1.7685      0.0       0.0     0.0000      0.0    0.0    -666.000   24.0   0b1111111111111111    20190524T123609544434
 3      30     1.7513      0.0       0.0     0.0000      0.0    0.0    -666.000   24.0   0b1111111111111111    20190524T123609544736
 4      30     1.7647      0.0       0.0    -0.0008      0.0    0.0    -666.000   24.0   0b1111111111111111    20190524T123609545028
 5      30     1.7677      0.0       0.0    -0.0004      0.4    0.8    -666.000   24.0   0b1111111111111111    20190524T123609545318
 6      30     1.7656      0.3       0.8     0.0000      0.0    0.0    -666.000   24.0   0b1111111111111111    20190524T123609545625
 7      30     1.7602      0.0       0.0    -0.0022      0.4    0.8    -666.000   24.0   0b1111111111111111    20190524T123609545909
 8      30     1.7632      0.0       0.0    -0.0007      0.3    0.8    -666.000   24.0   0b1111111111111111    20190524T123609546193
 9      30     1.7602      0.0       0.0    -0.0002      0.4    0.8    -666.000   24.0   0b1111111111111111    20190524T123609546496
10      30     1.7723      0.2       0.8     0.0002      0.3    0.8   10633.950   24.0   0b1111111111111111    20190524T123609546829
11      30     1.7632      0.0       0.0     0.0000      0.0    0.0    -666.000   24.0   0b1111111111111111    20190524T123609547117
12      30     1.7518      0.3       0.7     0.0009      0.3    0.8    1911.027   24.0   0b1111111111111111    20190524T123609547430
13      30     1.7580      0.0       0.0     0.0004      0.4    0.8    4219.200   24.0   0b1111111111111111    20190524T123609547718
14      30     1.7550      0.0       0.0     0.0000      0.0    0.0    -666.000   24.0   0b1111111111111111    20190524T123609548000
15      30     1.7595      0.0       0.0     0.0008      0.0    0.0    2111.400   24.0   0b1111111111111111    20190524T123609548279
 0      20     1.6964      0.2       0.8    -0.0008      0.0    0.0    -666.000   23.9   0b1111111111111111    20190524T123612986719
 1      20     1.7070      0.0       0.0    -0.0030      0.4    0.8    -666.000   23.9   0b1111111111111111    20190524T123612987144
 2      20     1.7176      0.3       0.8     0.0000      0.0    0.0    -666.000   23.9   0b1111111111111111    20190524T123612987496
 3      20     1.7018      0.0       0.0     0.0002      0.3    0.8   10210.500   23.9   0b1111111111111111    20190524T123612987815
 4      20     1.7145      0.0       0.0    -0.0008      0.0    0.0    -666.000   23.9   0b1111111111111111    20190524T123612987960
 5      20     1.7167      0.0       0.0    -0.0007      0.2    0.8    -666.000   23.9   0b1111111111111111    20190524T123612988100
 6      20     1.7152      0.0       0.0     0.0000      0.0    0.0    -666.000   23.9   0b1111111111111111    20190524T123612988237
 7      20     1.7103      0.4       0.7    -0.0024      0.2    0.8    -666.000   23.9   0b1111111111111111    20190524T123612988374
 8      20     1.7145      0.0       0.0    -0.0008      0.0    0.0    -666.000   23.9   0b1111111111111111    20190524T123612988512
 9      20     1.7115      0.0       0.0    -0.0004      0.4    0.8    -666.000   23.9   0b1111111111111111    20190524T123612988660
10      20     1.7235      0.0       0.0     0.0001      0.2    0.8   20682.000   23.9   0b1111111111111111    20190524T123612988799
11      20     1.7145      0.0       0.0     0.0000      0.0    0.0    -666.000   23.9   0b1111111111111111    20190524T123612988935
12      20     1.7025      0.0       0.0     0.0009      0.3    0.8    1857.273   23.9   0b1111111111111111    20190524T123612989073
13      20     1.7084      0.3       0.8     0.0002      0.4    0.8    6833.400   23.9   0b1111111111111111    20190524T123612989209
14      20     1.7055      0.0       0.0     0.0000      0.0    0.0    -666.000   23.9   0b1111111111111111    20190524T123612989345
15      20     1.7100      0.0       0.0     0.0008      0.0    0.0    2052.000   23.9   0b1111111111111111    20190524T123612989481
 0      10     1.6470      0.0       0.0    -0.0008      0.0    0.0    -666.000   23.9   0b1111111111111111    20190524T123616428463
 1      10     1.6574      0.2       0.8    -0.0032      0.3    0.8    -666.000   23.9   0b1111111111111111    20190524T123616428810
 2      10     1.6672      0.0       0.0    -0.0001      0.2    0.8    -666.000   23.9   0b1111111111111111    20190524T123616429087
 3      10     1.6521      0.3       0.8     0.0000      0.0    0.0    -666.000   23.9   0b1111111111111111    20190524T123616429342
 4      10     1.6643      0.0       0.0    -0.0008      0.0    0.0    -666.000   23.9   0b1111111111111111    20190524T123616429607
 5      10     1.6665      0.0       0.0    -0.0007      0.3    0.8    -666.000   23.9   0b1111111111111111    20190524T123616429867
 6      10     1.6648      0.3       0.7     0.0000      0.0    0.0    -666.000   23.9   0b1111111111111111    20190524T123616430119
 7      10     1.6605      0.0       0.0    -0.0025      0.0    0.0    -666.000   23.9   0b1111111111111111    20190524T123616430349
 8      10     1.6657      0.0       0.0    -0.0008      0.0    0.0    -666.000   23.9   0b1111111111111111    20190524T123616430587
 9      10     1.6628      0.0       0.0    -0.0005      0.4    0.8    -666.000   23.9   0b1111111111111111    20190524T123616430818
10      10     1.6740      0.0       0.0     0.0000      0.0    0.0    -666.000   23.9   0b1111111111111111    20190524T123616431057
11      10     1.6657      0.0       0.0     0.0000      0.0    0.0    -666.000   23.9   0b1111111111111111    20190524T123616431301
12      10     1.6530      0.0       0.0     0.0008      0.0    0.0    1983.600   23.9   0b1111111111111111    20190524T123616431614
13      10     1.6589      0.2       0.8     0.0002      0.4    0.8    6635.700   23.9   0b1111111111111111    20190524T123616431858
14      10     1.6560      0.0       0.0    -0.0001      0.2    0.8    -666.000   23.9   0b1111111111111111    20190524T123616432099
15      10     1.6612      0.2       0.8     0.0008      0.0    0.0    1993.410   23.9   0b1111111111111111    20190524T123616432340
 0       0     1.5974      0.2       0.8    -0.0010      0.3    0.8    -666.000   23.9   0b1111111111111111    20190524T123619873706
 1       0     1.6073      0.0       0.0    -0.0033      0.3    0.8    -666.000   23.9   0b1111111111111111    20190524T123619874109
 2       0     1.6170      0.0       0.0    -0.0005      0.4    0.8    -666.000   23.9   0b1111111111111111    20190524T123619874459
 3       0     1.6022      0.3       0.8     0.0000      0.0    0.0    -666.000   23.9   0b1111111111111111    20190524T123619874765
 4       0     1.6135      0.3       0.8    -0.0008      0.0    0.0    -666.000   23.9   0b1111111111111111    20190524T123619875058
 5       0     1.6155      0.0       0.0    -0.0008      0.0    0.0    -666.000   23.9   0b1111111111111111    20190524T123619875346
 6       0     1.6142      0.3       0.8     0.0000      0.0    0.0    -666.000   23.9   0b1111111111111111    20190524T123619875656
 7       0     1.6103      0.0       0.0    -0.0025      0.0    0.0    -666.000   23.9   0b1111111111111111    20190524T123619875940
 8       0     1.6170      0.0       0.0    -0.0008      0.0    0.0    -666.000   23.9   0b1111111111111111    20190524T123619876246
 9       0     1.6136      0.4       0.8    -0.0007      0.2    0.8    -666.000   23.9   0b1111111111111111    20190524T123619876584
10       0     1.6250      0.3       0.8     0.0000      0.0    0.0    -666.000   23.9   0b1111111111111111    20190524T123619876869
11       0     1.6170      0.0       0.0    -0.0001      0.2    0.8    -666.000   23.9   0b1111111111111111    20190524T123619877150
12       0     1.6035      0.0       0.0     0.0008      0.0    0.0    1924.200   23.9   0b1111111111111111    20190524T123619877469
13       0     1.6094      0.3       0.8     0.0000      0.0    0.0    -666.000   23.9   0b1111111111111111    20190524T123619877653
14       0     1.6073      0.0       0.0    -0.0004      0.4    0.8    -666.000   23.9   0b1111111111111111    20190524T123619877789
15       0     1.6110      0.0       0.0     0.0007      0.3    0.8    2416.500   23.9   0b1111111111111111    20190524T123619877927
