CH# Vset[DAC]   V[V]    dVRMS[mV] dVpp[mV]    I[A]  dIRMS[mA] dIpp[mA]   R[ohm]   T[C]   State                Timestamp
 0     250     2.8560      0.0       0.0     0.1294      0.5    1.7      22.068   23.4   0b1111111111111111    20190524T102710892943
 1     250     2.8523      0.0       0.0     0.5662      0.4    0.8       5.038   23.4   0b1111111111111111    20190524T102710893425
 2     250     2.8665      0.0       0.0     0.1306      0.7    1.7      21.951   23.4   0b1111111111111111    20190524T102710895091
 3     250     2.8672      0.0       0.0     0.5693      0.6    1.7       5.036   23.4   0b1111111111111111    20190524T102710895492
 4     250     2.8539      0.3       0.8     0.1322      0.7    2.5      21.593   23.4   0b1111111111111111    20190524T102710895836
 5     250     2.8702      0.0       0.0     0.5699      0.6    1.7       5.036   23.4   0b1111111111111111    20190524T102710896133
 6     250     2.8665      0.0       0.0     0.1307      0.6    1.7      21.937   23.4   0b1111111111111111    20190524T102710896514
 7     250     2.8545      0.0       0.0     0.5655      0.4    0.8       5.048   23.4   0b1111111111111111    20190524T102710896825
 8     250     2.8573      0.3       0.8     0.1300      0.5    1.7      21.979   23.4   0b1111111111111111    20190524T102710897114
 9     250     2.8674      0.3       0.7     0.5703      0.7    2.5       5.028   23.4   0b1111111111111111    20190524T102710897440
10     250     2.8770      0.0       0.0     0.1338      0.6    1.7      21.510   23.4   0b1111111111111111    20190524T102710897633
11     250     2.8523      0.2       0.8     0.5683      0.6    2.5       5.019   23.4   0b1111111111111111    20190524T102710897771
12     250     2.8612      0.0       0.0     0.1322      0.6    1.7      21.649   23.4   0b1111111111111111    20190524T102710897989
13     250     2.8523      0.0       0.0     0.5651      0.4    1.7       5.047   23.4   0b1111111111111111    20190524T102710898203
14     250     2.8598      0.0       0.0     0.1343      0.9    3.3      21.302   23.4   0b1111111111111111    20190524T102710898341
15     250     2.8816      0.3       0.8     0.5738      1.1    4.2       5.022   23.4   0b1111111111111111    20190524T102710898507
 0     240     2.8072      0.0       0.0     0.1272      0.4    0.8      22.075   23.4   0b1111111111111111    20190524T102714342481
 1     240     2.8038      0.4       0.7     0.5569      0.4    0.8       5.035   23.4   0b1111111111111111    20190524T102714342897
 2     240     2.8178      0.0       0.0     0.1284      0.2    0.8      21.942   23.4   0b1111111111111111    20190524T102714343208
 3     240     2.8185      0.0       0.0     0.5596      0.4    0.8       5.037   23.4   0b1111111111111111    20190524T102714343562
 4     240     2.8051      0.2       0.8     0.1298      0.4    0.8      21.619   23.4   0b1111111111111111    20190524T102714343859
 5     240     2.8220      0.3       0.8     0.5603      0.6    1.7       5.036   23.4   0b1111111111111111    20190524T102714344147
 6     240     2.8178      0.0       0.0     0.1287      0.4    0.8      21.900   23.4   0b1111111111111111    20190524T102714344488
 7     240     2.8058      0.0       0.0     0.5557      0.2    0.8       5.049   23.4   0b1111111111111111    20190524T102714344778
 8     240     2.8081      0.3       0.8     0.1282      0.3    0.8      21.910   23.4   0b1111111111111111    20190524T102714345061
 9     240     2.8185      0.0       0.0     0.5603      0.4    0.8       5.031   23.4   0b1111111111111111    20190524T102714345431
10     240     2.8281      0.3       0.7     0.1315      0.5    1.7      21.506   23.4   0b1111111111111111    20190524T102714345745
11     240     2.8035      0.0       0.0     0.5587      0.4    0.8       5.018   23.4   0b1111111111111111    20190524T102714346029
12     240     2.8125      0.0       0.0     0.1298      0.6    1.7      21.662   23.4   0b1111111111111111    20190524T102714346309
13     240     2.8035      0.0       0.0     0.5553      0.4    0.8       5.048   23.4   0b1111111111111111    20190524T102714346640
14     240     2.8112      0.3       0.7     0.1314      0.7    1.7      21.391   23.4   0b1111111111111111    20190524T102714346935
15     240     2.8328      0.0       0.0     0.5648      0.5    1.7       5.016   23.4   0b1111111111111111    20190524T102714347217
 0     230     2.7600      0.0       0.0     0.1251      0.2    0.8      22.065   23.4   0b1111111111111111    20190524T102717791251
 1     230     2.7563      0.0       0.0     0.5475      0.0    0.0       5.034   23.4   0b1111111111111111    20190524T102717791728
 2     230     2.7705      0.0       0.0     0.1263      0.4    0.8      21.945   23.4   0b1111111111111111    20190524T102717792070
 3     230     2.7709      0.4       0.8     0.5498      0.3    0.8       5.039   23.4   0b1111111111111111    20190524T102717792371
 4     230     2.7578      0.0       0.0     0.1275      0.4    1.7      21.629   23.4   0b1111111111111111    20190524T102717792707
 5     230     2.7742      0.0       0.0     0.5509      0.4    1.7       5.036   23.4   0b1111111111111111    20190524T102717793011
 6     230     2.7705      0.0       0.0     0.1263      0.4    0.8      21.930   23.4   0b1111111111111111    20190524T102717793296
 7     230     2.7585      0.0       0.0     0.5468      0.3    0.8       5.044   23.4   0b1111111111111111    20190524T102717793581
 8     230     2.7608      0.0       0.0     0.1257      0.4    1.7      21.954   23.4   0b1111111111111111    20190524T102717793933
 9     230     2.7705      0.0       0.0     0.5506      0.4    0.8       5.032   23.4   0b1111111111111111    20190524T102717794309
10     230     2.7802      0.0       0.0     0.1293      0.4    1.7      21.511   23.4   0b1111111111111111    20190524T102717794616
11     230     2.7563      0.0       0.0     0.5486      0.5    1.7       5.024   23.4   0b1111111111111111    20190524T102717794982
12     230     2.7649      0.4       0.7     0.1275      0.4    1.7      21.685   23.4   0b1111111111111111    20190524T102717795266
13     230     2.7563      0.0       0.0     0.5460      0.3    0.8       5.048   23.4   0b1111111111111111    20190524T102717795549
14     230     2.7638      0.0       0.0     0.1295      0.4    0.8      21.342   23.4   0b1111111111111111    20190524T102717795878
15     230     2.7847      0.0       0.0     0.5550      0.4    1.7       5.018   23.4   0b1111111111111111    20190524T102717796164
 0     220     2.7107      0.3       0.7     0.1229      0.4    0.8      22.053   23.4   0b1111111111111111    20190524T102721242099
 1     220     2.7075      0.0       0.0     0.5376      0.3    0.8       5.036   23.4   0b1111111111111111    20190524T102721242573
 2     220     2.7218      0.0       0.0     0.1242      0.0    0.0      21.920   23.4   0b1111111111111111    20190524T102721242884
 3     220     2.7220      0.3       0.8     0.5402      0.3    0.8       5.039   23.4   0b1111111111111111    20190524T102721243175
 4     220     2.7098      0.0       0.0     0.1253      0.4    0.8      21.620   23.4   0b1111111111111111    20190524T102721243520
 5     220     2.7247      0.0       0.0     0.5412      0.4    0.8       5.035   23.4   0b1111111111111111    20190524T102721243814
 6     220     2.7218      0.0       0.0     0.1241      0.2    0.8      21.935   23.4   0b1111111111111111    20190524T102721244096
 7     220     2.7098      0.0       0.0     0.5369      0.4    0.8       5.047   23.4   0b1111111111111111    20190524T102721244378
 8     220     2.7120      0.0       0.0     0.1237      0.4    0.8      21.930   23.4   0b1111111111111111    20190524T102721244712
 9     220     2.7225      0.0       0.0     0.5413      0.4    0.8       5.030   23.4   0b1111111111111111    20190524T102721245052
10     220     2.7315      0.0       0.0     0.1268      0.2    0.8      21.550   23.4   0b1111111111111111    20190524T102721245340
11     220     2.7067      0.0       0.0     0.5391      0.2    0.8       5.021   23.4   0b1111111111111111    20190524T102721245684
12     220     2.7157      0.0       0.0     0.1251      0.2    0.8      21.712   23.4   0b1111111111111111    20190524T102721245969
13     220     2.7068      0.2       0.8     0.5364      0.4    0.8       5.046   23.4   0b1111111111111111    20190524T102721246262
14     220     2.7153      0.4       0.7     0.1271      0.4    0.8      21.366   23.4   0b1111111111111111    20190524T102721246599
15     220     2.7360      0.0       0.0     0.5456      0.4    0.8       5.015   23.4   0b1111111111111111    20190524T102721246887
 0     210     2.6618      0.0       0.0     0.1206      0.4    0.8      22.074   23.5   0b1111111111111111    20190524T102724692693
 1     210     2.6588      0.0       0.0     0.5279      0.4    0.8       5.036   23.5   0b1111111111111111    20190524T102724693094
 2     210     2.6723      0.0       0.0     0.1217      0.0    0.0      21.964   23.5   0b1111111111111111    20190524T102724693410
 3     210     2.6730      0.0       0.0     0.5304      0.4    0.8       5.039   23.5   0b1111111111111111    20190524T102724693792
 4     210     2.6609      0.3       0.8     0.1233      0.3    0.8      21.589   23.5   0b1111111111111111    20190524T102724694095
 5     210     2.6760      0.0       0.0     0.5317      0.4    1.7       5.033   23.5   0b1111111111111111    20190524T102724694385
 6     210     2.6725      0.3       0.7     0.1217      0.0    0.0      21.966   23.5   0b1111111111111111    20190524T102724694718
 7     210     2.6610      0.0       0.0     0.5272      0.4    0.8       5.047   23.5   0b1111111111111111    20190524T102724695015
 8     210     2.6627      0.3       0.8     0.1212      0.4    0.8      21.975   23.5   0b1111111111111111    20190524T102724695297
 9     210     2.6730      0.0       0.0     0.5313      0.4    0.8       5.031   23.5   0b1111111111111111    20190524T102724695580
10     210     2.6820      0.0       0.0     0.1246      0.4    0.8      21.528   23.5   0b1111111111111111    20190524T102724695940
11     210     2.6579      0.3       0.8     0.5293      0.3    0.8       5.021   23.5   0b1111111111111111    20190524T102724696228
12     210     2.6668      0.3       0.8     0.1227      0.4    0.8      21.725   23.5   0b1111111111111111    20190524T102724696510
13     210     2.6580      0.0       0.0     0.5266      0.3    0.8       5.048   23.5   0b1111111111111111    20190524T102724696858
14     210     2.6663      0.0       0.0     0.1250      0.4    1.7      21.330   23.5   0b1111111111111111    20190524T102724697149
15     210     2.6864      0.2       0.8     0.5354      0.4    0.8       5.017   23.5   0b1111111111111111    20190524T102724697431
 0     200     2.6125      0.4       0.8     0.1183      0.0    0.0      22.078   23.5   0b1111111111111111    20190524T102728145460
 1     200     2.6092      0.0       0.0     0.5183      0.3    0.8       5.035   23.5   0b1111111111111111    20190524T102728145893
 2     200     2.6227      0.0       0.0     0.1194      0.4    0.8      21.963   23.5   0b1111111111111111    20190524T102728146210
 3     200     2.6235      0.0       0.0     0.5208      0.0    0.0       5.037   23.5   0b1111111111111111    20190524T102728146568
 4     200     2.6115      0.0       0.0     0.1208      0.0    0.0      21.612   23.5   0b1111111111111111    20190524T102728146865
 5     200     2.6265      0.0       0.0     0.5215      0.3    0.8       5.036   23.5   0b1111111111111111    20190524T102728147153
 6     200     2.6235      0.0       0.0     0.1192      0.0    0.0      22.015   23.5   0b1111111111111111    20190524T102728147542
 7     200     2.6118      0.4       0.7     0.5174      0.3    0.8       5.048   23.5   0b1111111111111111    20190524T102728147689
 8     200     2.6132      0.3       0.8     0.1191      0.2    0.8      21.944   23.5   0b1111111111111111    20190524T102728147829
 9     200     2.6227      0.0       0.0     0.5214      0.4    0.8       5.030   23.5   0b1111111111111111    20190524T102728147966
10     200     2.6321      0.4       0.8     0.1222      0.4    0.8      21.545   23.5   0b1111111111111111    20190524T102728148103
11     200     2.6085      0.0       0.0     0.5196      0.4    0.8       5.020   23.5   0b1111111111111111    20190524T102728148240
12     200     2.6175      0.0       0.0     0.1205      0.4    0.8      21.722   23.5   0b1111111111111111    20190524T102728148387
13     200     2.6085      0.0       0.0     0.5168      0.3    0.8       5.047   23.5   0b1111111111111111    20190524T102728148558
14     200     2.6168      0.0       0.0     0.1226      0.3    0.8      21.347   23.5   0b1111111111111111    20190524T102728148695
15     200     2.6365      0.3       0.8     0.5258      0.3    0.8       5.015   23.5   0b1111111111111111    20190524T102728148831
 0     190     2.5650      0.0       0.0     0.1159      0.3    0.8      22.128   23.5   0b1111111111111111    20190524T102731594811
 1     190     2.5628      0.0       0.0     0.5090      0.3    0.8       5.035   23.5   0b1111111111111111    20190524T102731595217
 2     190     2.5755      0.0       0.0     0.1171      0.4    0.8      21.997   23.5   0b1111111111111111    20190524T102731595623
 3     190     2.5755      0.0       0.0     0.5114      0.4    0.8       5.036   23.5   0b1111111111111111    20190524T102731595933
 4     190     2.5643      0.0       0.0     0.1183      0.0    0.0      21.670   23.5   0b1111111111111111    20190524T102731596227
 5     190     2.5800      0.0       0.0     0.5124      0.3    0.8       5.035   23.5   0b1111111111111111    20190524T102731596576
 6     190     2.5759      0.4       0.8     0.1173      0.3    0.8      21.953   23.5   0b1111111111111111    20190524T102731596868
 7     190     2.5650      0.0       0.0     0.5082      0.3    0.8       5.047   23.5   0b1111111111111111    20190524T102731597153
 8     190     2.5658      0.0       0.0     0.1167      0.0    0.0      21.992   23.5   0b1111111111111111    20190524T102731597548
 9     190     2.5755      0.0       0.0     0.5118      0.3    0.8       5.032   23.5   0b1111111111111111    20190524T102731597693
10     190     2.5841      0.4       0.7     0.1200      0.0    0.0      21.534   23.5   0b1111111111111111    20190524T102731597830
11     190     2.5613      0.0       0.0     0.5101      0.2    0.8       5.021   23.5   0b1111111111111111    20190524T102731597968
12     190     2.5703      0.0       0.0     0.1182      0.3    0.8      21.751   23.5   0b1111111111111111    20190524T102731598104
13     190     2.5617      0.4       0.8     0.5075      0.0    0.0       5.048   23.5   0b1111111111111111    20190524T102731598241
14     190     2.5695      0.0       0.0     0.1201      0.2    0.8      21.398   23.5   0b1111111111111111    20190524T102731598377
15     190     2.5883      0.2       0.8     0.5160      0.3    0.8       5.016   23.5   0b1111111111111111    20190524T102731598543
 0     180     2.5162      0.0       0.0     0.1136      0.4    0.8      22.153   23.6   0b1111111111111111    20190524T102735050588
 1     180     2.5137      0.4       0.8     0.4992      0.0    0.0       5.036   23.6   0b1111111111111111    20190524T102735051059
 2     180     2.5260      0.0       0.0     0.1149      0.2    0.8      21.981   23.6   0b1111111111111111    20190524T102735051381
 3     180     2.5260      0.0       0.0     0.5016      0.2    0.8       5.036   23.6   0b1111111111111111    20190524T102735051746
 4     180     2.5148      0.2       0.8     0.1162      0.4    0.8      21.648   23.6   0b1111111111111111    20190524T102735052040
 5     180     2.5312      0.0       0.0     0.5026      0.3    0.8       5.036   23.6   0b1111111111111111    20190524T102735052328
 6     180     2.5267      0.0       0.0     0.1150      0.0    0.0      21.972   23.6   0b1111111111111111    20190524T102735052661
 7     180     2.5158      0.4       0.7     0.4982      0.2    0.8       5.049   23.6   0b1111111111111111    20190524T102735052948
 8     180     2.5162      0.0       0.0     0.1142      0.0    0.0      22.040   23.6   0b1111111111111111    20190524T102735053231
 9     180     2.5260      0.0       0.0     0.5020      0.6    1.7       5.032   23.6   0b1111111111111111    20190524T102735053622
10     180     2.5345      0.3       0.7     0.1176      0.2    0.8      21.555   23.6   0b1111111111111111    20190524T102735053913
11     180     2.5125      0.0       0.0     0.5003      0.4    0.8       5.022   23.6   0b1111111111111111    20190524T102735054206
12     180     2.5208      0.0       0.0     0.1158      0.0    0.0      21.762   23.6   0b1111111111111111    20190524T102735054547
13     180     2.5125      0.0       0.0     0.4977      0.3    0.8       5.049   23.6   0b1111111111111111    20190524T102735054835
14     180     2.5200      0.0       0.0     0.1178      0.4    0.8      21.386   23.6   0b1111111111111111    20190524T102735055116
15     180     2.5388      0.0       0.0     0.5060      0.3    0.8       5.017   23.6   0b1111111111111111    20190524T102735055423
 0     170     2.4675      0.0       0.0     0.1112      0.4    0.8      22.180   23.6   0b1111111111111111    20190524T102738501333
 1     170     2.4645      0.0       0.0     0.4893      0.2    0.8       5.037   23.6   0b1111111111111111    20190524T102738501825
 2     170     2.4771      0.3       0.8     0.1125      0.0    0.0      22.019   23.6   0b1111111111111111    20190524T102738502149
 3     170     2.4773      0.0       0.0     0.4917      0.0    0.0       5.038   23.6   0b1111111111111111    20190524T102738502508
 4     170     2.4660      0.0       0.0     0.1138      0.4    0.8      21.663   23.6   0b1111111111111111    20190524T102738502808
 5     170     2.4818      0.0       0.0     0.4928      0.4    0.8       5.037   23.6   0b1111111111111111    20190524T102738503100
 6     170     2.4780      0.0       0.0     0.1126      0.2    0.8      22.010   23.6   0b1111111111111111    20190524T102738503387
 7     170     2.4670      0.3       0.7     0.4885      0.3    0.8       5.050   23.6   0b1111111111111111    20190524T102738503726
 8     170     2.4671      0.4       0.7     0.1117      0.3    0.8      22.077   23.6   0b1111111111111111    20190524T102738504011
 9     170     2.4765      0.0       0.0     0.4924      0.2    0.8       5.029   23.6   0b1111111111111111    20190524T102738504345
10     170     2.4848      0.0       0.0     0.1151      0.2    0.8      21.591   23.6   0b1111111111111111    20190524T102738504699
11     170     2.4637      0.2       0.8     0.4907      0.3    0.8       5.021   23.6   0b1111111111111111    20190524T102738504988
12     170     2.4720      0.0       0.0     0.1136      0.4    0.8      21.764   23.6   0b1111111111111111    20190524T102738505269
13     170     2.4638      0.0       0.0     0.4883      0.0    0.0       5.045   23.6   0b1111111111111111    20190524T102738505607
14     170     2.4713      0.0       0.0     0.1157      0.2    0.8      21.350   23.6   0b1111111111111111    20190524T102738505893
15     170     2.4895      0.4       0.8     0.4963      0.4    0.8       5.016   23.6   0b1111111111111111    20190524T102738506176
 0     160     2.4181      0.2       0.8     0.1090      0.3    0.8      22.184   23.6   0b1111111111111111    20190524T102741950807
 1     160     2.4157      0.0       0.0     0.4800      0.0    0.0       5.033   23.6   0b1111111111111111    20190524T102741951261
 2     160     2.4277      0.0       0.0     0.1102      0.3    0.8      22.037   23.6   0b1111111111111111    20190524T102741951662
 3     160     2.4277      0.0       0.0     0.4817      0.0    0.0       5.040   23.6   0b1111111111111111    20190524T102741951975
 4     160     2.4172      0.0       0.0     0.1116      0.2    0.8      21.663   23.6   0b1111111111111111    20190524T102741952270
 5     160     2.4328      0.3       0.8     0.4830      0.4    0.8       5.037   23.6   0b1111111111111111    20190524T102741952616
 6     160     2.4285      0.0       0.0     0.1103      0.4    0.8      22.027   23.6   0b1111111111111111    20190524T102741952957
 7     160     2.4181      0.3       0.8     0.4792      0.0    0.0       5.047   23.6   0b1111111111111111    20190524T102741953265
 8     160     2.4180      0.0       0.0     0.1097      0.4    0.8      22.049   23.6   0b1111111111111111    20190524T102741953615
 9     160     2.4270      0.0       0.0     0.4825      0.0    0.0       5.030   23.6   0b1111111111111111    20190524T102741953910
10     160     2.4352      0.0       0.0     0.1129      0.4    0.8      21.567   23.6   0b1111111111111111    20190524T102741954207
11     160     2.4142      0.0       0.0     0.4808      0.0    0.0       5.021   23.6   0b1111111111111111    20190524T102741954549
12     160     2.4225      0.0       0.0     0.1114      0.4    0.8      21.743   23.6   0b1111111111111111    20190524T102741954837
13     160     2.4150      0.0       0.0     0.4783      0.0    0.0       5.049   23.6   0b1111111111111111    20190524T102741955119
14     160     2.4218      0.2       0.7     0.1133      0.0    0.0      21.369   23.6   0b1111111111111111    20190524T102741955432
15     160     2.4398      0.0       0.0     0.4866      0.2    0.8       5.014   23.6   0b1111111111111111    20190524T102741955735
 0     150     2.3708      0.0       0.0     0.1067      0.0    0.0      22.226   23.6   0b1111111111111111    20190524T102745396635
 1     150     2.3687      0.3       0.8     0.4704      0.4    0.8       5.035   23.6   0b1111111111111111    20190524T102745397039
 2     150     2.3805      0.0       0.0     0.1081      0.4    0.8      22.025   23.6   0b1111111111111111    20190524T102745397352
 3     150     2.3813      0.0       0.0     0.4725      0.0    0.0       5.040   23.6   0b1111111111111111    20190524T102745397734
 4     150     2.3708      0.0       0.0     0.1093      0.2    0.8      21.700   23.6   0b1111111111111111    20190524T102745398033
 5     150     2.3853      0.4       0.8     0.4737      0.4    0.8       5.036   23.6   0b1111111111111111    20190524T102745398324
 6     150     2.3828      0.0       0.0     0.1083      0.0    0.0      21.995   23.6   0b1111111111111111    20190524T102745398659
 7     150     2.3715      0.0       0.0     0.4695      0.4    0.8       5.051   23.6   0b1111111111111111    20190524T102745398999
 8     150     2.3723      0.0       0.0     0.1075      0.0    0.0      22.067   23.6   0b1111111111111111    20190524T102745399285
 9     150     2.3798      0.2       0.8     0.4730      0.4    0.8       5.031   23.6   0b1111111111111111    20190524T102745399624
10     150     2.3889      0.3       0.7     0.1108      0.2    0.8      21.570   23.6   0b1111111111111111    20190524T102745399914
11     150     2.3678      0.0       0.0     0.4716      0.2    0.8       5.021   23.6   0b1111111111111111    20190524T102745400197
12     150     2.3753      0.0       0.0     0.1092      0.0    0.0      21.758   23.6   0b1111111111111111    20190524T102745400537
13     150     2.3685      0.0       0.0     0.4692      0.0    0.0       5.048   23.6   0b1111111111111111    20190524T102745400824
14     150     2.3760      0.0       0.0     0.1113      0.4    0.8      21.341   23.6   0b1111111111111111    20190524T102745401134
15     150     2.3924      0.2       0.8     0.4767      0.0    0.0       5.019   23.6   0b1111111111111111    20190524T102745401477
 0     140     2.3227      0.0       0.0     0.1044      0.4    0.8      22.245   23.6   0b1111111111111111    20190524T102748848630
 1     140     2.3205      0.0       0.0     0.4607      0.2    0.8       5.036   23.6   0b1111111111111111    20190524T102748849026
 2     140     2.3317      0.0       0.0     0.1058      0.0    0.0      22.032   23.6   0b1111111111111111    20190524T102748849339
 3     140     2.3325      0.0       0.0     0.4627      0.3    0.8       5.041   23.6   0b1111111111111111    20190524T102748849704
 4     140     2.3221      0.3       0.8     0.1072      0.4    0.8      21.669   23.6   0b1111111111111111    20190524T102748850001
 5     140     2.3363      0.0       0.0     0.4639      0.4    0.8       5.036   23.6   0b1111111111111111    20190524T102748850289
 6     140     2.3340      0.0       0.0     0.1058      0.0    0.0      22.054   23.6   0b1111111111111111    20190524T102748850622
 7     140     2.3227      0.0       0.0     0.4599      0.2    0.8       5.050   23.6   0b1111111111111111    20190524T102748850948
 8     140     2.3233      0.3       0.8     0.1051      0.3    0.8      22.109   23.6   0b1111111111111111    20190524T102748851252
 9     140     2.3310      0.0       0.0     0.4632      0.3    0.8       5.033   23.6   0b1111111111111111    20190524T102748851605
10     140     2.3400      0.0       0.0     0.1083      0.0    0.0      21.600   23.6   0b1111111111111111    20190524T102748851947
11     140     2.3191      0.2       0.8     0.4617      0.0    0.0       5.023   23.6   0b1111111111111111    20190524T102748852232
12     140     2.3265      0.0       0.0     0.1068      0.3    0.8      21.777   23.6   0b1111111111111111    20190524T102748852573
13     140     2.3200      0.3       0.8     0.4596      0.4    0.8       5.048   23.6   0b1111111111111111    20190524T102748852864
14     140     2.3272      0.0       0.0     0.1089      0.4    0.8      21.367   23.6   0b1111111111111111    20190524T102748853144
15     140     2.3431      0.2       0.8     0.4669      0.4    0.8       5.018   23.6   0b1111111111111111    20190524T102748853517
 0     130     2.2740      0.0       0.0     0.1022      0.4    0.8      22.258   23.7   0b1111111111111111    20190524T102752298553
 1     130     2.2718      0.0       0.0     0.4508      0.0    0.0       5.039   23.7   0b1111111111111111    20190524T102752298954
 2     130     2.2832      0.3       0.7     0.1033      0.0    0.0      22.096   23.7   0b1111111111111111    20190524T102752299253
 3     130     2.2838      0.0       0.0     0.4533      0.0    0.0       5.038   23.7   0b1111111111111111    20190524T102752299599
 4     130     2.2740      0.0       0.0     0.1047      0.4    0.8      21.726   23.7   0b1111111111111111    20190524T102752299891
 5     130     2.2878      0.4       0.8     0.4542      0.0    0.0       5.037   23.7   0b1111111111111111    20190524T102752300175
 6     130     2.2856      0.4       0.8     0.1034      0.2    0.8      22.100   23.7   0b1111111111111111    20190524T102752300580
 7     130     2.2748      0.0       0.0     0.4501      0.3    0.8       5.054   23.7   0b1111111111111111    20190524T102752300930
 8     130     2.2741      0.2       0.8     0.1028      0.4    0.8      22.132   23.7   0b1111111111111111    20190524T102752301217
 9     130     2.2820      0.3       0.7     0.4533      0.0    0.0       5.034   23.7   0b1111111111111111    20190524T102752301607
10     130     2.2908      0.4       0.8     0.1061      0.4    0.8      21.594   23.7   0b1111111111111111    20190524T102752301900
11     130     2.2709      0.3       0.8     0.4523      0.3    0.8       5.020   23.7   0b1111111111111111    20190524T102752302185
12     130     2.2778      0.2       0.8     0.1044      0.4    0.8      21.815   23.7   0b1111111111111111    20190524T102752302531
13     130     2.2718      0.0       0.0     0.4500      0.0    0.0       5.048   23.7   0b1111111111111111    20190524T102752302823
14     130     2.2787      0.3       0.8     0.1064      0.4    0.8      21.413   23.7   0b1111111111111111    20190524T102752303122
15     130     2.2942      0.0       0.0     0.4572      0.4    0.8       5.017   23.7   0b1111111111111111    20190524T102752303452
 0     120     2.2260      0.0       0.0     0.1000      0.0    0.0      22.260   23.7   0b1111111111111111    20190524T102755753669
 1     120     2.2245      0.0       0.0     0.4416      0.2    0.8       5.038   23.7   0b1111111111111111    20190524T102755754070
 2     120     2.2350      0.0       0.0     0.1012      0.4    0.8      22.074   23.7   0b1111111111111111    20190524T102755754381
 3     120     2.2357      0.0       0.0     0.4433      0.0    0.0       5.043   23.7   0b1111111111111111    20190524T102755754741
 4     120     2.2260      0.0       0.0     0.1025      0.0    0.0      21.717   23.7   0b1111111111111111    20190524T102755755056
 5     120     2.2395      0.0       0.0     0.4442      0.0    0.0       5.042   23.7   0b1111111111111111    20190524T102755755345
 6     120     2.2372      0.2       0.8     0.1013      0.4    0.8      22.077   23.7   0b1111111111111111    20190524T102755755628
 7     120     2.2267      0.0       0.0     0.4407      0.3    0.8       5.053   23.7   0b1111111111111111    20190524T102755755980
 8     120     2.2260      0.0       0.0     0.1008      0.2    0.8      22.094   23.7   0b1111111111111111    20190524T102755756268
 9     120     2.2342      0.2       0.8     0.4441      0.2    0.8       5.031   23.7   0b1111111111111111    20190524T102755756604
10     120     2.2421      0.4       0.8     0.1040      0.3    0.8      21.559   23.7   0b1111111111111111    20190524T102755756961
11     120     2.2215      0.0       0.0     0.4423      0.3    0.8       5.022   23.7   0b1111111111111111    20190524T102755757248
12     120     2.2303      0.3       0.8     0.1023      0.3    0.8      21.794   23.7   0b1111111111111111    20190524T102755757529
13     120     2.2230      0.0       0.0     0.4401      0.3    0.8       5.051   23.7   0b1111111111111111    20190524T102755757830
14     120     2.2303      0.3       0.8     0.1042      0.0    0.0      21.411   23.7   0b1111111111111111    20190524T102755757970
15     120     2.2455      0.0       0.0     0.4475      0.0    0.0       5.018   23.7   0b1111111111111111    20190524T102755758107
 0     110     2.1795      0.0       0.0     0.0977      0.3    0.8      22.316   23.7   0b1111111111111111    20190524T102759221767
 1     110     2.1782      0.3       0.8     0.4325      0.0    0.0       5.036   23.7   0b1111111111111111    20190524T102759222173
 2     110     2.1885      0.0       0.0     0.0992      0.0    0.0      22.069   23.7   0b1111111111111111    20190524T102759222523
 3     110     2.1893      0.0       0.0     0.4342      0.0    0.0       5.042   23.7   0b1111111111111111    20190524T102759222824
 4     110     2.1797      0.3       0.8     0.1003      0.4    0.8      21.724   23.7   0b1111111111111111    20190524T102759223114
 5     110     2.1938      0.0       0.0     0.4352      0.3    0.8       5.041   23.7   0b1111111111111111    20190524T102759223423
 6     110     2.1908      0.0       0.0     0.0992      0.0    0.0      22.092   23.7   0b1111111111111111    20190524T102759223711
 7     110     2.1803      0.0       0.0     0.4316      0.2    0.8       5.052   23.7   0b1111111111111111    20190524T102759223995
 8     110     2.1795      0.0       0.0     0.0984      0.3    0.8      22.146   23.7   0b1111111111111111    20190524T102759224297
 9     110     2.1870      0.0       0.0     0.4343      0.2    0.8       5.036   23.7   0b1111111111111111    20190524T102759224584
10     110     2.1953      0.0       0.0     0.1016      0.2    0.8      21.610   23.7   0b1111111111111111    20190524T102759224864
11     110     2.1754      0.4       0.8     0.4331      0.4    0.8       5.023   23.7   0b1111111111111111    20190524T102759225145
12     110     2.1840      0.0       0.0     0.1001      0.2    0.8      21.822   23.7   0b1111111111111111    20190524T102759225446
13     110     2.1773      0.0       0.0     0.4311      0.4    0.8       5.051   23.7   0b1111111111111111    20190524T102759225730
14     110     2.1840      0.0       0.0     0.1021      0.4    0.8      21.394   23.7   0b1111111111111111    20190524T102759226008
15     110     2.1990      0.0       0.0     0.4383      0.0    0.0       5.017   23.7   0b1111111111111111    20190524T102759226309
 0     100     2.1315      0.0       0.0     0.0955      0.4    0.8      22.319   23.7   0b1111111111111111    20190524T102802720953
 1     100     2.1300      0.0       0.0     0.4227      0.3    0.8       5.039   23.7   0b1111111111111111    20190524T102802721363
 2     100     2.1399      0.3       0.8     0.0967      0.0    0.0      22.137   23.7   0b1111111111111111    20190524T102802721781
 3     100     2.1409      0.4       0.8     0.4247      0.4    0.8       5.041   23.7   0b1111111111111111    20190524T102802722086
 4     100     2.1315      0.0       0.0     0.0980      0.4    0.8      21.750   23.7   0b1111111111111111    20190524T102802722379
 5     100     2.1450      0.0       0.0     0.4257      0.3    0.8       5.039   23.7   0b1111111111111111    20190524T102802722721
 6     100     2.1427      0.0       0.0     0.0968      0.2    0.8      22.147   23.7   0b1111111111111111    20190524T102802723019
 7     100     2.1322      0.0       0.0     0.4217      0.0    0.0       5.057   23.7   0b1111111111111111    20190524T102802723304
 8     100     2.1309      0.3       0.8     0.0960      0.3    0.8      22.197   23.7   0b1111111111111111    20190524T102802723634
 9     100     2.1382      0.0       0.0     0.4250      0.0    0.0       5.031   23.7   0b1111111111111111    20190524T102802723922
10     100     2.1465      0.0       0.0     0.0992      0.0    0.0      21.645   23.7   0b1111111111111111    20190524T102802724255
11     100     2.1270      0.0       0.0     0.4233      0.0    0.0       5.024   23.7   0b1111111111111111    20190524T102802724613
12     100     2.1352      0.0       0.0     0.0976      0.2    0.8      21.881   23.7   0b1111111111111111    20190524T102802724902
13     100     2.1285      0.0       0.0     0.4217      0.0    0.0       5.048   23.7   0b1111111111111111    20190524T102802725185
14     100     2.1352      0.0       0.0     0.0998      0.4    0.8      21.406   23.7   0b1111111111111111    20190524T102802725524
15     100     2.1503      0.0       0.0     0.4283      0.0    0.0       5.020   23.7   0b1111111111111111    20190524T102802725811
 0      90     2.0828      0.0       0.0     0.0933      0.0    0.0      22.315   23.7   0b1111111111111111    20190524T102806177270
 1      90     2.0812      0.2       0.8     0.4132      0.3    0.8       5.037   23.7   0b1111111111111111    20190524T102806177741
 2      90     2.0918      0.0       0.0     0.0943      0.3    0.8      22.174   23.7   0b1111111111111111    20190524T102806178064
 3      90     2.0918      0.0       0.0     0.4150      0.0    0.0       5.040   23.7   0b1111111111111111    20190524T102806178362
 4      90     2.0835      0.0       0.0     0.0958      0.0    0.0      21.741   23.7   0b1111111111111111    20190524T102806178722
 5      90     2.0969      0.2       0.8     0.4158      0.0    0.0       5.043   23.7   0b1111111111111111    20190524T102806179015
 6      90     2.0945      0.4       0.7     0.0943      0.3    0.8      22.203   23.7   0b1111111111111111    20190524T102806179302
 7      90     2.0843      0.0       0.0     0.4124      0.3    0.8       5.054   23.7   0b1111111111111111    20190524T102806179634
 8      90     2.0827      0.2       0.8     0.0939      0.4    0.8      22.176   23.7   0b1111111111111111    20190524T102806179978
 9      90     2.0895      0.0       0.0     0.4150      0.0    0.0       5.035   23.7   0b1111111111111111    20190524T102806180274
10      90     2.0985      0.0       0.0     0.0968      0.2    0.8      21.690   23.7   0b1111111111111111    20190524T102806180616
11      90     2.0790      0.0       0.0     0.4138      0.4    0.8       5.025   23.7   0b1111111111111111    20190524T102806180943
12      90     2.0858      0.2       0.8     0.0953      0.4    0.8      21.879   23.7   0b1111111111111111    20190524T102806181234
13      90     2.0805      0.0       0.0     0.4118      0.3    0.8       5.052   23.7   0b1111111111111111    20190524T102806181580
14      90     2.0873      0.0       0.0     0.0975      0.0    0.0      21.408   23.7   0b1111111111111111    20190524T102806181871
15      90     2.1008      0.0       0.0     0.4183      0.0    0.0       5.022   23.7   0b1111111111111111    20190524T102806182154
 0      80     2.0325      0.0       0.0     0.0908      0.0    0.0      22.376   23.7   0b1111111111111111    20190524T102809628807
 1      80     2.0310      0.0       0.0     0.4031      0.4    0.8       5.039   23.7   0b1111111111111111    20190524T102809629017
 2      80     2.0415      0.0       0.0     0.0921      0.4    0.8      22.170   23.7   0b1111111111111111    20190524T102809629163
 3      80     2.0422      0.0       0.0     0.4050      0.0    0.0       5.043   23.7   0b1111111111111111    20190524T102809629305
 4      80     2.0340      0.0       0.0     0.0933      0.0    0.0      21.793   23.7   0b1111111111111111    20190524T102809629460
 5      80     2.0475      0.0       0.0     0.4058      0.0    0.0       5.045   23.7   0b1111111111111111    20190524T102809629609
 6      80     2.0445      0.0       0.0     0.0923      0.4    0.8      22.163   23.7   0b1111111111111111    20190524T102809629747
 7      80     2.0347      0.0       0.0     0.4023      0.3    0.8       5.057   23.7   0b1111111111111111    20190524T102809629884
 8      80     2.0332      0.2       0.7     0.0917      0.0    0.0      22.180   23.7   0b1111111111111111    20190524T102809630021
 9      80     2.0400      0.0       0.0     0.4050      0.0    0.0       5.037   23.7   0b1111111111111111    20190524T102809630157
10      80     2.0489      0.2       0.8     0.0947      0.4    0.8      21.644   23.7   0b1111111111111111    20190524T102809630293
11      80     2.0295      0.0       0.0     0.4041      0.2    0.8       5.022   23.7   0b1111111111111111    20190524T102809630484
12      80     2.0362      0.0       0.0     0.0933      0.2    0.8      21.836   23.7   0b1111111111111111    20190524T102809630626
13      80     2.0309      0.2       0.8     0.4017      0.0    0.0       5.056   23.7   0b1111111111111111    20190524T102809630763
14      80     2.0370      0.0       0.0     0.0950      0.0    0.0      21.442   23.7   0b1111111111111111    20190524T102809630923
15      80     2.0506      0.2       0.8     0.4083      0.0    0.0       5.022   23.7   0b1111111111111111    20190524T102809631066
 0      70     1.9817      0.3       0.7     0.0883      0.0    0.0      22.434   23.7   0b1111111111111111    20190524T102813080229
 1      70     1.9808      0.0       0.0     0.3931      0.4    0.8       5.039   23.7   0b1111111111111111    20190524T102813080702
 2      70     1.9913      0.0       0.0     0.0899      0.2    0.8      22.146   23.7   0b1111111111111111    20190524T102813081056
 3      70     1.9913      0.0       0.0     0.3950      0.0    0.0       5.041   23.7   0b1111111111111111    20190524T102813081363
 4      70     1.9838      0.0       0.0     0.0908      0.0    0.0      21.839   23.7   0b1111111111111111    20190524T102813081731
 5      70     1.9980      0.0       0.0     0.3960      0.3    0.8       5.045   23.7   0b1111111111111111    20190524T102813082024
 6      70     1.9950      0.0       0.0     0.0900      0.0    0.0      22.167   23.7   0b1111111111111111    20190524T102813082309
 7      70     1.9845      0.0       0.0     0.3925      0.0    0.0       5.056   23.7   0b1111111111111111    20190524T102813082692
 8      70     1.9830      0.0       0.0     0.0892      0.0    0.0      22.239   23.7   0b1111111111111111    20190524T102813082985
 9      70     1.9898      0.0       0.0     0.3950      0.0    0.0       5.037   23.7   0b1111111111111111    20190524T102813083270
10      70     1.9988      0.0       0.0     0.0921      0.4    0.8      21.706   23.7   0b1111111111111111    20190524T102813083615
11      70     1.9796      0.4       0.8     0.3940      0.3    0.8       5.024   23.7   0b1111111111111111    20190524T102813083909
12      70     1.9855      0.3       0.8     0.0908      0.0    0.0      21.858   23.7   0b1111111111111111    20190524T102813084192
13      70     1.9808      0.0       0.0     0.3918      0.3    0.8       5.055   23.7   0b1111111111111111    20190524T102813084534
14      70     1.9868      0.0       0.0     0.0925      0.0    0.0      21.478   23.7   0b1111111111111111    20190524T102813084821
15      70     2.0003      0.0       0.0     0.3983      0.0    0.0       5.022   23.7   0b1111111111111111    20190524T102813085103
 0      60     1.9305      0.0       0.0     0.0858      0.0    0.0      22.491   23.7   0b1111111111111111    20190524T102816539239
 1      60     1.9286      0.4       0.8     0.3825      0.0    0.0       5.042   23.7   0b1111111111111111    20190524T102816539666
 2      60     1.9395      0.0       0.0     0.0875      0.0    0.0      22.166   23.7   0b1111111111111111    20190524T102816539981
 3      60     1.9403      0.0       0.0     0.3845      0.4    0.8       5.046   23.7   0b1111111111111111    20190524T102816540299
 4      60     1.9322      0.3       0.8     0.0885      0.3    0.8      21.832   23.7   0b1111111111111111    20190524T102816540605
 5      60     1.9455      0.0       0.0     0.3858      0.3    0.8       5.043   23.7   0b1111111111111111    20190524T102816540897
 6      60     1.9433      0.0       0.0     0.0875      0.0    0.0      22.209   23.7   0b1111111111111111    20190524T102816541202
 7      60     1.9327      0.0       0.0     0.3818      0.3    0.8       5.063   23.7   0b1111111111111111    20190524T102816541509
 8      60     1.9312      0.2       0.8     0.0866      0.2    0.8      22.304   23.7   0b1111111111111111    20190524T102816541791
 9      60     1.9388      0.0       0.0     0.3849      0.3    0.8       5.037   23.7   0b1111111111111111    20190524T102816542073
10      60     1.9477      0.0       0.0     0.0898      0.3    0.8      21.682   23.7   0b1111111111111111    20190524T102816542376
11      60     1.9276      0.3       0.8     0.3833      0.0    0.0       5.029   23.7   0b1111111111111111    20190524T102816542660
12      60     1.9343      0.0       0.0     0.0883      0.0    0.0      21.897   23.7   0b1111111111111111    20190524T102816542939
13      60     1.9282      0.0       0.0     0.3816      0.2    0.8       5.053   23.7   0b1111111111111111    20190524T102816543219
14      60     1.9343      0.0       0.0     0.0900      0.0    0.0      21.492   23.7   0b1111111111111111    20190524T102816543522
15      60     1.9477      0.0       0.0     0.3877      0.3    0.8       5.024   23.7   0b1111111111111111    20190524T102816543803
 0      50     1.8780      0.0       0.0     0.0833      0.0    0.0      22.536   23.8   0b1111111111111111    20190524T102820020569
 1      50     1.8767      0.3       0.8     0.3723      0.4    0.8       5.041   23.8   0b1111111111111111    20190524T102820020974
 2      50     1.8871      0.2       0.8     0.0848      0.3    0.8      22.244   23.8   0b1111111111111111    20190524T102820021311
 3      50     1.8878      0.0       0.0     0.3742      0.0    0.0       5.045   23.8   0b1111111111111111    20190524T102820021614
 4      50     1.8803      0.0       0.0     0.0858      0.0    0.0      21.906   23.8   0b1111111111111111    20190524T102820021904
 5      50     1.8938      0.0       0.0     0.3753      0.4    0.8       5.047   23.8   0b1111111111111111    20190524T102820022192
 6      50     1.8915      0.0       0.0     0.0850      0.0    0.0      22.253   23.8   0b1111111111111111    20190524T102820022498
 7      50     1.8806      0.4       0.8     0.3717      0.0    0.0       5.060   23.8   0b1111111111111111    20190524T102820022784
 8      50     1.8788      0.0       0.0     0.0842      0.0    0.0      22.322   23.8   0b1111111111111111    20190524T102820023066
 9      50     1.8862      0.0       0.0     0.3744      0.4    0.8       5.038   23.8   0b1111111111111111    20190524T102820023371
10      50     1.8953      0.0       0.0     0.0872      0.4    0.8      21.722   23.8   0b1111111111111111    20190524T102820023655
11      50     1.8758      0.2       0.8     0.3733      0.0    0.0       5.025   23.8   0b1111111111111111    20190524T102820023937
12      50     1.8821      0.4       0.8     0.0858      0.0    0.0      21.928   23.8   0b1111111111111111    20190524T102820024218
13      50     1.8765      0.0       0.0     0.3712      0.4    0.8       5.056   23.8   0b1111111111111111    20190524T102820024523
14      50     1.8832      0.2       0.7     0.0877      0.3    0.8      21.481   23.8   0b1111111111111111    20190524T102820024802
15      50     1.8956      0.4       0.8     0.3775      0.0    0.0       5.022   23.8   0b1111111111111111    20190524T102820025083
 0      40     1.8263      0.0       0.0     0.0808      0.0    0.0      22.593   23.7   0b1111111111111111    20190524T102823480834
 1      40     1.8240      0.0       0.0     0.3617      0.0    0.0       5.043   23.7   0b1111111111111111    20190524T102823481276
 2      40     1.8345      0.0       0.0     0.0825      0.0    0.0      22.236   23.7   0b1111111111111111    20190524T102823481603
 3      40     1.8353      0.2       0.8     0.3635      0.3    0.8       5.049   23.7   0b1111111111111111    20190524T102823481979
 4      40     1.8278      0.0       0.0     0.0833      0.0    0.0      21.933   23.7   0b1111111111111111    20190524T102823482276
 5      40     1.8405      0.0       0.0     0.3648      0.3    0.8       5.045   23.7   0b1111111111111111    20190524T102823482566
 6      40     1.8390      0.0       0.0     0.0825      0.0    0.0      22.291   23.7   0b1111111111111111    20190524T102823482896
 7      40     1.8285      0.0       0.0     0.3613      0.4    0.8       5.060   23.7   0b1111111111111111    20190524T102823483236
 8      40     1.8263      0.0       0.0     0.0818      0.2    0.8      22.339   23.7   0b1111111111111111    20190524T102823483635
 9      40     1.8337      0.0       0.0     0.3642      0.0    0.0       5.035   23.7   0b1111111111111111    20190524T102823483989
10      40     1.8426      0.3       0.8     0.0849      0.3    0.8      21.699   23.7   0b1111111111111111    20190524T102823484275
11      40     1.8240      0.0       0.0     0.3627      0.3    0.8       5.029   23.7   0b1111111111111111    20190524T102823484557
12      40     1.8300      0.0       0.0     0.0833      0.0    0.0      21.960   23.7   0b1111111111111111    20190524T102823484886
13      40     1.8248      0.0       0.0     0.3609      0.2    0.8       5.056   23.7   0b1111111111111111    20190524T102823485172
14      40     1.8308      0.0       0.0     0.0851      0.2    0.8      21.517   23.7   0b1111111111111111    20190524T102823485451
15      40     1.8434      0.3       0.8     0.3667      0.0    0.0       5.027   23.7   0b1111111111111111    20190524T102823485786
 0      30     1.7758      0.3       0.7     0.0784      0.2    0.8      22.646   23.7   0b1111111111111111    20190524T102826933759
 1      30     1.7738      0.0       0.0     0.3518      0.3    0.8       5.041   23.7   0b1111111111111111    20190524T102826933989
 2      30     1.7843      0.0       0.0     0.0800      0.0    0.0      22.303   23.7   0b1111111111111111    20190524T102826934156
 3      30     1.7843      0.0       0.0     0.3534      0.3    0.8       5.049   23.7   0b1111111111111111    20190524T102826934309
 4      30     1.7775      0.0       0.0     0.0812      0.4    0.8      21.899   23.7   0b1111111111111111    20190524T102826934456
 5      30     1.7895      0.0       0.0     0.3544      0.4    0.8       5.049   23.7   0b1111111111111111    20190524T102826934698
 6      30     1.7880      0.0       0.0     0.0802      0.3    0.8      22.304   23.7   0b1111111111111111    20190524T102826934972
 7      30     1.7775      0.0       0.0     0.3510      0.3    0.8       5.064   23.7   0b1111111111111111    20190524T102826935113
 8      30     1.7760      0.0       0.0     0.0792      0.0    0.0      22.434   23.7   0b1111111111111111    20190524T102826935253
 9      30     1.7820      0.0       0.0     0.3537      0.4    0.8       5.039   23.7   0b1111111111111111    20190524T102826935427
10      30     1.7917      0.0       0.0     0.0825      0.0    0.0      21.718   23.7   0b1111111111111111    20190524T102826935720
11      30     1.7723      0.0       0.0     0.3525      0.0    0.0       5.028   23.7   0b1111111111111111    20190524T102826935959
12      30     1.7790      0.0       0.0     0.0808      0.0    0.0      22.008   23.7   0b1111111111111111    20190524T102826936096
13      30     1.7744      0.2       0.8     0.3508      0.0    0.0       5.058   23.7   0b1111111111111111    20190524T102826936233
14      30     1.7800      0.4       0.8     0.0830      0.4    0.8      21.446   23.7   0b1111111111111111    20190524T102826936370
15      30     1.7910      0.0       0.0     0.3562      0.4    0.8       5.027   23.7   0b1111111111111111    20190524T102826936507
 0      20     1.7243      0.2       0.8     0.0763      0.4    0.8      22.614   23.8   0b1111111111111111    20190524T102830381707
 1      20     1.7230      0.3       0.8     0.3417      0.0    0.0       5.043   23.8   0b1111111111111111    20190524T102830382128
 2      20     1.7332      0.0       0.0     0.0775      0.0    0.0      22.365   23.8   0b1111111111111111    20190524T102830382481
 3      20     1.7329      0.4       0.7     0.3433      0.0    0.0       5.047   23.8   0b1111111111111111    20190524T102830382786
 4      20     1.7264      0.2       0.8     0.0789      0.4    0.8      21.877   23.8   0b1111111111111111    20190524T102830383077
 5      20     1.7385      0.0       0.0     0.3443      0.2    0.8       5.050   23.8   0b1111111111111111    20190524T102830383366
 6      20     1.7370      0.0       0.0     0.0777      0.3    0.8      22.365   23.8   0b1111111111111111    20190524T102830383674
 7      20     1.7265      0.0       0.0     0.3408      0.0    0.0       5.066   23.8   0b1111111111111111    20190524T102830383958
 8      20     1.7250      0.0       0.0     0.0768      0.3    0.8      22.451   23.8   0b1111111111111111    20190524T102830384239
 9      20     1.7303      0.0       0.0     0.3433      0.0    0.0       5.040   23.8   0b1111111111111111    20190524T102830384541
10      20     1.7400      0.0       0.0     0.0800      0.0    0.0      21.750   23.8   0b1111111111111111    20190524T102830384828
11      20     1.7212      0.0       0.0     0.3425      0.0    0.0       5.026   23.8   0b1111111111111111    20190524T102830385160
12      20     1.7277      0.4       0.8     0.0783      0.0    0.0      22.056   23.8   0b1111111111111111    20190524T102830385470
13      20     1.7235      0.0       0.0     0.3408      0.0    0.0       5.057   23.8   0b1111111111111111    20190524T102830385754
14      20     1.7295      0.0       0.0     0.0806      0.4    0.8      21.462   23.8   0b1111111111111111    20190524T102830386034
15      20     1.7393      0.0       0.0     0.3459      0.2    0.8       5.028   23.8   0b1111111111111111    20190524T102830386315
 0      10     1.6740      0.0       0.0     0.0741      0.2    0.8      22.596   23.8   0b1111111111111111    20190524T102833834553
 1      10     1.6725      0.0       0.0     0.3317      0.0    0.0       5.043   23.8   0b1111111111111111    20190524T102833834954
 2      10     1.6822      0.0       0.0     0.0750      0.0    0.0      22.430   23.8   0b1111111111111111    20190524T102833835263
 3      10     1.6815      0.0       0.0     0.3333      0.0    0.0       5.045   23.8   0b1111111111111111    20190524T102833835582
 4      10     1.6753      0.3       0.7     0.0764      0.4    0.8      21.924   23.8   0b1111111111111111    20190524T102833835874
 5      10     1.6869      0.3       0.8     0.3342      0.0    0.0       5.048   23.8   0b1111111111111111    20190524T102833836161
 6      10     1.6860      0.0       0.0     0.0751      0.2    0.8      22.455   23.8   0b1111111111111111    20190524T102833836466
 7      10     1.6755      0.0       0.0     0.3307      0.2    0.8       5.066   23.8   0b1111111111111111    20190524T102833836812
 8      10     1.6732      0.0       0.0     0.0743      0.3    0.8      22.510   23.8   0b1111111111111111    20190524T102833837102
 9      10     1.6786      0.3       0.8     0.3331      0.4    0.8       5.040   23.8   0b1111111111111111    20190524T102833837386
10      10     1.6883      0.0       0.0     0.0775      0.0    0.0      21.784   23.8   0b1111111111111111    20190524T102833837632
11      10     1.6707      0.4       0.8     0.3325      0.0    0.0       5.025   23.8   0b1111111111111111    20190524T102833837770
12      10     1.6770      0.0       0.0     0.0761      0.4    0.8      22.042   23.8   0b1111111111111111    20190524T102833837907
13      10     1.6729      0.4       0.7     0.3308      0.0    0.0       5.057   23.8   0b1111111111111111    20190524T102833838042
14      10     1.6785      0.0       0.0     0.0783      0.3    0.8      21.450   23.8   0b1111111111111111    20190524T102833838178
15      10     1.6883      0.0       0.0     0.3358      0.0    0.0       5.027   23.8   0b1111111111111111    20190524T102833838339
 0       0     1.6230      0.0       0.0     0.0714      0.4    0.8      22.726   23.8   0b1111111111111111    20190524T102837290990
 1       0     1.6211      0.4       0.8     0.3216      0.3    0.8       5.041   23.8   0b1111111111111111    20190524T102837291423
 2       0     1.6307      0.3       0.8     0.0726      0.2    0.8      22.467   23.8   0b1111111111111111    20190524T102837291728
 3       0     1.6305      0.0       0.0     0.3232      0.3    0.8       5.045   23.8   0b1111111111111111    20190524T102837292020
 4       0     1.6245      0.0       0.0     0.0741      0.2    0.8      21.928   23.8   0b1111111111111111    20190524T102837292305
 5       0     1.6357      0.0       0.0     0.3237      0.4    0.8       5.053   23.8   0b1111111111111111    20190524T102837292612
 6       0     1.6349      0.3       0.8     0.0728      0.4    0.8      22.446   23.8   0b1111111111111111    20190524T102837292893
 7       0     1.6246      0.3       0.8     0.3207      0.3    0.8       5.065   23.8   0b1111111111111111    20190524T102837293173
 8       0     1.6222      0.0       0.0     0.0722      0.4    0.8      22.479   23.8   0b1111111111111111    20190524T102837293537
 9       0     1.6275      0.0       0.0     0.3227      0.4    0.8       5.043   23.8   0b1111111111111111    20190524T102837293853
10       0     1.6373      0.0       0.0     0.0750      0.0    0.0      21.830   23.8   0b1111111111111111    20190524T102837294136
11       0     1.6192      0.0       0.0     0.3219      0.4    0.8       5.030   23.8   0b1111111111111111    20190524T102837294440
12       0     1.6259      0.2       0.7     0.0737      0.4    0.8      22.071   23.8   0b1111111111111111    20190524T102837294735
13       0     1.6219      0.4       0.8     0.3207      0.3    0.8       5.057   23.8   0b1111111111111111    20190524T102837295017
14       0     1.6275      0.0       0.0     0.0757      0.3    0.8      21.509   23.8   0b1111111111111111    20190524T102837295296
15       0     1.6366      0.2       0.8     0.3257      0.3    0.8       5.024   23.8   0b1111111111111111    20190524T102837295600
