CH# Vset[DAC]   V[V]    dVRMS[mV] dVpp[mV]    I[A]  dIRMS[mA] dIpp[mA]   R[ohm]   T[C]   State                Timestamp
 0     250     2.8515      0.0       0.0     0.2890      1.4    5.0       9.867   24.3   0b1111111111111111    20190618T135409197223
 1     250     2.8199      0.2       0.8     1.2498      1.4    4.2       2.256   24.3   0b1111111111111111    20190618T135409197705
 2     250     2.8478      0.0       0.0     0.2836      1.7    5.8      10.042   24.3   0b1111111111111111    20190618T135409198020
 3     250     2.8301      0.4       0.7     1.2448      1.0    3.3       2.274   24.3   0b1111111111111111    20190618T135409198318
 4     250     2.8777      0.2       0.8     0.2867      2.7    9.2      10.038   24.3   0b1111111111111111    20190618T135409198669
 5     250     2.8397      0.3       0.7     1.2560      2.1    6.7       2.261   24.3   0b1111111111111111    20190618T135409198961
 6     250     2.8665      0.0       0.0     0.2858      1.9    6.7      10.031   24.3   0b1111111111111111    20190618T135409199247
 7     250     2.8347      0.4       0.8     1.2477      1.5    5.0       2.272   24.3   0b1111111111111111    20190618T135409199613
 8     250     2.8004      0.2       0.8     0.2789      1.2    4.2      10.040   24.3   0b1111111111111111    20190618T135409199908
 9     250     2.8085      0.3       0.8     1.2433      1.1    3.3       2.259   24.3   0b1111111111111111    20190618T135409200194
10     250     2.8244      0.3       0.8     0.2815      1.0    3.3      10.033   24.3   0b1111111111111111    20190618T135409200633
11     250     2.8110      0.0       0.0     1.2444      0.7    1.7       2.259   24.3   0b1111111111111111    20190618T135409201146
12     250     2.8253      0.0       0.0     0.2824      1.2    3.3      10.004   24.3   0b1111111111111111    20190618T135409201692
13     250     2.8284      0.3       0.8     1.2526      0.9    2.5       2.258   24.3   0b1111111111111111    20190618T135409202280
14     250     2.8478      0.0       0.0     0.2872      1.6    5.0       9.914   24.3   0b1111111111111111    20190618T135409202703
15     250     2.8102      0.0       0.0     1.2384      0.6    1.7       2.269   24.3   0b1111111111111111    20190618T135409202996
 0     240     2.8027      0.0       0.0     0.2826      1.0    3.3       9.918   24.3   0b1111111111111111    20190618T135412690948
 1     240     2.7826      0.3       0.7     1.2340      0.7    2.5       2.255   24.3   0b1111111111111111    20190618T135412691372
 2     240     2.7991      0.2       0.7     0.2802      1.2    4.2       9.991   24.3   0b1111111111111111    20190618T135412691676
 3     240     2.7996      0.3       0.7     1.2315      1.2    3.3       2.273   24.3   0b1111111111111111    20190618T135412691965
 4     240     2.8286      0.4       0.8     0.2824      0.9    3.3      10.016   24.3   0b1111111111111111    20190618T135412692270
 5     240     2.8117      0.0       0.0     1.2438      0.9    2.5       2.261   24.3   0b1111111111111111    20190618T135412692558
 6     240     2.8178      0.0       0.0     0.2808      0.8    2.5      10.034   24.3   0b1111111111111111    20190618T135412692840
 7     240     2.8057      0.2       0.8     1.2351      1.0    3.3       2.272   24.3   0b1111111111111111    20190618T135412693121
 8     240     2.7539      0.2       0.8     0.2737      0.8    2.5      10.060   24.3   0b1111111111111111    20190618T135412693424
 9     240     2.7652      0.0       0.0     1.2241      0.4    1.7       2.259   24.3   0b1111111111111111    20190618T135412693706
10     240     2.7775      0.4       0.8     0.2778      0.6    1.7       9.997   24.3   0b1111111111111111    20190618T135412693986
11     240     2.7697      0.2       0.7     1.2258      0.5    1.7       2.259   24.3   0b1111111111111111    20190618T135412694291
12     240     2.7780      0.0       0.0     0.2785      0.5    1.7       9.975   24.3   0b1111111111111111    20190618T135412694574
13     240     2.7901      0.2       0.8     1.2358      0.7    1.7       2.258   24.3   0b1111111111111111    20190618T135412694854
14     240     2.8000      0.3       0.8     0.2823      0.5    1.7       9.920   24.3   0b1111111111111111    20190618T135412695149
15     240     2.7683      0.0       0.0     1.2205      0.6    1.7       2.268   24.3   0b1111111111111111    20190618T135412695451
 0     230     2.7555      0.0       0.0     0.2781      0.5    1.7       9.909   24.4   0b1111111111111111    20190618T135416162004
 1     230     2.7381      0.3       0.8     1.2143      0.5    1.7       2.255   24.4   0b1111111111111111    20190618T135416162517
 2     230     2.7518      0.0       0.0     0.2748      0.3    0.8      10.012   24.4   0b1111111111111111    20190618T135416162844
 3     230     2.7570      0.0       0.0     1.2133      0.5    1.7       2.272   24.4   0b1111111111111111    20190618T135416163143
 4     230     2.7805      0.4       0.7     0.2772      1.4    4.2      10.029   24.4   0b1111111111111111    20190618T135416163495
 5     230     2.7713      0.0       0.0     1.2258      0.7    1.7       2.261   24.4   0b1111111111111111    20190618T135416163792
 6     230     2.7697      0.0       0.0     0.2763      0.6    1.7      10.023   24.4   0b1111111111111111    20190618T135416164137
 7     230     2.7638      0.0       0.0     1.2165      0.5    1.7       2.272   24.4   0b1111111111111111    20190618T135416164494
 8     230     2.7090      0.0       0.0     0.2698      0.3    0.8      10.040   24.4   0b1111111111111111    20190618T135416164788
 9     230     2.7208      0.3       0.8     1.2048      0.5    1.7       2.258   24.4   0b1111111111111111    20190618T135416165074
10     230     2.7323      0.0       0.0     0.2731      0.4    0.8      10.005   24.4   0b1111111111111111    20190618T135416165407
11     230     2.7247      0.0       0.0     1.2064      0.4    0.8       2.259   24.4   0b1111111111111111    20190618T135416165702
12     230     2.7315      0.0       0.0     0.2737      0.4    0.8       9.981   24.4   0b1111111111111111    20190618T135416165985
13     230     2.7458      0.0       0.0     1.2163      0.4    0.8       2.258   24.4   0b1111111111111111    20190618T135416166266
14     230     2.7533      0.0       0.0     0.2780      0.4    0.8       9.904   24.4   0b1111111111111111    20190618T135416166589
15     230     2.7233      0.0       0.0     1.2006      0.4    0.8       2.268   24.4   0b1111111111111111    20190618T135416166872
 0     220     2.7063      0.4       0.8     0.2727      0.5    1.7       9.925   24.4   0b1111111111111111    20190618T135419650687
 1     220     2.6902      0.0       0.0     1.1931      0.4    0.8       2.255   24.4   0b1111111111111111    20190618T135419651086
 2     220     2.7037      0.0       0.0     0.2702      0.3    0.8      10.008   24.4   0b1111111111111111    20190618T135419651432
 3     220     2.7087      0.4       0.7     1.1921      0.6    1.7       2.272   24.4   0b1111111111111111    20190618T135419651734
 4     220     2.7315      0.0       0.0     0.2721      0.4    0.8      10.039   24.4   0b1111111111111111    20190618T135419652054
 5     220     2.7231      0.3       0.8     1.2047      0.6    1.7       2.260   24.4   0b1111111111111111    20190618T135419652374
 6     220     2.7196      0.2       0.8     0.2710      0.5    1.7      10.035   24.4   0b1111111111111111    20190618T135419652663
 7     220     2.7157      0.0       0.0     1.1963      0.4    0.8       2.270   24.4   0b1111111111111111    20190618T135419652948
 8     220     2.6625      0.0       0.0     0.2652      0.3    0.8      10.041   24.4   0b1111111111111111    20190618T135419653250
 9     220     2.6737      0.0       0.0     1.1843      0.4    1.7       2.258   24.4   0b1111111111111111    20190618T135419653539
10     220     2.6857      0.0       0.0     0.2688      0.4    0.8       9.993   24.4   0b1111111111111111    20190618T135419653821
11     220     2.6786      0.4       0.8     1.1860      0.3    0.8       2.259   24.4   0b1111111111111111    20190618T135419654103
12     220     2.6835      0.0       0.0     0.2690      0.3    0.8       9.976   24.4   0b1111111111111111    20190618T135419654404
13     220     2.6980      0.4       0.8     1.1950      0.0    0.0       2.258   24.4   0b1111111111111111    20190618T135419654706
14     220     2.7045      0.0       0.0     0.2732      0.3    0.8       9.901   24.4   0b1111111111111111    20190618T135419654987
15     220     2.6752      0.0       0.0     1.1795      0.4    0.8       2.268   24.4   0b1111111111111111    20190618T135419655328
 0     210     2.6573      0.0       0.0     0.2676      0.2    0.8       9.931   24.4   0b1111111111111111    20190618T135423137952
 1     210     2.6415      0.0       0.0     1.1715      0.3    0.8       2.255   24.4   0b1111111111111111    20190618T135423138166
 2     210     2.6543      0.0       0.0     0.2651      0.3    0.8      10.013   24.4   0b1111111111111111    20190618T135423138311
 3     210     2.6595      0.0       0.0     1.1700      0.0    0.0       2.273   24.4   0b1111111111111111    20190618T135423138452
 4     210     2.6815      0.3       0.8     0.2673      0.4    0.8      10.034   24.4   0b1111111111111111    20190618T135423138592
 5     210     2.6737      0.2       0.7     1.1829      0.4    0.8       2.260   24.4   0b1111111111111111    20190618T135423138730
 6     210     2.6703      0.4       0.7     0.2661      0.4    0.8      10.036   24.4   0b1111111111111111    20190618T135423138866
 7     210     2.6663      0.0       0.0     1.1743      0.3    0.8       2.270   24.4   0b1111111111111111    20190618T135423139002
 8     210     2.6152      0.0       0.0     0.2606      0.4    0.8      10.036   24.4   0b1111111111111111    20190618T135423139191
 9     210     2.6267      0.3       0.8     1.1633      0.0    0.0       2.258   24.4   0b1111111111111111    20190618T135423139334
10     210     2.6385      0.0       0.0     0.2639      0.5    1.7       9.997   24.4   0b1111111111111111    20190618T135423139471
11     210     2.6315      0.3       0.8     1.1650      0.0    0.0       2.259   24.4   0b1111111111111111    20190618T135423139607
12     210     2.6355      0.0       0.0     0.2639      0.4    0.8       9.986   24.4   0b1111111111111111    20190618T135423139743
13     210     2.6499      0.3       0.8     1.1740      0.3    0.8       2.257   24.4   0b1111111111111111    20190618T135423139879
14     210     2.6565      0.0       0.0     0.2682      0.3    0.8       9.906   24.4   0b1111111111111111    20190618T135423140015
15     210     2.6280      0.0       0.0     1.1586      0.4    0.8       2.268   24.4   0b1111111111111111    20190618T135423140155
 0     200     2.6077      0.0       0.0     0.2629      0.4    0.8       9.919   24.5   0b1111111111111111    20190618T135426614951
 1     200     2.5925      0.3       0.8     1.1498      0.4    0.8       2.255   24.5   0b1111111111111111    20190618T135426615424
 2     200     2.6047      0.0       0.0     0.2602      0.5    1.7      10.012   24.5   0b1111111111111111    20190618T135426617070
 3     200     2.6100      0.0       0.0     1.1484      0.2    0.8       2.273   24.5   0b1111111111111111    20190618T135426617418
 4     200     2.6318      0.0       0.0     0.2624      0.2    0.8      10.029   24.5   0b1111111111111111    20190618T135426617770
 5     200     2.6235      0.0       0.0     1.1607      0.4    1.7       2.260   24.5   0b1111111111111111    20190618T135426618071
 6     200     2.6205      0.0       0.0     0.2611      0.4    0.8      10.037   24.5   0b1111111111111111    20190618T135426618436
 7     200     2.6168      0.0       0.0     1.1525      0.0    0.0       2.270   24.5   0b1111111111111111    20190618T135426618726
 8     200     2.5688      0.0       0.0     0.2558      0.0    0.0      10.041   24.5   0b1111111111111111    20190618T135426619011
 9     200     2.5793      0.0       0.0     1.1424      0.3    0.8       2.258   24.5   0b1111111111111111    20190618T135426619346
10     200     2.5912      0.0       0.0     0.2592      0.0    0.0       9.998   24.5   0b1111111111111111    20190618T135426619634
11     200     2.5843      0.3       0.7     1.1443      0.3    0.8       2.258   24.5   0b1111111111111111    20190618T135426620064
12     200     2.5875      0.0       0.0     0.2593      0.2    0.8       9.981   24.5   0b1111111111111111    20190618T135426620533
13     200     2.6017      0.0       0.0     1.1525      0.0    0.0       2.257   24.5   0b1111111111111111    20190618T135426620821
14     200     2.6077      0.0       0.0     0.2633      0.0    0.0       9.903   24.5   0b1111111111111111    20190618T135426621155
15     200     2.5800      0.0       0.0     1.1375      0.0    0.0       2.268   24.5   0b1111111111111111    20190618T135426621471
 0     190     2.5598      0.0       0.0     0.2577      0.3    0.8       9.934   24.6   0b1111111111111111    20190618T135430083914
 1     190     2.5455      0.0       0.0     1.1291      0.3    0.8       2.254   24.6   0b1111111111111111    20190618T135430084398
 2     190     2.5575      0.0       0.0     0.2551      0.2    0.8      10.026   24.6   0b1111111111111111    20190618T135430084722
 3     190     2.5628      0.0       0.0     1.1276      0.2    0.8       2.273   24.6   0b1111111111111111    20190618T135430085022
 4     190     2.5838      0.0       0.0     0.2574      0.3    0.8      10.037   24.6   0b1111111111111111    20190618T135430085363
 5     190     2.5763      0.0       0.0     1.1400      0.0    0.0       2.260   24.6   0b1111111111111111    20190618T135430085658
 6     190     2.5725      0.0       0.0     0.2559      0.2    0.8      10.052   24.6   0b1111111111111111    20190618T135430085944
 7     190     2.5688      0.0       0.0     1.1315      0.3    0.8       2.270   24.6   0b1111111111111111    20190618T135430086285
 8     190     2.5245      0.0       0.0     0.2516      0.3    0.8      10.034   24.6   0b1111111111111111    20190618T135430086635
 9     190     2.5358      0.0       0.0     1.1231      0.4    0.8       2.258   24.6   0b1111111111111111    20190618T135430086927
10     190     2.5463      0.0       0.0     0.2547      0.4    0.8       9.998   24.6   0b1111111111111111    20190618T135430087269
11     190     2.5402      0.2       0.7     1.1247      0.4    0.8       2.258   24.6   0b1111111111111111    20190618T135430087560
12     190     2.5417      0.0       0.0     0.2547      0.4    0.8       9.981   24.6   0b1111111111111111    20190618T135430087841
13     190     2.5553      0.0       0.0     1.1318      0.2    0.8       2.258   24.6   0b1111111111111111    20190618T135430088192
14     190     2.5620      0.0       0.0     0.2586      0.4    0.8       9.908   24.6   0b1111111111111111    20190618T135430088355
15     190     2.5346      0.4       0.7     1.1175      0.0    0.0       2.268   24.6   0b1111111111111111    20190618T135430088492
 0     180     2.5105      0.4       0.8     0.2527      0.4    0.8       9.933   24.6   0b1111111111111111    20190618T135433550371
 1     180     2.4961      0.3       0.8     1.1071      0.4    0.8       2.255   24.6   0b1111111111111111    20190618T135433550784
 2     180     2.5081      0.3       0.8     0.2505      0.4    0.8      10.013   24.6   0b1111111111111111    20190618T135433551142
 3     180     2.5132      0.0       0.0     1.1061      0.4    0.8       2.272   24.6   0b1111111111111111    20190618T135433551500
 4     180     2.5335      0.0       0.0     0.2524      0.2    0.8      10.037   24.6   0b1111111111111111    20190618T135433551795
 5     180     2.5267      0.2       0.8     1.1181      0.4    0.8       2.260   24.6   0b1111111111111111    20190618T135433552081
 6     180     2.5230      0.0       0.0     0.2513      0.4    0.8      10.038   24.6   0b1111111111111111    20190618T135433552485
 7     180     2.5192      0.0       0.0     1.1099      0.3    0.8       2.270   24.6   0b1111111111111111    20190618T135433552779
 8     180     2.4779      0.3       0.8     0.2467      0.0    0.0      10.045   24.6   0b1111111111111111    20190618T135433553064
 9     180     2.4891      0.3       0.8     1.1025      0.0    0.0       2.258   24.6   0b1111111111111111    20190618T135433553413
10     180     2.4997      0.2       0.7     0.2498      0.3    0.8      10.005   24.6   0b1111111111111111    20190618T135433553698
11     180     2.4930      0.0       0.0     1.1038      0.4    0.8       2.258   24.6   0b1111111111111111    20190618T135433553993
12     180     2.4937      0.0       0.0     0.2500      0.0    0.0       9.975   24.6   0b1111111111111111    20190618T135433554324
13     180     2.5072      0.0       0.0     1.1108      0.0    0.0       2.257   24.6   0b1111111111111111    20190618T135433554610
14     180     2.5136      0.4       0.8     0.2539      0.4    0.8       9.899   24.6   0b1111111111111111    20190618T135433554890
15     180     2.4870      0.0       0.0     1.0967      0.0    0.0       2.268   24.6   0b1111111111111111    20190618T135433555223
 0     170     2.4615      0.0       0.0     0.2481      0.4    0.8       9.922   24.7   0b1111111111111111    20190618T135437048913
 1     170     2.4473      0.0       0.0     1.0858      0.3    0.8       2.254   24.7   0b1111111111111111    20190618T135437049389
 2     170     2.4593      0.0       0.0     0.2456      0.4    0.8      10.014   24.7   0b1111111111111111    20190618T135437049712
 3     170     2.4639      0.3       0.8     1.0843      0.3    0.8       2.272   24.7   0b1111111111111111    20190618T135437050010
 4     170     2.4840      0.0       0.0     0.2475      0.0    0.0      10.036   24.7   0b1111111111111111    20190618T135437050351
 5     170     2.4765      0.0       0.0     1.0960      0.3    0.8       2.260   24.7   0b1111111111111111    20190618T135437050645
 6     170     2.4735      0.0       0.0     0.2462      0.4    0.8      10.045   24.7   0b1111111111111111    20190618T135437050930
 7     170     2.4698      0.2       0.8     1.0880      0.4    0.8       2.270   24.7   0b1111111111111111    20190618T135437051306
 8     170     2.4308      0.0       0.0     0.2420      0.4    0.8      10.044   24.7   0b1111111111111111    20190618T135437051615
 9     170     2.4420      0.0       0.0     1.0817      0.0    0.0       2.258   24.7   0b1111111111111111    20190618T135437051899
10     170     2.4525      0.0       0.0     0.2453      0.4    0.8      10.000   24.7   0b1111111111111111    20190618T135437052249
11     170     2.4457      0.0       0.0     1.0833      0.2    0.8       2.258   24.7   0b1111111111111111    20190618T135437052542
12     170     2.4458      0.2       0.7     0.2450      0.0    0.0       9.983   24.7   0b1111111111111111    20190618T135437052825
13     170     2.4593      0.0       0.0     1.0893      0.3    0.8       2.258   24.7   0b1111111111111111    20190618T135437053154
14     170     2.4653      0.0       0.0     0.2488      0.4    0.8       9.907   24.7   0b1111111111111111    20190618T135437053450
15     170     2.4394      0.4       0.8     1.0758      0.3    0.8       2.268   24.7   0b1111111111111111    20190618T135437053732
 0     160     2.4120      0.0       0.0     0.2428      0.4    0.8       9.936   24.7   0b1111111111111111    20190618T135440521637
 1     160     2.3985      0.0       0.0     1.0640      0.3    0.8       2.254   24.7   0b1111111111111111    20190618T135440522082
 2     160     2.4104      0.2       0.7     0.2404      0.4    0.8      10.026   24.7   0b1111111111111111    20190618T135440522486
 3     160     2.4149      0.2       0.8     1.0627      0.3    0.8       2.273   24.7   0b1111111111111111    20190618T135440522787
 4     160     2.4338      0.0       0.0     0.2425      0.0    0.0      10.036   24.7   0b1111111111111111    20190618T135440523079
 5     160     2.4270      0.0       0.0     1.0742      0.0    0.0       2.259   24.7   0b1111111111111111    20190618T135440523424
 6     160     2.4232      0.0       0.0     0.2414      0.4    0.8      10.038   24.7   0b1111111111111111    20190618T135440523713
 7     160     2.4202      0.0       0.0     1.0660      0.3    0.8       2.270   24.7   0b1111111111111111    20190618T135440524049
 8     160     2.3843      0.0       0.0     0.2375      0.0    0.0      10.039   24.7   0b1111111111111111    20190618T135440524422
 9     160     2.3947      0.0       0.0     1.0608      0.3    0.8       2.258   24.7   0b1111111111111111    20190618T135440524711
10     160     2.4052      0.0       0.0     0.2404      0.4    0.8      10.005   24.7   0b1111111111111111    20190618T135440525006
11     160     2.3985      0.0       0.0     1.0621      0.4    0.8       2.258   24.7   0b1111111111111111    20190618T135440525334
12     160     2.3982      0.4       0.7     0.2403      0.4    0.8       9.979   24.7   0b1111111111111111    20190618T135440525618
13     160     2.4112      0.2       0.8     1.0682      0.3    0.8       2.257   24.7   0b1111111111111111    20190618T135440525898
14     160     2.4171      0.3       0.8     0.2438      0.4    0.8       9.913   24.7   0b1111111111111111    20190618T135440526238
15     160     2.3918      0.0       0.0     1.0544      0.4    0.8       2.268   24.7   0b1111111111111111    20190618T135440526523
 0     150     2.3655      0.0       0.0     0.2383      0.2    0.8       9.929   24.9   0b1111111111111111    20190618T135443985797
 1     150     2.3520      0.0       0.0     1.0433      0.0    0.0       2.254   24.9   0b1111111111111111    20190618T135443986238
 2     150     2.3634      0.3       0.8     0.2357      0.4    1.7      10.025   24.9   0b1111111111111111    20190618T135443986584
 3     150     2.3683      0.3       0.8     1.0423      0.3    0.8       2.272   24.9   0b1111111111111111    20190618T135443986900
 4     150     2.3865      0.0       0.0     0.2376      0.2    0.8      10.045   24.9   0b1111111111111111    20190618T135443987204
 5     150     2.3798      0.0       0.0     1.0533      0.0    0.0       2.259   24.9   0b1111111111111111    20190618T135443987616
 6     150     2.3760      0.0       0.0     0.2367      0.0    0.0      10.039   24.9   0b1111111111111111    20190618T135443987971
 7     150     2.3723      0.0       0.0     1.0451      0.3    0.8       2.270   24.9   0b1111111111111111    20190618T135443988289
 8     150     2.3404      0.4       0.8     0.2326      0.2    0.8      10.063   24.9   0b1111111111111111    20190618T135443988590
 9     150     2.3483      0.0       0.0     1.0400      0.0    0.0       2.258   24.9   0b1111111111111111    20190618T135443988895
10     150     2.3603      0.0       0.0     0.2358      0.0    0.0      10.008   24.9   0b1111111111111111    20190618T135443989176
11     150     2.3549      0.2       0.8     1.0427      0.3    0.8       2.259   24.9   0b1111111111111111    20190618T135443989540
12     150     2.3535      0.0       0.0     0.2358      0.2    0.8       9.983   24.9   0b1111111111111111    20190618T135443989833
13     150     2.3652      0.4       0.8     1.0475      0.0    0.0       2.258   24.9   0b1111111111111111    20190618T135443990114
14     150     2.3715      0.0       0.0     0.2394      0.4    0.8       9.905   24.9   0b1111111111111111    20190618T135443990449
15     150     2.3462      0.3       0.8     1.0343      0.3    0.8       2.268   24.9   0b1111111111111111    20190618T135443990736
 0     140     2.3167      0.0       0.0     0.2333      0.0    0.0       9.929   24.9   0b1111111111111111    20190618T135447455308
 1     140     2.3033      0.2       0.8     1.0216      0.3    0.8       2.255   24.9   0b1111111111111111    20190618T135447455775
 2     140     2.3146      0.2       0.8     0.2308      0.0    0.0      10.027   24.9   0b1111111111111111    20190618T135447456122
 3     140     2.3190      0.0       0.0     1.0207      0.3    0.8       2.272   24.9   0b1111111111111111    20190618T135447456499
 4     140     2.3370      0.0       0.0     0.2326      0.2    0.8      10.048   24.9   0b1111111111111111    20190618T135447456801
 5     140     2.3302      0.0       0.0     1.0316      0.2    0.8       2.259   24.9   0b1111111111111111    20190618T135447457090
 6     140     2.3265      0.0       0.0     0.2317      0.0    0.0      10.042   24.9   0b1111111111111111    20190618T135447457431
 7     140     2.3235      0.0       0.0     1.0233      0.0    0.0       2.271   24.9   0b1111111111111111    20190618T135447457754
 8     140     2.2942      0.0       0.0     0.2282      0.3    0.8      10.055   24.9   0b1111111111111111    20190618T135447458077
 9     140     2.3017      0.0       0.0     1.0194      0.4    0.8       2.258   24.9   0b1111111111111111    20190618T135447458431
10     140     2.3137      0.0       0.0     0.2312      0.4    0.8      10.009   24.9   0b1111111111111111    20190618T135447458725
11     140     2.3077      0.0       0.0     1.0219      0.4    0.8       2.258   24.9   0b1111111111111111    20190618T135447459010
12     140     2.3055      0.0       0.0     0.2308      0.0    0.0       9.988   24.9   0b1111111111111111    20190618T135447459290
13     140     2.3175      0.0       0.0     1.0267      0.0    0.0       2.257   24.9   0b1111111111111111    20190618T135447459621
14     140     2.3235      0.0       0.0     0.2343      0.2    0.8       9.919   24.9   0b1111111111111111    20190618T135447459904
15     140     2.2987      0.0       0.0     1.0134      0.3    0.8       2.268   24.9   0b1111111111111111    20190618T135447460183
 0     130     2.2680      0.0       0.0     0.2283      0.0    0.0       9.933   24.9   0b1111111111111111    20190618T135450932829
 1     130     2.2553      0.0       0.0     1.0000      0.0    0.0       2.255   24.9   0b1111111111111111    20190618T135450933331
 2     130     2.2665      0.0       0.0     0.2258      0.0    0.0      10.036   24.9   0b1111111111111111    20190618T135450933655
 3     130     2.2703      0.0       0.0     0.9990      0.3    0.8       2.273   24.9   0b1111111111111111    20190618T135450933956
 4     130     2.2880      0.3       0.8     0.2278      0.4    0.8      10.046   24.9   0b1111111111111111    20190618T135450934305
 5     130     2.2808      0.0       0.0     1.0097      0.4    0.8       2.259   24.9   0b1111111111111111    20190618T135450934601
 6     130     2.2774      0.4       0.8     0.2267      0.0    0.0      10.047   24.9   0b1111111111111111    20190618T135450934889
 7     130     2.2740      0.0       0.0     1.0017      0.0    0.0       2.270   24.9   0b1111111111111111    20190618T135450935231
 8     130     2.2477      0.0       0.0     0.2233      0.0    0.0      10.065   24.9   0b1111111111111111    20190618T135450935521
 9     130     2.2553      0.0       0.0     0.9991      0.2    0.8       2.257   24.9   0b1111111111111111    20190618T135450935859
10     130     2.2673      0.0       0.0     0.2267      0.0    0.0      10.003   24.9   0b1111111111111111    20190618T135450936213
11     130     2.2612      0.0       0.0     1.0016      0.2    0.8       2.258   24.9   0b1111111111111111    20190618T135450936508
12     130     2.2582      0.0       0.0     0.2260      0.3    0.8       9.992   24.9   0b1111111111111111    20190618T135450936790
13     130     2.2701      0.3       0.8     1.0056      0.4    0.8       2.257   24.9   0b1111111111111111    20190618T135450937071
14     130     2.2755      0.0       0.0     0.2294      0.4    0.8       9.919   24.9   0b1111111111111111    20190618T135450937405
15     130     2.2515      0.0       0.0     0.9926      0.2    0.8       2.268   24.9   0b1111111111111111    20190618T135450937685
 0     120     2.2177      0.0       0.0     0.2233      0.0    0.0       9.930   25.0   0b1111111111111111    20190618T135454424863
 1     120     2.2072      0.2       0.7     0.9784      0.2    0.8       2.256   25.0   0b1111111111111111    20190618T135454425303
 2     120     2.2177      0.0       0.0     0.2208      0.0    0.0      10.043   25.0   0b1111111111111111    20190618T135454425621
 3     120     2.2215      0.0       0.0     0.9775      0.0    0.0       2.273   25.0   0b1111111111111111    20190618T135454425917
 4     120     2.2381      0.2       0.8     0.2226      0.2    0.8      10.055   25.0   0b1111111111111111    20190618T135454426205
 5     120     2.2326      0.3       0.8     0.9882      0.3    0.8       2.259   25.0   0b1111111111111111    20190618T135454426525
 6     120     2.2282      0.0       0.0     0.2215      0.3    0.8      10.060   25.0   0b1111111111111111    20190618T135454426811
 7     120     2.2252      0.0       0.0     0.9800      0.0    0.0       2.271   25.0   0b1111111111111111    20190618T135454427106
 8     120     2.2013      0.0       0.0     0.2187      0.4    0.8      10.067   25.0   0b1111111111111111    20190618T135454427407
 9     120     2.2095      0.0       0.0     0.9783      0.0    0.0       2.258   25.0   0b1111111111111111    20190618T135454427695
10     120     2.2205      0.3       0.7     0.2218      0.2    0.8      10.014   25.0   0b1111111111111111    20190618T135454427979
11     120     2.2140      0.0       0.0     0.9802      0.3    0.8       2.259   25.0   0b1111111111111111    20190618T135454428296
12     120     2.2110      0.0       0.0     0.2212      0.4    0.8       9.997   25.0   0b1111111111111111    20190618T135454428478
13     120     2.2222      0.0       0.0     0.9842      0.0    0.0       2.258   25.0   0b1111111111111111    20190618T135454428615
14     120     2.2282      0.0       0.0     0.2250      0.0    0.0       9.903   25.0   0b1111111111111111    20190618T135454428750
15     120     2.2043      0.0       0.0     0.9717      0.0    0.0       2.269   25.0   0b1111111111111111    20190618T135454428886
 0     110     2.1720      0.0       0.0     0.2189      0.4    0.8       9.922   25.0   0b1111111111111111    20190618T135457924477
 1     110     2.1600      0.0       0.0     0.9576      0.3    0.8       2.256   25.0   0b1111111111111111    20190618T135457924875
 2     110     2.1706      0.2       0.7     0.2162      0.4    0.8      10.041   25.0   0b1111111111111111    20190618T135457925191
 3     110     2.1750      0.0       0.0     0.9570      0.4    0.8       2.273   25.0   0b1111111111111111    20190618T135457925516
 4     110     2.1915      0.0       0.0     0.2179      0.4    0.8      10.057   25.0   0b1111111111111111    20190618T135457925808
 5     110     2.1855      0.0       0.0     0.9675      0.0    0.0       2.259   25.0   0b1111111111111111    20190618T135457926097
 6     110     2.1818      0.0       0.0     0.2167      0.0    0.0      10.070   25.0   0b1111111111111111    20190618T135457926401
 7     110     2.1788      0.0       0.0     0.9594      0.4    0.8       2.271   25.0   0b1111111111111111    20190618T135457926689
 8     110     2.1578      0.0       0.0     0.2142      0.0    0.0      10.075   25.0   0b1111111111111111    20190618T135457926973
 9     110     2.1653      0.2       0.8     0.9590      0.3    0.8       2.258   25.0   0b1111111111111111    20190618T135457927278
10     110     2.1765      0.0       0.0     0.2175      0.0    0.0      10.007   25.0   0b1111111111111111    20190618T135457927563
11     110     2.1699      0.3       0.8     0.9608      0.0    0.0       2.258   25.0   0b1111111111111111    20190618T135457927847
12     110     2.1660      0.0       0.0     0.2168      0.2    0.8       9.993   25.0   0b1111111111111111    20190618T135457928129
13     110     2.1773      0.0       0.0     0.9642      0.0    0.0       2.258   25.0   0b1111111111111111    20190618T135457928412
14     110     2.1828      0.4       0.8     0.2200      0.0    0.0       9.922   25.0   0b1111111111111111    20190618T135457928550
15     110     2.1600      0.0       0.0     0.9517      0.0    0.0       2.270   25.0   0b1111111111111111    20190618T135457928688
 0     100     2.1232      0.0       0.0     0.2139      0.4    0.8       9.926   25.1   0b1111111111111111    20190618T135501416234
 1     100     2.1112      0.0       0.0     0.9358      0.0    0.0       2.256   25.1   0b1111111111111111    20190618T135501416635
 2     100     2.1224      0.2       0.8     0.2112      0.4    0.8      10.051   25.1   0b1111111111111111    20190618T135501416946
 3     100     2.1262      0.0       0.0     0.9357      0.3    0.8       2.272   25.1   0b1111111111111111    20190618T135501417301
 4     100     2.1427      0.2       0.8     0.2132      0.3    0.8      10.052   25.1   0b1111111111111111    20190618T135501417598
 5     100     2.1367      0.0       0.0     0.9456      0.4    0.8       2.260   25.1   0b1111111111111111    20190618T135501417887
 6     100     2.1330      0.0       0.0     0.2117      0.0    0.0      10.077   25.1   0b1111111111111111    20190618T135501418279
 7     100     2.1300      0.0       0.0     0.9383      0.3    0.8       2.270   25.1   0b1111111111111111    20190618T135501418575
 8     100     2.1112      0.0       0.0     0.2097      0.4    0.8      10.070   25.1   0b1111111111111111    20190618T135501418860
 9     100     2.1195      0.0       0.0     0.9384      0.2    0.8       2.259   25.1   0b1111111111111111    20190618T135501419207
10     100     2.1300      0.0       0.0     0.2126      0.3    0.8      10.020   25.1   0b1111111111111111    20190618T135501419500
11     100     2.1232      0.0       0.0     0.9401      0.3    0.8       2.259   25.1   0b1111111111111111    20190618T135501419784
12     100     2.1187      0.0       0.0     0.2117      0.0    0.0      10.010   25.1   0b1111111111111111    20190618T135501420065
13     100     2.1300      0.0       0.0     0.9433      0.0    0.0       2.258   25.1   0b1111111111111111    20190618T135501420405
14     100     2.1352      0.0       0.0     0.2152      0.4    0.8       9.920   25.1   0b1111111111111111    20190618T135501420684
15     100     2.1127      0.0       0.0     0.9308      0.0    0.0       2.270   25.1   0b1111111111111111    20190618T135501420964
 0      90     2.0745      0.0       0.0     0.2087      0.4    0.8       9.938   25.1   0b1111111111111111    20190618T135504901639
 1      90     2.0633      0.0       0.0     0.9146      0.4    0.8       2.256   25.1   0b1111111111111111    20190618T135504902099
 2      90     2.0737      0.0       0.0     0.2064      0.4    0.8      10.046   25.1   0b1111111111111111    20190618T135504902455
 3      90     2.0768      0.0       0.0     0.9137      0.4    0.8       2.273   25.1   0b1111111111111111    20190618T135504902769
 4      90     2.0933      0.2       0.8     0.2083      0.0    0.0      10.048   25.1   0b1111111111111111    20190618T135504903063
 5      90     2.0888      0.0       0.0     0.9242      0.0    0.0       2.260   25.1   0b1111111111111111    20190618T135504903364
 6      90     2.0847      0.4       0.8     0.2068      0.3    0.8      10.079   25.1   0b1111111111111111    20190618T135504903660
 7      90     2.0813      0.0       0.0     0.9167      0.0    0.0       2.270   25.1   0b1111111111111111    20190618T135504903948
 8      90     2.0655      0.0       0.0     0.2050      0.0    0.0      10.076   25.1   0b1111111111111111    20190618T135504904254
 9      90     2.0738      0.2       0.8     0.9183      0.0    0.0       2.258   25.1   0b1111111111111111    20190618T135504904542
10      90     2.0835      0.0       0.0     0.2080      0.4    0.8      10.017   25.1   0b1111111111111111    20190618T135504904826
11      90     2.0774      0.3       0.7     0.9195      0.4    0.8       2.259   25.1   0b1111111111111111    20190618T135504905109
12      90     2.0707      0.0       0.0     0.2068      0.3    0.8      10.012   25.1   0b1111111111111111    20190618T135504905409
13      90     2.0819      0.2       0.8     0.9217      0.0    0.0       2.259   25.1   0b1111111111111111    20190618T135504905695
14      90     2.0885      0.3       0.8     0.2105      0.4    0.8       9.922   25.1   0b1111111111111111    20190618T135504905976
15      90     2.0655      0.0       0.0     0.9100      0.0    0.0       2.270   25.1   0b1111111111111111    20190618T135504906280
 0      80     2.0242      0.0       0.0     0.2035      0.3    0.8       9.947   25.2   0b1111111111111111    20190618T135508383032
 1      80     2.0130      0.0       0.0     0.8923      0.3    0.8       2.256   25.2   0b1111111111111111    20190618T135508383396
 2      80     2.0235      0.0       0.0     0.2014      0.4    0.8      10.046   25.2   0b1111111111111111    20190618T135508384975
 3      80     2.0265      0.0       0.0     0.8917      0.0    0.0       2.273   25.2   0b1111111111111111    20190618T135508385263
 4      80     2.0445      0.0       0.0     0.2033      0.3    0.8      10.059   25.2   0b1111111111111111    20190618T135508385533
 5      80     2.0392      0.0       0.0     0.9025      0.0    0.0       2.260   25.2   0b1111111111111111    20190618T135508385806
 6      80     2.0355      0.0       0.0     0.2020      0.4    0.8      10.077   25.2   0b1111111111111111    20190618T135508386108
 7      80     2.0325      0.0       0.0     0.8950      0.0    0.0       2.271   25.2   0b1111111111111111    20190618T135508386371
 8      80     2.0176      0.2       0.8     0.2000      0.0    0.0      10.088   25.2   0b1111111111111111    20190618T135508386627
 9      80     2.0265      0.0       0.0     0.8972      0.4    0.8       2.259   25.2   0b1111111111111111    20190618T135508386865
10      80     2.0355      0.0       0.0     0.2033      0.3    0.8      10.015   25.2   0b1111111111111111    20190618T135508387137
11      80     2.0295      0.0       0.0     0.8983      0.0    0.0       2.259   25.2   0b1111111111111111    20190618T135508387396
12      80     2.0220      0.0       0.0     0.2022      0.4    0.8      10.002   25.2   0b1111111111111111    20190618T135508387650
13      80     2.0332      0.0       0.0     0.9001      0.3    0.8       2.259   25.2   0b1111111111111111    20190618T135508387905
14      80     2.0400      0.0       0.0     0.2057      0.3    0.8       9.919   25.2   0b1111111111111111    20190618T135508388158
15      80     2.0174      0.2       0.8     0.8888      0.4    0.8       2.270   25.2   0b1111111111111111    20190618T135508388403
 0      70     1.9748      0.0       0.0     0.1988      0.4    0.8       9.936   25.2   0b1111111111111111    20190618T135511850651
 1      70     1.9613      0.0       0.0     0.8693      0.3    0.8       2.256   25.2   0b1111111111111111    20190618T135511851045
 2      70     1.9711      0.2       0.8     0.1958      0.3    0.8      10.069   25.2   0b1111111111111111    20190618T135511851388
 3      70     1.9763      0.2       0.7     0.8692      0.0    0.0       2.274   25.2   0b1111111111111111    20190618T135511851689
 4      70     1.9957      0.0       0.0     0.1983      0.0    0.0      10.063   25.2   0b1111111111111111    20190618T135511851977
 5      70     1.9905      0.0       0.0     0.8808      0.0    0.0       2.260   25.2   0b1111111111111111    20190618T135511852263
 6      70     1.9865      0.3       0.8     0.1969      0.4    0.8      10.088   25.2   0b1111111111111111    20190618T135511852571
 7      70     1.9830      0.0       0.0     0.8732      0.3    0.8       2.271   25.2   0b1111111111111111    20190618T135511852904
 8      70     1.9695      0.0       0.0     0.1952      0.3    0.8      10.091   25.2   0b1111111111111111    20190618T135511853189
 9      70     1.9777      0.0       0.0     0.8756      0.4    0.8       2.259   25.2   0b1111111111111111    20190618T135511853491
10      70     1.9875      0.0       0.0     0.1983      0.0    0.0      10.021   25.2   0b1111111111111111    20190618T135511853775
11      70     1.9815      0.0       0.0     0.8768      0.3    0.8       2.260   25.2   0b1111111111111111    20190618T135511854056
12      70     1.9727      0.3       0.8     0.1970      0.4    0.8      10.013   25.2   0b1111111111111111    20190618T135511854355
13      70     1.9853      0.0       0.0     0.8792      0.0    0.0       2.258   25.2   0b1111111111111111    20190618T135511854640
14      70     1.9913      0.0       0.0     0.2008      0.0    0.0       9.915   25.2   0b1111111111111111    20190618T135511854919
15      70     1.9682      0.3       0.8     0.8673      0.3    0.8       2.269   25.2   0b1111111111111111    20190618T135511855199
 0      60     1.9215      0.0       0.0     0.1933      0.0    0.0       9.939   25.3   0b1111111111111111    20190618T135515309243
 1      60     1.9103      0.0       0.0     0.8466      0.3    0.8       2.256   25.3   0b1111111111111111    20190618T135515309715
 2      60     1.9207      0.0       0.0     0.1908      0.0    0.0      10.065   25.3   0b1111111111111111    20190618T135515310036
 3      60     1.9252      0.0       0.0     0.8467      0.0    0.0       2.274   25.3   0b1111111111111111    20190618T135515310335
 4      60     1.9440      0.0       0.0     0.1929      0.4    0.8      10.077   25.3   0b1111111111111111    20190618T135515310696
 5      60     1.9395      0.0       0.0     0.8581      0.4    0.8       2.260   25.3   0b1111111111111111    20190618T135515310987
 6      60     1.9350      0.0       0.0     0.1917      0.0    0.0      10.096   25.3   0b1111111111111111    20190618T135515311274
 7      60     1.9320      0.0       0.0     0.8502      0.4    0.8       2.272   25.3   0b1111111111111111    20190618T135515311664
 8      60     1.9192      0.0       0.0     0.1901      0.2    0.8      10.097   25.3   0b1111111111111111    20190618T135515311959
 9      60     1.9275      0.0       0.0     0.8533      0.3    0.8       2.259   25.3   0b1111111111111111    20190618T135515312243
10      60     1.9380      0.0       0.0     0.1933      0.0    0.0      10.024   25.3   0b1111111111111111    20190618T135515312581
11      60     1.9320      0.0       0.0     0.8550      0.0    0.0       2.260   25.3   0b1111111111111111    20190618T135515312870
12      60     1.9222      0.0       0.0     0.1918      0.3    0.8      10.020   25.3   0b1111111111111111    20190618T135515313151
13      60     1.9343      0.0       0.0     0.8567      0.0    0.0       2.258   25.3   0b1111111111111111    20190618T135515313493
14      60     1.9410      0.0       0.0     0.1955      0.4    0.8       9.928   25.3   0b1111111111111111    20190618T135515313781
15      60     1.9178      0.0       0.0     0.8449      0.3    0.8       2.270   25.3   0b1111111111111111    20190618T135515314062
 0      50     1.8703      0.3       0.8     0.1882      0.2    0.8       9.935   25.3   0b1111111111111111    20190618T135518778159
 1      50     1.8585      0.0       0.0     0.8234      0.3    0.8       2.257   25.3   0b1111111111111111    20190618T135518778571
 2      50     1.8692      0.3       0.7     0.1858      0.3    0.8      10.063   25.3   0b1111111111111111    20190618T135518778885
 3      50     1.8735      0.0       0.0     0.8242      0.0    0.0       2.273   25.3   0b1111111111111111    20190618T135518779244
 4      50     1.8915      0.0       0.0     0.1875      0.0    0.0      10.088   25.3   0b1111111111111111    20190618T135518779542
 5      50     1.8870      0.0       0.0     0.8349      0.3    0.8       2.260   25.3   0b1111111111111111    20190618T135518779832
 6      50     1.8825      0.0       0.0     0.1867      0.0    0.0      10.085   25.3   0b1111111111111111    20190618T135518780170
 7      50     1.8795      0.0       0.0     0.8275      0.0    0.0       2.271   25.3   0b1111111111111111    20190618T135518780474
 8      50     1.8697      0.0       0.0     0.1851      0.3    0.8      10.102   25.3   0b1111111111111111    20190618T135518780804
 9      50     1.8773      0.0       0.0     0.8308      0.0    0.0       2.259   25.3   0b1111111111111111    20190618T135518781114
10      50     1.8870      0.0       0.0     0.1882      0.2    0.8      10.024   25.3   0b1111111111111111    20190618T135518781452
11      50     1.8810      0.0       0.0     0.8326      0.3    0.8       2.259   25.3   0b1111111111111111    20190618T135518781739
12      50     1.8718      0.3       0.8     0.1867      0.0    0.0      10.028   25.3   0b1111111111111111    20190618T135518782020
13      50     1.8832      0.0       0.0     0.8339      0.4    0.8       2.258   25.3   0b1111111111111111    20190618T135518782351
14      50     1.8900      0.0       0.0     0.1903      0.4    0.8       9.934   25.3   0b1111111111111111    20190618T135518782636
15      50     1.8668      0.0       0.0     0.8225      0.0    0.0       2.270   25.3   0b1111111111111111    20190618T135518782918
 0      40     1.8180      0.0       0.0     0.1827      0.3    0.8       9.953   25.4   0b1111111111111111    20190618T135522270548
 1      40     1.8076      0.2       0.7     0.8008      0.0    0.0       2.257   25.4   0b1111111111111111    20190618T135522270944
 2      40     1.8180      0.0       0.0     0.1806      0.4    0.8      10.067   25.4   0b1111111111111111    20190618T135522271352
 3      40     1.8210      0.0       0.0     0.8008      0.0    0.0       2.274   25.4   0b1111111111111111    20190618T135522271667
 4      40     1.8382      0.0       0.0     0.1825      0.0    0.0      10.073   25.4   0b1111111111111111    20190618T135522271959
 5      40     1.8337      0.0       0.0     0.8112      0.4    0.8       2.260   25.4   0b1111111111111111    20190618T135522272304
 6      40     1.8300      0.0       0.0     0.1810      0.3    0.8      10.110   25.4   0b1111111111111111    20190618T135522272595
 7      40     1.8263      0.0       0.0     0.8041      0.3    0.8       2.271   25.4   0b1111111111111111    20190618T135522272882
 8      40     1.8188      0.0       0.0     0.1800      0.0    0.0      10.104   25.4   0b1111111111111111    20190618T135522273226
 9      40     1.8255      0.0       0.0     0.8079      0.4    0.8       2.260   25.4   0b1111111111111111    20190618T135522273566
10      40     1.8360      0.0       0.0     0.1831      0.4    0.8      10.028   25.4   0b1111111111111111    20190618T135522273855
11      40     1.8300      0.0       0.0     0.8100      0.0    0.0       2.259   25.4   0b1111111111111111    20190618T135522274206
12      40     1.8203      0.0       0.0     0.1817      0.0    0.0      10.020   25.4   0b1111111111111111    20190618T135522274499
13      40     1.8315      0.0       0.0     0.8108      0.0    0.0       2.259   25.4   0b1111111111111111    20190618T135522274782
14      40     1.8375      0.0       0.0     0.1850      0.0    0.0       9.932   25.4   0b1111111111111111    20190618T135522275064
15      40     1.8157      0.0       0.0     0.7997      0.4    0.8       2.270   25.4   0b1111111111111111    20190618T135522275394
 0      30     1.7670      0.0       0.0     0.1777      0.3    0.8       9.946   25.4   0b1111111111111111    20190618T135525738746
 1      30     1.7571      0.3       0.7     0.7783      0.0    0.0       2.258   25.4   0b1111111111111111    20190618T135525738976
 2      30     1.7662      0.0       0.0     0.1750      0.0    0.0      10.093   25.4   0b1111111111111111    20190618T135525739155
 3      30     1.7708      0.0       0.0     0.7783      0.0    0.0       2.275   25.4   0b1111111111111111    20190618T135525739305
 4      30     1.7873      0.0       0.0     0.1771      0.4    0.8      10.093   25.4   0b1111111111111111    20190618T135525739449
 5      30     1.7820      0.0       0.0     0.7882      0.3    0.8       2.261   25.4   0b1111111111111111    20190618T135525739591
 6      30     1.7773      0.3       0.7     0.1758      0.0    0.0      10.108   25.4   0b1111111111111111    20190618T135525739732
 7      30     1.7745      0.0       0.0     0.7808      0.0    0.0       2.273   25.4   0b1111111111111111    20190618T135525739871
 8      30     1.7704      0.4       0.7     0.1750      0.0    0.0      10.116   25.4   0b1111111111111111    20190618T135525740010
 9      30     1.7760      0.0       0.0     0.7858      0.2    0.8       2.260   25.4   0b1111111111111111    20190618T135525740203
10      30     1.7858      0.2       0.8     0.1779      0.4    0.8      10.037   25.4   0b1111111111111111    20190618T135525740346
11      30     1.7812      0.0       0.0     0.7883      0.0    0.0       2.260   25.4   0b1111111111111111    20190618T135525740484
12      30     1.7708      0.0       0.0     0.1767      0.0    0.0      10.023   25.4   0b1111111111111111    20190618T135525740621
13      30     1.7807      0.3       0.8     0.7884      0.2    0.8       2.259   25.4   0b1111111111111111    20190618T135525740759
14      30     1.7888      0.0       0.0     0.1801      0.2    0.8       9.933   25.4   0b1111111111111111    20190618T135525740895
15      30     1.7658      0.4       0.8     0.7775      0.0    0.0       2.271   25.4   0b1111111111111111    20190618T135525741032
 0      20     1.7164      0.4       0.8     0.1725      0.0    0.0       9.950   25.5   0b1111111111111111    20190618T135529214466
 1      20     1.7063      0.0       0.0     0.7558      0.0    0.0       2.257   25.5   0b1111111111111111    20190618T135529214870
 2      20     1.7160      0.0       0.0     0.1700      0.0    0.0      10.094   25.5   0b1111111111111111    20190618T135529215261
 3      20     1.7197      0.0       0.0     0.7561      0.4    0.8       2.275   25.5   0b1111111111111111    20190618T135529215563
 4      20     1.7348      0.0       0.0     0.1717      0.0    0.0      10.105   25.5   0b1111111111111111    20190618T135529215852
 5      20     1.7299      0.4       0.8     0.7652      0.3    0.8       2.261   25.5   0b1111111111111111    20190618T135529216196
 6      20     1.7251      0.3       0.8     0.1708      0.2    0.8      10.103   25.5   0b1111111111111111    20190618T135529216486
 7      20     1.7228      0.2       0.8     0.7582      0.3    0.8       2.272   25.5   0b1111111111111111    20190618T135529216770
 8      20     1.7212      0.0       0.0     0.1701      0.2    0.8      10.120   25.5   0b1111111111111111    20190618T135529217075
 9      20     1.7265      0.0       0.0     0.7641      0.3    0.8       2.260   25.5   0b1111111111111111    20190618T135529217435
10      20     1.7366      0.4       0.8     0.1731      0.4    0.8      10.033   25.5   0b1111111111111111    20190618T135529217717
11      20     1.7317      0.0       0.0     0.7662      0.4    0.8       2.260   25.5   0b1111111111111111    20190618T135529217999
12      20     1.7205      0.0       0.0     0.1717      0.0    0.0      10.022   25.5   0b1111111111111111    20190618T135529218283
13      20     1.7304      0.3       0.8     0.7659      0.3    0.8       2.259   25.5   0b1111111111111111    20190618T135529218436
14      20     1.7385      0.0       0.0     0.1750      0.0    0.0       9.934   25.5   0b1111111111111111    20190618T135529218574
15      20     1.7161      0.2       0.8     0.7558      0.0    0.0       2.270   25.5   0b1111111111111111    20190618T135529218710
 0      10     1.6657      0.2       0.8     0.1675      0.0    0.0       9.944   25.5   0b1111111111111111    20190618T135532692764
 1      10     1.6560      0.0       0.0     0.7335      0.3    0.8       2.258   25.5   0b1111111111111111    20190618T135532693246
 2      10     1.6650      0.0       0.0     0.1650      0.0    0.0      10.091   25.5   0b1111111111111111    20190618T135532693556
 3      10     1.6687      0.0       0.0     0.7338      0.4    0.8       2.274   25.5   0b1111111111111111    20190618T135532693849
 4      10     1.6830      0.0       0.0     0.1667      0.0    0.0      10.098   25.5   0b1111111111111111    20190618T135532694194
 5      10     1.6778      0.0       0.0     0.7424      0.3    0.8       2.260   25.5   0b1111111111111111    20190618T135532694487
 6      10     1.6739      0.2       0.8     0.1653      0.4    0.8      10.125   25.5   0b1111111111111111    20190618T135532694771
 7      10     1.6714      0.4       0.8     0.7353      0.4    0.8       2.273   25.5   0b1111111111111111    20190618T135532695160
 8      10     1.6725      0.0       0.0     0.1650      0.0    0.0      10.136   25.5   0b1111111111111111    20190618T135532695461
 9      10     1.6771      0.3       0.8     0.7422      0.4    0.8       2.260   25.5   0b1111111111111111    20190618T135532695745
10      10     1.6874      0.2       0.8     0.1683      0.3    0.8      10.029   25.5   0b1111111111111111    20190618T135532696026
11      10     1.6822      0.0       0.0     0.7442      0.0    0.0       2.261   25.5   0b1111111111111111    20190618T135532696359
12      10     1.6705      0.3       0.8     0.1667      0.0    0.0      10.023   25.5   0b1111111111111111    20190618T135532696642
13      10     1.6808      0.0       0.0     0.7437      0.4    0.8       2.260   25.5   0b1111111111111111    20190618T135532696924
14      10     1.6883      0.0       0.0     0.1700      0.0    0.0       9.931   25.5   0b1111111111111111    20190618T135532697255
15      10     1.6665      0.0       0.0     0.7338      0.4    0.8       2.271   25.5   0b1111111111111111    20190618T135532697542
 0       0     1.6147      0.2       0.8     0.1625      0.0    0.0       9.936   25.5   0b1111111111111111    20190618T135536170771
 1       0     1.6058      0.0       0.0     0.7114      0.4    0.8       2.257   25.5   0b1111111111111111    20190618T135536171183
 2       0     1.6148      0.0       0.0     0.1599      0.2    0.8      10.097   25.5   0b1111111111111111    20190618T135536171580
 3       0     1.6178      0.0       0.0     0.7113      0.4    0.8       2.274   25.5   0b1111111111111111    20190618T135536171898
 4       0     1.6312      0.2       0.8     0.1616      0.3    0.8      10.095   25.5   0b1111111111111111    20190618T135536172223
 5       0     1.6264      0.4       0.8     0.7192      0.3    0.8       2.261   25.5   0b1111111111111111    20190618T135536172574
 6       0     1.6222      0.0       0.0     0.1601      0.2    0.8      10.134   25.5   0b1111111111111111    20190618T135536172870
 7       0     1.6199      0.2       0.8     0.7126      0.3    0.8       2.273   25.5   0b1111111111111111    20190618T135536173158
 8       0     1.6233      0.4       0.8     0.1600      0.0    0.0      10.146   25.5   0b1111111111111111    20190618T135536173497
 9       0     1.6275      0.0       0.0     0.7201      0.2    0.8       2.260   25.5   0b1111111111111111    20190618T135536173845
10       0     1.6380      0.0       0.0     0.1631      0.4    0.8      10.044   25.5   0b1111111111111111    20190618T135536174138
11       0     1.6328      0.0       0.0     0.7224      0.3    0.8       2.260   25.5   0b1111111111111111    20190618T135536174493
12       0     1.6207      0.0       0.0     0.1615      0.3    0.8      10.036   25.5   0b1111111111111111    20190618T135536174786
13       0     1.6300      0.3       0.8     0.7217      0.0    0.0       2.259   25.5   0b1111111111111111    20190618T135536175071
14       0     1.6373      0.0       0.0     0.1648      0.3    0.8       9.933   25.5   0b1111111111111111    20190618T135536175390
15       0     1.6170      0.0       0.0     0.7117      0.0    0.0       2.272   25.5   0b1111111111111111    20190618T135536175686
