CH# Vset[DAC]   V[V]    dVRMS[mV] dVpp[mV]    I[A]  dIRMS[mA] dIpp[mA]   R[ohm]   T[C]   State                Timestamp
 0     250     2.8710      0.0       0.0     0.1305      1.7    5.8      22.000   24.3   0b1111111111111111    20190529T185141535546
 1     250     2.8667      0.3       0.8     0.5696      1.3    3.3       5.033   24.3   0b1111111111111111    20190529T185141535978
 2     250     2.8672      0.0       0.0     0.1303      1.1    3.3      21.999   24.3   0b1111111111111111    20190529T185141536286
 3     250     2.8650      0.0       0.0     0.5690      2.0    6.7       5.035   24.3   0b1111111111111111    20190529T185141536631
 4     250     2.8693      0.3       0.8     0.1320      1.5    5.0      21.737   24.3   0b1111111111111111    20190529T185141536932
 5     250     2.8598      0.0       0.0     0.5681      1.3    5.0       5.034   24.3   0b1111111111111111    20190529T185141537216
 6     250     2.8740      0.0       0.0     0.1333      1.0    3.3      21.568   24.3   0b1111111111111111    20190529T185141537548
 7     250     2.8665      0.0       0.0     0.5666      1.1    3.3       5.059   24.3   0b1111111111111111    20190529T185141537697
 8     250     2.8598      0.0       0.0     0.1312      0.8    2.5      21.802   24.3   0b1111111111111111    20190529T185141537863
 9     250     2.8465      0.3       0.7     0.5636      0.7    1.7       5.051   24.3   0b1111111111111111    20190529T185141538003
10     250     2.8680      0.0       0.0     0.1304      0.4    0.8      21.991   24.3   0b1111111111111111    20190529T185141538140
11     250     2.8612      0.2       0.7     0.5686      0.7    1.7       5.032   24.3   0b1111111111111111    20190529T185141538277
12     250     2.8612      0.0       0.0     0.1324      0.8    1.7      21.608   24.3   0b1111111111111111    20190529T185141538446
13     250     2.8591      0.3       0.8     0.5636      0.7    1.7       5.073   24.3   0b1111111111111111    20190529T185141538587
14     250     2.8531      0.2       0.8     0.1315      1.1    4.2      21.696   24.3   0b1111111111111111    20190529T185141538728
15     250     2.8559      0.2       0.7     0.5654      0.4    0.8       5.051   24.3   0b1111111111111111    20190529T185141538865
 0     240     2.8215      0.0       0.0     0.1276      0.9    2.5      22.115   24.4   0b1111111111111111    20190529T185144993681
 1     240     2.8181      0.4       0.7     0.5594      0.9    2.5       5.038   24.4   0b1111111111111111    20190529T185144994140
 2     240     2.8185      0.0       0.0     0.1288      0.8    2.5      21.877   24.4   0b1111111111111111    20190529T185144994544
 3     240     2.8163      0.0       0.0     0.5597      0.9    3.3       5.032   24.4   0b1111111111111111    20190529T185144994852
 4     240     2.8200      0.0       0.0     0.1292      0.7    1.7      21.832   24.4   0b1111111111111111    20190529T185144995142
 5     240     2.8110      0.0       0.0     0.5581      0.7    2.5       5.037   24.4   0b1111111111111111    20190529T185144995485
 6     240     2.8253      0.0       0.0     0.1304      0.6    1.7      21.663   24.4   0b1111111111111111    20190529T185144995809
 7     240     2.8178      0.0       0.0     0.5568      0.8    2.5       5.060   24.4   0b1111111111111111    20190529T185144996102
 8     240     2.8110      0.0       0.0     0.1290      0.6    1.7      21.791   24.4   0b1111111111111111    20190529T185144996560
 9     240     2.7976      0.3       0.8     0.5538      0.4    0.8       5.052   24.4   0b1111111111111111    20190529T185144996879
10     240     2.8193      0.0       0.0     0.1280      0.4    0.8      22.025   24.4   0b1111111111111111    20190529T185144997162
11     240     2.8117      0.0       0.0     0.5583      0.5    1.7       5.036   24.4   0b1111111111111111    20190529T185144997520
12     240     2.8125      0.0       0.0     0.1307      0.3    0.8      21.524   24.4   0b1111111111111111    20190529T185144997675
13     240     2.8110      0.0       0.0     0.5537      0.4    0.8       5.076   24.4   0b1111111111111111    20190529T185144997811
14     240     2.8050      0.0       0.0     0.1294      0.5    1.7      21.674   24.4   0b1111111111111111    20190529T185144997953
15     240     2.8072      0.0       0.0     0.5556      0.4    0.8       5.053   24.4   0b1111111111111111    20190529T185144998089
 0     230     2.7735      0.0       0.0     0.1255      0.6    1.7      22.100   24.4   0b1111111111111111    20190529T185148450006
 1     230     2.7705      0.0       0.0     0.5500      0.4    1.7       5.037   24.4   0b1111111111111111    20190529T185148450439
 2     230     2.7705      0.0       0.0     0.1264      0.5    1.7      21.916   24.4   0b1111111111111111    20190529T185148450850
 3     230     2.7683      0.0       0.0     0.5501      0.4    1.7       5.032   24.4   0b1111111111111111    20190529T185148451190
 4     230     2.7713      0.0       0.0     0.1269      0.8    2.5      21.835   24.4   0b1111111111111111    20190529T185148451482
 5     230     2.7630      0.0       0.0     0.5488      0.6    1.7       5.034   24.4   0b1111111111111111    20190529T185148451835
 6     230     2.7770      0.3       0.8     0.1282      0.5    1.7      21.667   24.4   0b1111111111111111    20190529T185148452145
 7     230     2.7697      0.0       0.0     0.5473      0.4    0.8       5.061   24.4   0b1111111111111111    20190529T185148452574
 8     230     2.7636      0.3       0.8     0.1267      0.4    1.7      21.818   24.4   0b1111111111111111    20190529T185148452985
 9     230     2.7503      0.2       0.7     0.5446      0.4    0.8       5.050   24.4   0b1111111111111111    20190529T185148453270
10     230     2.7713      0.0       0.0     0.1256      0.4    0.8      22.067   24.4   0b1111111111111111    20190529T185148453550
11     230     2.7645      0.0       0.0     0.5491      0.3    0.8       5.035   24.4   0b1111111111111111    20190529T185148453880
12     230     2.7652      0.0       0.0     0.1283      0.6    1.7      21.561   24.4   0b1111111111111111    20190529T185148454163
13     230     2.7632      0.3       0.8     0.5445      0.6    1.7       5.075   24.4   0b1111111111111111    20190529T185148454443
14     230     2.7571      0.2       0.8     0.1270      0.4    0.8      21.709   24.4   0b1111111111111111    20190529T185148454775
15     230     2.7600      0.0       0.0     0.5462      0.4    0.8       5.053   24.4   0b1111111111111111    20190529T185148455122
 0     220     2.7249      0.3       0.8     0.1231      0.4    0.8      22.139   24.4   0b1111111111111111    20190529T185151909384
 1     220     2.7211      0.2       0.8     0.5402      0.3    0.8       5.037   24.4   0b1111111111111111    20190529T185151909789
 2     220     2.7210      0.0       0.0     0.1245      0.6    1.7      21.855   24.4   0b1111111111111111    20190529T185151910099
 3     220     2.7188      0.0       0.0     0.5404      0.4    0.8       5.031   24.4   0b1111111111111111    20190529T185151910416
 4     220     2.7222      0.4       0.8     0.1247      0.4    0.8      21.836   24.4   0b1111111111111111    20190529T185151910706
 5     220     2.7135      0.0       0.0     0.5390      0.3    0.8       5.034   24.4   0b1111111111111111    20190529T185151910991
 6     220     2.7270      0.0       0.0     0.1257      0.5    1.7      21.700   24.4   0b1111111111111111    20190529T185151911293
 7     220     2.7208      0.3       0.8     0.5375      0.0    0.0       5.062   24.4   0b1111111111111111    20190529T185151911576
 8     220     2.7142      0.0       0.0     0.1242      0.4    1.7      21.860   24.4   0b1111111111111111    20190529T185151911857
 9     220     2.7010      0.4       0.8     0.5349      0.3    0.8       5.049   24.4   0b1111111111111111    20190529T185151912137
10     220     2.7218      0.0       0.0     0.1232      0.3    0.8      22.098   24.4   0b1111111111111111    20190529T185151912440
11     220     2.7152      0.3       0.7     0.5391      0.2    0.8       5.037   24.4   0b1111111111111111    20190529T185151912721
12     220     2.7155      0.3       0.7     0.1260      0.5    1.7      21.552   24.4   0b1111111111111111    20190529T185151912998
13     220     2.7142      0.0       0.0     0.5348      0.3    0.8       5.075   24.4   0b1111111111111111    20190529T185151913312
14     220     2.7083      0.0       0.0     0.1248      0.4    0.8      21.709   24.4   0b1111111111111111    20190529T185151913594
15     220     2.7107      0.3       0.7     0.5365      0.5    1.7       5.053   24.4   0b1111111111111111    20190529T185151913871
 0     210     2.6752      0.0       0.0     0.1212      0.4    0.8      22.079   24.5   0b1111111111111111    20190529T185155407448
 1     210     2.6715      0.0       0.0     0.5302      0.4    0.8       5.038   24.5   0b1111111111111111    20190529T185155407883
 2     210     2.6715      0.0       0.0     0.1220      0.4    0.8      21.898   24.5   0b1111111111111111    20190529T185155408196
 3     210     2.6699      0.3       0.8     0.5306      0.4    0.8       5.032   24.5   0b1111111111111111    20190529T185155408558
 4     210     2.6723      0.0       0.0     0.1223      0.3    0.8      21.844   24.5   0b1111111111111111    20190529T185155408853
 5     210     2.6640      0.0       0.0     0.5288      0.4    0.8       5.038   24.5   0b1111111111111111    20190529T185155409140
 6     210     2.6775      0.0       0.0     0.1233      0.3    0.8      21.724   24.5   0b1111111111111111    20190529T185155409571
 7     210     2.6707      0.0       0.0     0.5278      0.4    0.8       5.060   24.5   0b1111111111111111    20190529T185155409866
 8     210     2.6648      0.0       0.0     0.1217      0.2    0.8      21.887   24.5   0b1111111111111111    20190529T185155410278
 9     210     2.6520      0.0       0.0     0.5249      0.2    0.8       5.052   24.5   0b1111111111111111    20190529T185155410625
10     210     2.6723      0.2       0.7     0.1209      0.2    0.8      22.101   24.5   0b1111111111111111    20190529T185155410946
11     210     2.6657      0.3       0.8     0.5293      0.3    0.8       5.036   24.5   0b1111111111111111    20190529T185155411236
12     210     2.6663      0.0       0.0     0.1237      0.4    0.8      21.560   24.5   0b1111111111111111    20190529T185155411581
13     210     2.6655      0.0       0.0     0.5251      0.3    0.8       5.076   24.5   0b1111111111111111    20190529T185155411913
14     210     2.6591      0.4       0.7     0.1224      0.4    1.7      21.722   24.5   0b1111111111111111    20190529T185155412201
15     210     2.6618      0.0       0.0     0.5267      0.0    0.0       5.054   24.5   0b1111111111111111    20190529T185155412632
 0     200     2.6258      0.0       0.0     0.1187      0.4    0.8      22.127   24.5   0b1111111111111111    20190529T185158860295
 1     200     2.6220      0.0       0.0     0.5206      0.4    0.8       5.037   24.5   0b1111111111111111    20190529T185158860742
 2     200     2.6220      0.0       0.0     0.1197      0.4    0.8      21.896   24.5   0b1111111111111111    20190529T185158861094
 3     200     2.6197      0.0       0.0     0.5208      0.3    0.8       5.031   24.5   0b1111111111111111    20190529T185158861392
 4     200     2.6221      0.2       0.8     0.1199      0.3    0.8      21.866   24.5   0b1111111111111111    20190529T185158861741
 5     200     2.6145      0.0       0.0     0.5188      0.4    0.8       5.039   24.5   0b1111111111111111    20190529T185158862036
 6     200     2.6278      0.3       0.8     0.1208      0.0    0.0      21.747   24.5   0b1111111111111111    20190529T185158862319
 7     200     2.6213      0.0       0.0     0.5179      0.4    0.8       5.061   24.5   0b1111111111111111    20190529T185158862601
 8     200     2.6152      0.0       0.0     0.1198      0.4    0.8      21.839   24.5   0b1111111111111111    20190529T185158862936
 9     200     2.6026      0.2       0.8     0.5152      0.3    0.8       5.052   24.5   0b1111111111111111    20190529T185158863267
10     200     2.6228      0.2       0.8     0.1184      0.2    0.8      22.149   24.5   0b1111111111111111    20190529T185158863559
11     200     2.6167      0.2       0.7     0.5195      0.4    0.8       5.037   24.5   0b1111111111111111    20190529T185158863915
12     200     2.6170      0.3       0.7     0.1213      0.4    0.8      21.568   24.5   0b1111111111111111    20190529T185158864210
13     200     2.6160      0.0       0.0     0.5156      0.4    0.8       5.074   24.5   0b1111111111111111    20190529T185158864491
14     200     2.6100      0.0       0.0     0.1201      0.2    0.8      21.735   24.5   0b1111111111111111    20190529T185158864821
15     200     2.6130      0.0       0.0     0.5171      0.4    0.8       5.053   24.5   0b1111111111111111    20190529T185158865106
 0     190     2.5776      0.3       0.7     0.1166      0.3    0.8      22.110   24.5   0b1111111111111111    20190529T185202314686
 1     190     2.5748      0.0       0.0     0.5111      0.4    0.8       5.038   24.5   0b1111111111111111    20190529T185202315112
 2     190     2.5744      0.4       0.7     0.1175      0.0    0.0      21.910   24.5   0b1111111111111111    20190529T185202315494
 3     190     2.5718      0.0       0.0     0.5112      0.4    0.8       5.030   24.5   0b1111111111111111    20190529T185202315839
 4     190     2.5740      0.0       0.0     0.1176      0.2    0.8      21.891   24.5   0b1111111111111111    20190529T185202316132
 5     190     2.5665      0.0       0.0     0.5094      0.4    0.8       5.038   24.5   0b1111111111111111    20190529T185202316483
 6     190     2.5793      0.2       0.7     0.1187      0.4    0.8      21.721   24.5   0b1111111111111111    20190529T185202316781
 7     190     2.5726      0.2       0.8     0.5083      0.0    0.0       5.061   24.5   0b1111111111111111    20190529T185202317065
 8     190     2.5678      0.3       0.7     0.1175      0.0    0.0      21.853   24.5   0b1111111111111111    20190529T185202317345
 9     190     2.5553      0.0       0.0     0.5058      0.0    0.0       5.052   24.5   0b1111111111111111    20190529T185202317612
10     190     2.5755      0.0       0.0     0.1164      0.4    0.8      22.123   24.5   0b1111111111111111    20190529T185202317751
11     190     2.5688      0.0       0.0     0.5100      0.0    0.0       5.037   24.5   0b1111111111111111    20190529T185202317918
12     190     2.5695      0.0       0.0     0.1192      0.0    0.0      21.562   24.5   0b1111111111111111    20190529T185202318058
13     190     2.5681      0.2       0.8     0.5058      0.3    0.8       5.078   24.5   0b1111111111111111    20190529T185202318194
14     190     2.5628      0.0       0.0     0.1182      0.3    0.8      21.688   24.5   0b1111111111111111    20190529T185202318370
15     190     2.5658      0.0       0.0     0.5077      0.3    0.8       5.054   24.5   0b1111111111111111    20190529T185202318572
 0     180     2.5278      0.4       0.7     0.1141      0.2    0.8      22.157   24.6   0b1111111111111111    20190529T185205763589
 1     180     2.5253      0.0       0.0     0.5013      0.4    0.8       5.038   24.6   0b1111111111111111    20190529T185205763981
 2     180     2.5253      0.0       0.0     0.1151      0.2    0.8      21.943   24.6   0b1111111111111111    20190529T185205764276
 3     180     2.5226      0.4       0.7     0.5014      0.4    0.8       5.031   24.6   0b1111111111111111    20190529T185205764639
 4     180     2.5244      0.2       0.8     0.1152      0.4    0.8      21.904   24.6   0b1111111111111111    20190529T185205764934
 5     180     2.5170      0.0       0.0     0.4996      0.4    0.8       5.038   24.6   0b1111111111111111    20190529T185205765217
 6     180     2.5298      0.0       0.0     0.1164      0.4    0.8      21.730   24.6   0b1111111111111111    20190529T185205765555
 7     180     2.5230      0.0       0.0     0.4986      0.4    0.8       5.060   24.6   0b1111111111111111    20190529T185205765841
 8     180     2.5185      0.0       0.0     0.1151      0.2    0.8      21.884   24.6   0b1111111111111111    20190529T185205766120
 9     180     2.5065      0.0       0.0     0.4962      0.4    0.8       5.052   24.6   0b1111111111111111    20190529T185205766431
10     180     2.5261      0.2       0.8     0.1141      0.2    0.8      22.142   24.6   0b1111111111111111    20190529T185205766786
11     180     2.5192      0.0       0.0     0.5001      0.3    0.8       5.038   24.6   0b1111111111111111    20190529T185205767086
12     180     2.5208      0.0       0.0     0.1167      0.0    0.0      21.606   24.6   0b1111111111111111    20190529T185205767468
13     180     2.5192      0.0       0.0     0.4962      0.4    0.8       5.077   24.6   0b1111111111111111    20190529T185205767766
14     180     2.5140      0.0       0.0     0.1157      0.4    1.7      21.719   24.6   0b1111111111111111    20190529T185205768045
15     180     2.5170      0.0       0.0     0.4982      0.2    0.8       5.052   24.6   0b1111111111111111    20190529T185205768486
 0     170     2.4786      0.3       0.7     0.1118      0.3    0.8      22.163   24.6   0b1111111111111111    20190529T185209218500
 1     170     2.4758      0.0       0.0     0.4916      0.2    0.8       5.036   24.6   0b1111111111111111    20190529T185209218924
 2     170     2.4758      0.0       0.0     0.1129      0.4    0.8      21.925   24.6   0b1111111111111111    20190529T185209219271
 3     170     2.4733      0.3       0.8     0.4917      0.0    0.0       5.030   24.6   0b1111111111111111    20190529T185209219634
 4     170     2.4743      0.0       0.0     0.1128      0.4    0.8      21.928   24.6   0b1111111111111111    20190529T185209219932
 5     170     2.4675      0.0       0.0     0.4896      0.4    0.8       5.040   24.6   0b1111111111111111    20190529T185209220220
 6     170     2.4803      0.0       0.0     0.1142      0.0    0.0      21.725   24.6   0b1111111111111111    20190529T185209220563
 7     170     2.4735      0.0       0.0     0.4888      0.4    0.8       5.060   24.6   0b1111111111111111    20190529T185209220854
 8     170     2.4693      0.4       0.7     0.1128      0.4    0.8      21.884   24.6   0b1111111111111111    20190529T185209221186
 9     170     2.4578      0.0       0.0     0.4865      0.3    0.8       5.052   24.6   0b1111111111111111    20190529T185209221559
10     170     2.4773      0.0       0.0     0.1117      0.3    0.8      22.168   24.6   0b1111111111111111    20190529T185209221874
11     170     2.4705      0.0       0.0     0.4903      0.4    0.8       5.039   24.6   0b1111111111111111    20190529T185209222158
12     170     2.4720      0.0       0.0     0.1143      0.3    0.8      21.621   24.6   0b1111111111111111    20190529T185209222498
13     170     2.4705      0.0       0.0     0.4865      0.3    0.8       5.078   24.6   0b1111111111111111    20190529T185209222896
14     170     2.4653      0.0       0.0     0.1133      0.0    0.0      21.752   24.6   0b1111111111111111    20190529T185209223379
15     170     2.4683      0.0       0.0     0.4883      0.0    0.0       5.054   24.6   0b1111111111111111    20190529T185209223794
 0     160     2.4285      0.0       0.0     0.1095      0.4    0.8      22.178   24.6   0b1111111111111111    20190529T185212679956
 1     160     2.4263      0.0       0.0     0.4817      0.0    0.0       5.037   24.6   0b1111111111111111    20190529T185212680374
 2     160     2.4263      0.0       0.0     0.1105      0.4    0.8      21.957   24.6   0b1111111111111111    20190529T185212680791
 3     160     2.4235      0.4       0.8     0.4817      0.0    0.0       5.032   24.6   0b1111111111111111    20190529T185212681134
 4     160     2.4247      0.0       0.0     0.1108      0.2    0.8      21.894   24.6   0b1111111111111111    20190529T185212681500
 5     160     2.4180      0.0       0.0     0.4798      0.3    0.8       5.039   24.6   0b1111111111111111    20190529T185212681804
 6     160     2.4308      0.0       0.0     0.1117      0.0    0.0      21.768   24.6   0b1111111111111111    20190529T185212682091
 7     160     2.4239      0.2       0.8     0.4790      0.3    0.8       5.060   24.6   0b1111111111111111    20190529T185212682458
 8     160     2.4202      0.0       0.0     0.1108      0.0    0.0      21.837   24.6   0b1111111111111111    20190529T185212682767
 9     160     2.4090      0.0       0.0     0.4767      0.0    0.0       5.054   24.6   0b1111111111111111    20190529T185212683053
10     160     2.4277      0.0       0.0     0.1093      0.2    0.8      22.222   24.6   0b1111111111111111    20190529T185212683346
11     160     2.4210      0.0       0.0     0.4805      0.4    0.8       5.039   24.6   0b1111111111111111    20190529T185212683686
12     160     2.4226      0.2       0.8     0.1123      0.3    0.8      21.566   24.6   0b1111111111111111    20190529T185212683967
13     160     2.4210      0.0       0.0     0.4767      0.0    0.0       5.079   24.6   0b1111111111111111    20190529T185212684247
14     160     2.4157      0.0       0.0     0.1111      0.4    0.8      21.747   24.6   0b1111111111111111    20190529T185212684575
15     160     2.4187      0.0       0.0     0.4789      0.4    0.8       5.050   24.6   0b1111111111111111    20190529T185212684860
 0     150     2.3820      0.0       0.0     0.1074      0.2    0.8      22.175   24.7   0b1111111111111111    20190529T185216131375
 1     150     2.3790      0.0       0.0     0.4723      0.3    0.8       5.037   24.7   0b1111111111111111    20190529T185216131826
 2     150     2.3798      0.0       0.0     0.1083      0.0    0.0      21.967   24.7   0b1111111111111111    20190529T185216132124
 3     150     2.3768      0.0       0.0     0.4725      0.0    0.0       5.030   24.7   0b1111111111111111    20190529T185216132457
 4     150     2.3775      0.0       0.0     0.1082      0.2    0.8      21.963   24.7   0b1111111111111111    20190529T185216132757
 5     150     2.3700      0.0       0.0     0.4701      0.3    0.8       5.042   24.7   0b1111111111111111    20190529T185216133041
 6     150     2.3835      0.0       0.0     0.1093      0.2    0.8      21.817   24.7   0b1111111111111111    20190529T185216133322
 7     150     2.3768      0.0       0.0     0.4697      0.4    0.8       5.061   24.7   0b1111111111111111    20190529T185216133647
 8     150     2.3738      0.2       0.8     0.1083      0.0    0.0      21.912   24.7   0b1111111111111111    20190529T185216133930
 9     150     2.3619      0.3       0.8     0.4675      0.0    0.0       5.052   24.7   0b1111111111111111    20190529T185216134254
10     150     2.3798      0.0       0.0     0.1073      0.4    0.8      22.189   24.7   0b1111111111111111    20190529T185216134611
11     150     2.3738      0.0       0.0     0.4710      0.3    0.8       5.040   24.7   0b1111111111111111    20190529T185216134899
12     150     2.3757      0.4       0.7     0.1100      0.0    0.0      21.597   24.7   0b1111111111111111    20190529T185216135179
13     150     2.3747      0.3       0.8     0.4675      0.0    0.0       5.080   24.7   0b1111111111111111    20190529T185216135518
14     150     2.3696      0.4       0.8     0.1091      0.3    0.8      21.723   24.7   0b1111111111111111    20190529T185216135803
15     150     2.3721      0.3       0.8     0.4696      0.4    0.8       5.051   24.7   0b1111111111111111    20190529T185216136081
 0     140     2.3333      0.0       0.0     0.1050      0.0    0.0      22.221   24.7   0b1111111111111111    20190529T185219579277
 1     140     2.3302      0.0       0.0     0.4625      0.0    0.0       5.038   24.7   0b1111111111111111    20190529T185219579751
 2     140     2.3309      0.2       0.8     0.1059      0.2    0.8      22.007   24.7   0b1111111111111111    20190529T185219580070
 3     140     2.3273      0.2       0.8     0.4625      0.0    0.0       5.032   24.7   0b1111111111111111    20190529T185219580366
 4     140     2.3280      0.0       0.0     0.1059      0.2    0.8      21.980   24.7   0b1111111111111111    20190529T185219580728
 5     140     2.3212      0.2       0.8     0.4603      0.4    0.8       5.042   24.7   0b1111111111111111    20190529T185219581019
 6     140     2.3340      0.0       0.0     0.1073      0.4    0.8      21.762   24.7   0b1111111111111111    20190529T185219581303
 7     140     2.3272      0.0       0.0     0.4600      0.0    0.0       5.059   24.7   0b1111111111111111    20190529T185219581633
 8     140     2.3250      0.0       0.0     0.1061      0.4    0.8      21.917   24.7   0b1111111111111111    20190529T185219581929
 9     140     2.3137      0.0       0.0     0.4576      0.2    0.8       5.056   24.7   0b1111111111111111    20190529T185219582259
10     140     2.3310      0.0       0.0     0.1050      0.0    0.0      22.200   24.7   0b1111111111111111    20190529T185219582605
11     140     2.3250      0.0       0.0     0.4613      0.4    0.8       5.040   24.7   0b1111111111111111    20190529T185219582894
12     140     2.3272      0.0       0.0     0.1075      0.0    0.0      21.649   24.7   0b1111111111111111    20190529T185219583173
13     140     2.3262      0.4       0.8     0.4578      0.4    0.8       5.081   24.7   0b1111111111111111    20190529T185219583514
14     140     2.3212      0.0       0.0     0.1067      0.0    0.0      21.762   24.7   0b1111111111111111    20190529T185219583798
15     140     2.3235      0.0       0.0     0.4598      0.3    0.8       5.053   24.7   0b1111111111111111    20190529T185219584078
 0     130     2.2840      0.3       0.8     0.1027      0.3    0.8      22.247   24.7   0b1111111111111111    20190529T185223031104
 1     130     2.2808      0.2       0.8     0.4525      0.0    0.0       5.040   24.7   0b1111111111111111    20190529T185223031554
 2     130     2.2815      0.0       0.0     0.1038      0.4    0.8      21.990   24.7   0b1111111111111111    20190529T185223031879
 3     130     2.2785      0.0       0.0     0.4527      0.4    0.8       5.033   24.7   0b1111111111111111    20190529T185223032183
 4     130     2.2789      0.4       0.8     0.1038      0.4    0.8      21.965   24.7   0b1111111111111111    20190529T185223032492
 5     130     2.2725      0.0       0.0     0.4507      0.3    0.8       5.043   24.7   0b1111111111111111    20190529T185223032805
 6     130     2.2853      0.0       0.0     0.1050      0.0    0.0      21.764   24.7   0b1111111111111111    20190529T185223033094
 7     130     2.2784      0.2       0.8     0.4500      0.0    0.0       5.063   24.7   0b1111111111111111    20190529T185223033378
 8     130     2.2763      0.0       0.0     0.1040      0.3    0.8      21.887   24.7   0b1111111111111111    20190529T185223033680
 9     130     2.2650      0.0       0.0     0.4480      0.4    0.8       5.056   24.7   0b1111111111111111    20190529T185223033992
10     130     2.2817      0.3       0.7     0.1025      0.0    0.0      22.260   24.7   0b1111111111111111    20190529T185223034274
11     130     2.2763      0.0       0.0     0.4517      0.0    0.0       5.040   24.7   0b1111111111111111    20190529T185223034580
12     130     2.2785      0.0       0.0     0.1053      0.4    0.8      21.631   24.7   0b1111111111111111    20190529T185223034862
13     130     2.2777      0.2       0.8     0.4482      0.3    0.8       5.081   24.7   0b1111111111111111    20190529T185223035144
14     130     2.2725      0.0       0.0     0.1042      0.2    0.8      21.799   24.7   0b1111111111111111    20190529T185223035421
15     130     2.2749      0.3       0.8     0.4503      0.4    0.8       5.052   24.7   0b1111111111111111    20190529T185223035721
 0     120     2.2355      0.3       0.8     0.1006      0.4    0.8      22.226   24.7   0b1111111111111111    20190529T185226511038
 1     120     2.2320      0.0       0.0     0.4428      0.4    0.8       5.041   24.7   0b1111111111111111    20190529T185226511460
 2     120     2.2327      0.0       0.0     0.1015      0.3    0.8      21.998   24.7   0b1111111111111111    20190529T185226511818
 3     120     2.2305      0.0       0.0     0.4433      0.0    0.0       5.031   24.7   0b1111111111111111    20190529T185226512121
 4     120     2.2294      0.4       0.8     0.1016      0.2    0.8      21.946   24.7   0b1111111111111111    20190529T185226512435
 5     120     2.2237      0.0       0.0     0.4408      0.0    0.0       5.044   24.7   0b1111111111111111    20190529T185226512746
 6     120     2.2357      0.0       0.0     0.1025      0.0    0.0      21.812   24.7   0b1111111111111111    20190529T185226513033
 7     120     2.2290      0.0       0.0     0.4402      0.4    0.8       5.063   24.7   0b1111111111111111    20190529T185226513331
 8     120     2.2283      0.2       0.8     0.1017      0.0    0.0      21.918   24.7   0b1111111111111111    20190529T185226513633
 9     120     2.2170      0.0       0.0     0.4384      0.3    0.8       5.057   24.7   0b1111111111111111    20190529T185226513919
10     120     2.2335      0.0       0.0     0.1003      0.4    0.8      22.261   24.7   0b1111111111111111    20190529T185226514200
11     120     2.2288      0.3       0.8     0.4420      0.4    0.8       5.043   24.7   0b1111111111111111    20190529T185226514480
12     120     2.2305      0.0       0.0     0.1033      0.2    0.8      21.603   24.7   0b1111111111111111    20190529T185226514785
13     120     2.2295      0.3       0.8     0.4383      0.0    0.0       5.086   24.7   0b1111111111111111    20190529T185226515066
14     120     2.2245      0.0       0.0     0.1021      0.4    0.8      21.791   24.7   0b1111111111111111    20190529T185226515345
15     120     2.2260      0.0       0.0     0.4408      0.0    0.0       5.050   24.7   0b1111111111111111    20190529T185226515644
 0     110     2.1889      0.4       0.8     0.0982      0.2    0.8      22.279   24.7   0b1111111111111111    20190529T185229963951
 1     110     2.1857      0.3       0.8     0.4336      0.4    0.8       5.041   24.7   0b1111111111111111    20190529T185229964377
 2     110     2.1863      0.0       0.0     0.0992      0.0    0.0      22.046   24.7   0b1111111111111111    20190529T185229964800
 3     110     2.1840      0.0       0.0     0.4338      0.4    0.8       5.034   24.7   0b1111111111111111    20190529T185229965108
 4     110     2.1825      0.0       0.0     0.0992      0.0    0.0      22.008   24.7   0b1111111111111111    20190529T185229965432
 5     110     2.1771      0.3       0.8     0.4317      0.0    0.0       5.043   24.7   0b1111111111111111    20190529T185229965742
 6     110     2.1891      0.3       0.8     0.1002      0.3    0.8      21.855   24.7   0b1111111111111111    20190529T185229966028
 7     110     2.1819      0.3       0.8     0.4308      0.0    0.0       5.064   24.7   0b1111111111111111    20190529T185229966311
 8     110     2.1824      0.3       0.8     0.0993      0.2    0.8      21.988   24.7   0b1111111111111111    20190529T185229966692
 9     110     2.1705      0.0       0.0     0.4292      0.0    0.0       5.057   24.7   0b1111111111111111    20190529T185229966989
10     110     2.1870      0.0       0.0     0.0982      0.2    0.8      22.260   24.7   0b1111111111111111    20190529T185229967271
11     110     2.1825      0.0       0.0     0.4326      0.3    0.8       5.045   24.7   0b1111111111111111    20190529T185229967582
12     110     2.1842      0.3       0.8     0.1008      0.0    0.0      21.661   24.7   0b1111111111111111    20190529T185229967723
13     110     2.1833      0.0       0.0     0.4293      0.3    0.8       5.085   24.7   0b1111111111111111    20190529T185229967861
14     110     2.1788      0.0       0.0     0.1000      0.0    0.0      21.788   24.7   0b1111111111111111    20190529T185229967997
15     110     2.1803      0.0       0.0     0.4316      0.2    0.8       5.052   24.7   0b1111111111111111    20190529T185229968134
 0     100     2.1404      0.2       0.8     0.0959      0.2    0.8      22.315   24.8   0b1111111111111111    20190529T185233416379
 1     100     2.1367      0.0       0.0     0.4240      0.3    0.8       5.040   24.8   0b1111111111111111    20190529T185233416965
 2     100     2.1382      0.2       0.8     0.0967      0.0    0.0      22.119   24.8   0b1111111111111111    20190529T185233417264
 3     100     2.1355      0.4       0.8     0.4241      0.2    0.8       5.036   24.8   0b1111111111111111    20190529T185233417564
 4     100     2.1337      0.0       0.0     0.0968      0.2    0.8      22.054   24.8   0b1111111111111111    20190529T185233417850
 5     100     2.1285      0.0       0.0     0.4217      0.0    0.0       5.048   24.8   0b1111111111111111    20190529T185233418136
 6     100     2.1401      0.4       0.8     0.0979      0.4    0.8      21.857   24.8   0b1111111111111111    20190529T185233418439
 7     100     2.1330      0.0       0.0     0.4213      0.4    0.8       5.064   24.8   0b1111111111111111    20190529T185233418724
 8     100     2.1337      0.0       0.0     0.0971      0.4    0.8      21.979   24.8   0b1111111111111111    20190529T185233419003
 9     100     2.1225      0.0       0.0     0.4196      0.4    0.8       5.059   24.8   0b1111111111111111    20190529T185233419282
10     100     2.1382      0.0       0.0     0.0958      0.0    0.0      22.312   24.8   0b1111111111111111    20190529T185233419660
11     100     2.1337      0.0       0.0     0.4229      0.4    0.8       5.045   24.8   0b1111111111111111    20190529T185233419950
12     100     2.1360      0.0       0.0     0.0984      0.3    0.8      21.704   24.8   0b1111111111111111    20190529T185233420231
13     100     2.1349      0.4       0.8     0.4198      0.3    0.8       5.085   24.8   0b1111111111111111    20190529T185233420566
14     100     2.1300      0.0       0.0     0.0975      0.0    0.0      21.846   24.8   0b1111111111111111    20190529T185233420850
15     100     2.1315      0.0       0.0     0.4218      0.3    0.8       5.053   24.8   0b1111111111111111    20190529T185233421163
 0      90     2.0914      0.4       0.8     0.0936      0.4    0.8      22.348   24.8   0b1111111111111111    20190529T185236895878
 1      90     2.0889      0.3       0.8     0.4142      0.0    0.0       5.044   24.8   0b1111111111111111    20190529T185236896283
 2      90     2.0902      0.2       0.8     0.0945      0.4    0.8      22.118   24.8   0b1111111111111111    20190529T185236896681
 3      90     2.0873      0.0       0.0     0.4144      0.4    0.8       5.037   24.8   0b1111111111111111    20190529T185236896988
 4      90     2.0857      0.2       0.8     0.0949      0.2    0.8      21.974   24.8   0b1111111111111111    20190529T185236897279
 5      90     2.0798      0.0       0.0     0.4120      0.4    0.8       5.048   24.8   0b1111111111111111    20190529T185236897582
 6      90     2.0903      0.2       0.8     0.0956      0.4    0.8      21.869   24.8   0b1111111111111111    20190529T185236897724
 7      90     2.0848      0.3       0.8     0.4117      0.0    0.0       5.064   24.8   0b1111111111111111    20190529T185236897863
 8      90     2.0850      0.0       0.0     0.0949      0.2    0.8      21.967   24.8   0b1111111111111111    20190529T185236898000
 9      90     2.0747      0.3       0.8     0.4101      0.3    0.8       5.059   24.8   0b1111111111111111    20190529T185236898137
10      90     2.0895      0.0       0.0     0.0938      0.4    0.8      22.268   24.8   0b1111111111111111    20190529T185236898273
11      90     2.0851      0.2       0.8     0.4133      0.0    0.0       5.045   24.8   0b1111111111111111    20190529T185236898473
12      90     2.0873      0.0       0.0     0.0963      0.4    0.8      21.667   24.8   0b1111111111111111    20190529T185236898615
13      90     2.0865      0.0       0.0     0.4101      0.3    0.8       5.088   24.8   0b1111111111111111    20190529T185236898752
14      90     2.0821      0.2       0.8     0.0952      0.3    0.8      21.878   24.8   0b1111111111111111    20190529T185236898887
15      90     2.0835      0.0       0.0     0.4125      0.0    0.0       5.051   24.8   0b1111111111111111    20190529T185236899022
 0      80     2.0422      0.0       0.0     0.0913      0.4    0.8      22.360   24.8   0b1111111111111111    20190529T185240348909
 1      80     2.0400      0.0       0.0     0.4045      0.4    0.8       5.043   24.8   0b1111111111111111    20190529T185240349305
 2      80     2.0407      0.0       0.0     0.0924      0.2    0.8      22.082   24.8   0b1111111111111111    20190529T185240349599
 3      80     2.0385      0.0       0.0     0.4050      0.0    0.0       5.033   24.8   0b1111111111111111    20190529T185240349965
 4      80     2.0355      0.0       0.0     0.0924      0.2    0.8      22.025   24.8   0b1111111111111111    20190529T185240350276
 5      80     2.0295      0.0       0.0     0.4024      0.3    0.8       5.043   24.8   0b1111111111111111    20190529T185240350731
 6      80     2.0407      0.0       0.0     0.0933      0.2    0.8      21.885   24.8   0b1111111111111111    20190529T185240351060
 7      80     2.0347      0.0       0.0     0.4018      0.3    0.8       5.065   24.8   0b1111111111111111    20190529T185240351392
 8      80     2.0355      0.0       0.0     0.0925      0.0    0.0      22.005   24.8   0b1111111111111111    20190529T185240351747
 9      80     2.0250      0.0       0.0     0.4000      0.0    0.0       5.062   24.8   0b1111111111111111    20190529T185240352038
10      80     2.0400      0.0       0.0     0.0914      0.4    0.8      22.315   24.8   0b1111111111111111    20190529T185240352319
11      80     2.0354      0.2       0.8     0.4033      0.0    0.0       5.047   24.8   0b1111111111111111    20190529T185240352601
12      80     2.0377      0.0       0.0     0.0942      0.0    0.0      21.640   24.8   0b1111111111111111    20190529T185240352934
13      80     2.0376      0.3       0.8     0.4001      0.2    0.8       5.093   24.8   0b1111111111111111    20190529T185240353216
14      80     2.0325      0.0       0.0     0.0929      0.4    0.8      21.874   24.8   0b1111111111111111    20190529T185240353494
15      80     2.0340      0.0       0.0     0.4025      0.0    0.0       5.053   24.8   0b1111111111111111    20190529T185240353821
 0      70     1.9935      0.0       0.0     0.0891      0.2    0.8      22.378   24.9   0b1111111111111111    20190529T185243828171
 1      70     1.9905      0.0       0.0     0.3947      0.4    0.8       5.043   24.9   0b1111111111111111    20190529T185243828572
 2      70     1.9913      0.0       0.0     0.0900      0.0    0.0      22.125   24.9   0b1111111111111111    20190529T185243828943
 3      70     1.9890      0.0       0.0     0.3950      0.0    0.0       5.035   24.9   0b1111111111111111    20190529T185243829241
 4      70     1.9855      0.3       0.8     0.0900      0.0    0.0      22.061   24.9   0b1111111111111111    20190529T185243829526
 5      70     1.9792      0.0       0.0     0.3923      0.4    0.8       5.046   24.9   0b1111111111111111    20190529T185243829862
 6      70     1.9905      0.0       0.0     0.0908      0.0    0.0      21.914   24.9   0b1111111111111111    20190529T185243830150
 7      70     1.9850      0.4       0.8     0.3917      0.0    0.0       5.068   24.9   0b1111111111111111    20190529T185243830431
 8      70     1.9853      0.0       0.0     0.0900      0.0    0.0      22.058   24.9   0b1111111111111111    20190529T185243830767
 9      70     1.9754      0.2       0.7     0.3902      0.3    0.8       5.063   24.9   0b1111111111111111    20190529T185243831151
10      70     1.9898      0.0       0.0     0.0892      0.0    0.0      22.315   24.9   0b1111111111111111    20190529T185243831442
11      70     1.9856      0.4       0.8     0.3933      0.0    0.0       5.048   24.9   0b1111111111111111    20190529T185243831797
12      70     1.9883      0.0       0.0     0.0917      0.0    0.0      21.690   24.9   0b1111111111111111    20190529T185243832088
13      70     1.9875      0.0       0.0     0.3905      0.4    0.8       5.090   24.9   0b1111111111111111    20190529T185243832369
14      70     1.9823      0.0       0.0     0.0907      0.2    0.8      21.843   24.9   0b1111111111111111    20190529T185243832682
15      70     1.9845      0.0       0.0     0.3924      0.2    0.8       5.057   24.9   0b1111111111111111    20190529T185243832982
 0      60     1.9418      0.0       0.0     0.0867      0.0    0.0      22.405   24.9   0b1111111111111111    20190529T185247297063
 1      60     1.9403      0.0       0.0     0.3848      0.3    0.8       5.042   24.9   0b1111111111111111    20190529T185247297473
 2      60     1.9395      0.0       0.0     0.0876      0.3    0.8      22.145   24.9   0b1111111111111111    20190529T185247297880
 3      60     1.9383      0.4       0.8     0.3848      0.3    0.8       5.037   24.9   0b1111111111111111    20190529T185247298191
 4      60     1.9335      0.0       0.0     0.0875      0.0    0.0      22.097   24.9   0b1111111111111111    20190529T185247298496
 5      60     1.9267      0.0       0.0     0.3816      0.2    0.8       5.049   24.9   0b1111111111111111    20190529T185247298841
 6      60     1.9380      0.0       0.0     0.0883      0.0    0.0      21.940   24.9   0b1111111111111111    20190529T185247299132
 7      60     1.9343      0.0       0.0     0.3817      0.0    0.0       5.068   24.9   0b1111111111111111    20190529T185247299415
 8      60     1.9335      0.0       0.0     0.0877      0.3    0.8      22.055   24.9   0b1111111111111111    20190529T185247299753
 9      60     1.9244      0.2       0.8     0.3800      0.0    0.0       5.064   24.9   0b1111111111111111    20190529T185247300084
10      60     1.9380      0.0       0.0     0.0867      0.0    0.0      22.362   24.9   0b1111111111111111    20190529T185247300369
11      60     1.9343      0.0       0.0     0.3832      0.2    0.8       5.047   24.9   0b1111111111111111    20190529T185247300695
12      60     1.9358      0.0       0.0     0.0892      0.0    0.0      21.709   24.9   0b1111111111111111    20190529T185247301028
13      60     1.9357      0.2       0.8     0.3800      0.4    1.7       5.094   24.9   0b1111111111111111    20190529T185247301315
14      60     1.9313      0.2       0.8     0.0883      0.0    0.0      21.864   24.9   0b1111111111111111    20190529T185247301594
15      60     1.9327      0.0       0.0     0.3825      0.0    0.0       5.053   24.9   0b1111111111111111    20190529T185247301931
 0      50     1.8899      0.3       0.7     0.0842      0.0    0.0      22.454   24.9   0b1111111111111111    20190529T185250772181
 1      50     1.8878      0.0       0.0     0.3742      0.0    0.0       5.045   24.9   0b1111111111111111    20190529T185250772615
 2      50     1.8870      0.0       0.0     0.0850      0.0    0.0      22.200   24.9   0b1111111111111111    20190529T185250772930
 3      50     1.8862      0.0       0.0     0.3743      0.3    0.8       5.039   24.9   0b1111111111111111    20190529T185250773226
 4      50     1.8810      0.0       0.0     0.0850      0.0    0.0      22.129   24.9   0b1111111111111111    20190529T185250773538
 5      50     1.8742      0.0       0.0     0.3713      0.4    0.8       5.047   24.9   0b1111111111111111    20190529T185250773824
 6      50     1.8856      0.2       0.8     0.0858      0.0    0.0      21.968   24.9   0b1111111111111111    20190529T185250774107
 7      50     1.8817      0.0       0.0     0.3717      0.0    0.0       5.063   24.9   0b1111111111111111    20190529T185250774408
 8      50     1.8817      0.0       0.0     0.0853      0.4    0.8      22.073   24.9   0b1111111111111111    20190529T185250774691
 9      50     1.8722      0.3       0.8     0.3699      0.2    0.8       5.061   24.9   0b1111111111111111    20190529T185250774974
10      50     1.8855      0.0       0.0     0.0842      0.0    0.0      22.402   24.9   0b1111111111111111    20190529T185250775253
11      50     1.8817      0.0       0.0     0.3725      0.0    0.0       5.052   24.9   0b1111111111111111    20190529T185250775554
12      50     1.8839      0.3       0.8     0.0867      0.0    0.0      21.737   24.9   0b1111111111111111    20190529T185250775830
13      50     1.8840      0.0       0.0     0.3698      0.3    0.8       5.094   24.9   0b1111111111111111    20190529T185250776109
14      50     1.8795      0.0       0.0     0.0858      0.0    0.0      21.897   24.9   0b1111111111111111    20190529T185250776408
15      50     1.8815      0.3       0.7     0.3722      0.4    0.8       5.056   24.9   0b1111111111111111    20190529T185250776691
 0      40     1.8367      0.0       0.0     0.0817      0.0    0.0      22.491   24.9   0b1111111111111111    20190529T185254262064
 1      40     1.8352      0.0       0.0     0.3636      0.4    0.8       5.048   24.9   0b1111111111111111    20190529T185254262475
 2      40     1.8345      0.0       0.0     0.0825      0.0    0.0      22.236   24.9   0b1111111111111111    20190529T185254262834
 3      40     1.8337      0.0       0.0     0.3642      0.0    0.0       5.035   24.9   0b1111111111111111    20190529T185254263136
 4      40     1.8278      0.2       0.8     0.0825      0.0    0.0      22.155   24.9   0b1111111111111111    20190529T185254263425
 5      40     1.8218      0.0       0.0     0.3608      0.0    0.0       5.049   24.9   0b1111111111111111    20190529T185254263734
 6      40     1.8330      0.0       0.0     0.0833      0.0    0.0      21.996   24.9   0b1111111111111111    20190529T185254264017
 7      40     1.8293      0.0       0.0     0.3608      0.0    0.0       5.070   24.9   0b1111111111111111    20190529T185254264299
 8      40     1.8285      0.0       0.0     0.0827      0.3    0.8      22.119   24.9   0b1111111111111111    20190529T185254264601
 9      40     1.8203      0.0       0.0     0.3593      0.3    0.8       5.067   24.9   0b1111111111111111    20190529T185254264886
10      40     1.8331      0.2       0.7     0.0817      0.0    0.0      22.446   24.9   0b1111111111111111    20190529T185254265166
11      40     1.8293      0.0       0.0     0.3622      0.4    0.8       5.050   24.9   0b1111111111111111    20190529T185254265447
12      40     1.8314      0.2       0.8     0.0842      0.0    0.0      21.760   24.9   0b1111111111111111    20190529T185254265750
13      40     1.8315      0.0       0.0     0.3593      0.3    0.8       5.098   24.9   0b1111111111111111    20190529T185254266030
14      40     1.8278      0.0       0.0     0.0833      0.0    0.0      21.933   24.9   0b1111111111111111    20190529T185254266307
15      40     1.8289      0.4       0.8     0.3618      0.3    0.8       5.056   24.9   0b1111111111111111    20190529T185254266608
 0      30     1.7850      0.0       0.0     0.0792      0.0    0.0      22.547   24.9   0b1111111111111111    20190529T185257741766
 1      30     1.7828      0.0       0.0     0.3533      0.0    0.0       5.046   24.9   0b1111111111111111    20190529T185257742155
 2      30     1.7828      0.0       0.0     0.0800      0.0    0.0      22.284   24.9   0b1111111111111111    20190529T185257742485
 3      30     1.7812      0.0       0.0     0.3533      0.0    0.0       5.041   24.9   0b1111111111111111    20190529T185257742778
 4      30     1.7768      0.0       0.0     0.0800      0.0    0.0      22.209   24.9   0b1111111111111111    20190529T185257743062
 5      30     1.7715      0.0       0.0     0.3508      0.0    0.0       5.049   24.9   0b1111111111111111    20190529T185257743368
 6      30     1.7820      0.0       0.0     0.0809      0.3    0.8      22.023   24.9   0b1111111111111111    20190529T185257743651
 7      30     1.7768      0.2       0.7     0.3508      0.0    0.0       5.065   24.9   0b1111111111111111    20190529T185257743932
 8      30     1.7790      0.0       0.0     0.0804      0.4    0.8      22.122   24.9   0b1111111111111111    20190529T185257744210
 9      30     1.7692      0.0       0.0     0.3492      0.2    0.8       5.066   24.9   0b1111111111111111    20190529T185257744511
10      30     1.7820      0.0       0.0     0.0793      0.2    0.8      22.486   24.9   0b1111111111111111    20190529T185257744789
11      30     1.7796      0.3       0.8     0.3522      0.4    0.8       5.053   24.9   0b1111111111111111    20190529T185257745067
12      30     1.7805      0.0       0.0     0.0817      0.0    0.0      21.802   24.9   0b1111111111111111    20190529T185257745368
13      30     1.7805      0.0       0.0     0.3492      0.0    0.0       5.099   24.9   0b1111111111111111    20190529T185257745649
14      30     1.7760      0.0       0.0     0.0808      0.0    0.0      21.971   24.9   0b1111111111111111    20190529T185257745926
15      30     1.7782      0.0       0.0     0.3517      0.0    0.0       5.057   24.9   0b1111111111111111    20190529T185257746203
 0      20     1.7332      0.0       0.0     0.0767      0.0    0.0      22.608   24.9   0b1111111111111111    20190529T185301206588
 1      20     1.7310      0.0       0.0     0.3430      0.4    0.8       5.047   24.9   0b1111111111111111    20190529T185301206805
 2      20     1.7313      0.4       0.7     0.0776      0.3    0.8      22.315   24.9   0b1111111111111111    20190529T185301206951
 3      20     1.7296      0.2       0.8     0.3433      0.0    0.0       5.038   24.9   0b1111111111111111    20190529T185301207093
 4      20     1.7250      0.0       0.0     0.0776      0.3    0.8      22.234   24.9   0b1111111111111111    20190529T185301207232
 5      20     1.7202      0.4       0.8     0.3406      0.4    0.8       5.051   24.9   0b1111111111111111    20190529T185301207370
 6      20     1.7303      0.0       0.0     0.0783      0.0    0.0      22.088   24.9   0b1111111111111111    20190529T185301207526
 7      20     1.7255      0.3       0.8     0.3402      0.3    0.8       5.073   24.9   0b1111111111111111    20190529T185301207663
 8      20     1.7280      0.0       0.0     0.0783      0.0    0.0      22.060   24.9   0b1111111111111111    20190529T185301207799
 9      20     1.7182      0.0       0.0     0.3392      0.0    0.0       5.066   24.9   0b1111111111111111    20190529T185301207935
10      20     1.7303      0.0       0.0     0.0769      0.4    0.8      22.495   24.9   0b1111111111111111    20190529T185301208070
11      20     1.7280      0.0       0.0     0.3417      0.3    0.8       5.056   24.9   0b1111111111111111    20190529T185301208205
12      20     1.7295      0.0       0.0     0.0793      0.2    0.8      21.823   24.9   0b1111111111111111    20190529T185301208339
13      20     1.7295      0.0       0.0     0.3392      0.0    0.0       5.099   24.9   0b1111111111111111    20190529T185301208530
14      20     1.7251      0.3       0.8     0.0783      0.0    0.0      22.023   24.9   0b1111111111111111    20190529T185301208671
15      20     1.7273      0.2       0.8     0.3417      0.0    0.0       5.056   24.9   0b1111111111111111    20190529T185301208807
 0      10     1.6815      0.0       0.0     0.0745      0.4    0.8      22.570   24.9   0b1111111111111111    20190529T185304665377
 1      10     1.6793      0.2       0.8     0.3328      0.4    0.8       5.046   24.9   0b1111111111111111    20190529T185304665848
 2      10     1.6800      0.0       0.0     0.0752      0.3    0.8      22.350   24.9   0b1111111111111111    20190529T185304666165
 3      10     1.6784      0.2       0.8     0.3329      0.4    0.8       5.042   24.9   0b1111111111111111    20190529T185304666527
 4      10     1.6732      0.0       0.0     0.0750      0.0    0.0      22.310   24.9   0b1111111111111111    20190529T185304666824
 5      10     1.6687      0.0       0.0     0.3300      0.0    0.0       5.057   24.9   0b1111111111111111    20190529T185304667113
 6      10     1.6793      0.0       0.0     0.0760      0.3    0.8      22.095   24.9   0b1111111111111111    20190529T185304667430
 7      10     1.6740      0.0       0.0     0.3301      0.2    0.8       5.071   24.9   0b1111111111111111    20190529T185304667740
 8      10     1.6767      0.4       0.7     0.0758      0.0    0.0      22.110   24.9   0b1111111111111111    20190529T185304668021
 9      10     1.6672      0.0       0.0     0.3291      0.2    0.8       5.066   24.9   0b1111111111111111    20190529T185304668360
10      10     1.6793      0.0       0.0     0.0746      0.4    0.8      22.515   24.9   0b1111111111111111    20190529T185304668717
11      10     1.6770      0.0       0.0     0.3317      0.0    0.0       5.056   24.9   0b1111111111111111    20190529T185304669002
12      10     1.6785      0.0       0.0     0.0767      0.0    0.0      21.893   24.9   0b1111111111111111    20190529T185304669280
13      10     1.6785      0.0       0.0     0.3292      0.0    0.0       5.099   24.9   0b1111111111111111    20190529T185304669612
14      10     1.6747      0.2       0.8     0.0759      0.2    0.8      22.059   24.9   0b1111111111111111    20190529T185304669894
15      10     1.6770      0.0       0.0     0.3317      0.0    0.0       5.056   24.9   0b1111111111111111    20190529T185304670173
 0       0     1.6304      0.2       0.8     0.0720      0.4    0.8      22.645   24.9   0b1111111111111111    20190529T185308119604
 1       0     1.6275      0.0       0.0     0.3224      0.2    0.8       5.048   24.9   0b1111111111111111    20190529T185308119977
 2       0     1.6288      0.3       0.8     0.0728      0.4    0.8      22.390   24.9   0b1111111111111111    20190529T185308120273
 3       0     1.6272      0.4       0.7     0.3225      0.0    0.0       5.046   24.9   0b1111111111111111    20190529T185308120633
 4       0     1.6216      0.3       0.8     0.0728      0.4    0.8      22.291   24.9   0b1111111111111111    20190529T185308120968
 5       0     1.6178      0.0       0.0     0.3200      0.0    0.0       5.055   24.9   0b1111111111111111    20190529T185308121260
 6       0     1.6275      0.0       0.0     0.0736      0.4    0.8      22.118   24.9   0b1111111111111111    20190529T185308121606
 7       0     1.6222      0.0       0.0     0.3200      0.0    0.0       5.070   24.9   0b1111111111111111    20190529T185308121896
 8       0     1.6252      0.0       0.0     0.0733      0.0    0.0      22.162   24.9   0b1111111111111111    20190529T185308122220
 9       0     1.6168      0.3       0.7     0.3190      0.3    0.8       5.068   24.9   0b1111111111111111    20190529T185308122567
10       0     1.6275      0.0       0.0     0.0723      0.3    0.8      22.500   24.9   0b1111111111111111    20190529T185308122855
11       0     1.6252      0.0       0.0     0.3215      0.3    0.8       5.055   24.9   0b1111111111111111    20190529T185308123135
12       0     1.6275      0.0       0.0     0.0745      0.4    0.8      21.846   24.9   0b1111111111111111    20190529T185308123463
13       0     1.6275      0.0       0.0     0.3189      0.4    0.8       5.103   24.9   0b1111111111111111    20190529T185308123750
14       0     1.6237      0.0       0.0     0.0737      0.4    0.8      22.017   24.9   0b1111111111111111    20190529T185308124062
15       0     1.6252      0.0       0.0     0.3216      0.3    0.8       5.054   24.9   0b1111111111111111    20190529T185308124345
