CH# Vset[DAC]   V[V]    dVRMS[mV] dVpp[mV]    I[A]  dIRMS[mA] dIpp[mA]   R[ohm]   T[C]   State                Timestamp
 0     250     2.8723      0.3       0.8     0.0024      0.4    1.7    1188.559   23.8   0b1111111111111111    20190531T103101043567
 1     250     2.8590      0.0       0.0     0.0025      0.4    1.7    1143.600   23.8   0b1111111111111111    20190531T103101044159
 2     250     2.8680      0.0       0.0     0.0019      0.5    1.7    1496.348   23.8   0b1111111111111111    20190531T103101044412
 3     250     2.8598      0.0       0.0     0.0033      0.6    1.7     879.923   23.8   0b1111111111111111    20190531T103101044631
 4     250     2.8454      0.2       0.8     0.0018      0.4    1.7    1625.957   23.8   0b1111111111111111    20190531T103101044931
 5     250     2.8293      0.4       0.8    -0.0014      0.4    0.8    -666.000   23.8   0b1111111111111111    20190531T103101045220
 6     250     2.8418      0.0       0.0     0.0031      0.4    0.8     921.649   23.8   0b1111111111111111    20190531T103101045528
 7     250     2.8320      0.0       0.0    -0.0001      0.2    0.8    -666.000   23.8   0b1111111111111111    20190531T103101045818
 8     250     2.8358      0.0       0.0     0.0013      0.4    0.8    2268.600   23.8   0b1111111111111111    20190531T103101046102
 9     250     2.8170      0.0       0.0     0.0004      0.4    0.8    6760.800   23.8   0b1111111111111111    20190531T103101046411
10     250     2.8358      0.0       0.0     0.0017      0.4    1.7    1701.450   23.8   0b1111111111111111    20190531T103101046705
11     250     2.8350      0.0       0.0     0.0002      0.4    0.8   11340.000   23.8   0b1111111111111111    20190531T103101046993
12     250     2.8305      0.0       0.0     0.0011      0.4    0.8    2612.769   23.8   0b1111111111111111    20190531T103101047286
13     250     2.8382      0.3       0.8    -0.0004      0.4    0.8    -666.000   23.8   0b1111111111111111    20190531T103101047590
14     250     2.8547      0.3       0.8     0.0028      0.4    0.8    1038.055   23.8   0b1111111111111111    20190531T103101047875
15     250     2.8530      0.0       0.0     0.0009      0.4    1.7    3112.364   23.8   0b1111111111111111    20190531T103101048157
 0     240     2.8230      0.0       0.0     0.0023      0.4    0.8    1254.667   23.8   0b1111111111111111    20190531T103104509211
 1     240     2.8097      0.3       0.8     0.0026      0.2    0.8    1087.635   23.8   0b1111111111111111    20190531T103104509653
 2     240     2.8193      0.0       0.0     0.0020      0.4    0.8    1409.625   23.8   0b1111111111111111    20190531T103104509973
 3     240     2.8108      0.3       0.8     0.0031      0.5    1.7     911.603   23.8   0b1111111111111111    20190531T103104510295
 4     240     2.7967      0.0       0.0     0.0018      0.2    0.8    1598.143   23.8   0b1111111111111111    20190531T103104510590
 5     240     2.7810      0.0       0.0    -0.0016      0.4    1.7    -666.000   23.8   0b1111111111111111    20190531T103104510904
 6     240     2.7937      0.0       0.0     0.0028      0.4    0.8     986.029   23.8   0b1111111111111111    20190531T103104511196
 7     240     2.7840      0.0       0.0    -0.0003      0.4    0.8    -666.000   23.8   0b1111111111111111    20190531T103104511501
 8     240     2.7877      0.0       0.0     0.0013      0.4    0.8    2230.200   23.8   0b1111111111111111    20190531T103104511787
 9     240     2.7697      0.0       0.0     0.0007      0.3    0.8    4154.625   23.8   0b1111111111111111    20190531T103104512072
10     240     2.7884      0.2       0.8     0.0018      0.2    0.8    1593.386   23.8   0b1111111111111111    20190531T103104512379
11     240     2.7870      0.0       0.0     0.0002      0.3    0.8   16722.000   23.8   0b1111111111111111    20190531T103104512665
12     240     2.7825      0.0       0.0     0.0011      0.4    0.8    2568.462   23.8   0b1111111111111111    20190531T103104512948
13     240     2.7900      0.0       0.0    -0.0004      0.4    0.8    -666.000   23.8   0b1111111111111111    20190531T103104513228
14     240     2.8065      0.0       0.0     0.0025      0.0    0.0    1122.600   23.8   0b1111111111111111    20190531T103104513549
15     240     2.8049      0.2       0.7     0.0007      0.2    0.8    3739.900   23.8   0b1111111111111111    20190531T103104513832
 0     230     2.7750      0.0       0.0     0.0023      0.3    0.8    1189.286   23.8   0b1111111111111111    20190531T103107957058
 1     230     2.7622      0.2       0.7     0.0024      0.2    0.8    1142.969   23.8   0b1111111111111111    20190531T103107957567
 2     230     2.7707      0.3       0.8     0.0021      0.4    0.8    1329.948   23.8   0b1111111111111111    20190531T103107957893
 3     230     2.7630      0.0       0.0     0.0032      0.3    0.8     872.526   23.8   0b1111111111111111    20190531T103107958191
 4     230     2.7497      0.3       0.8     0.0016      0.3    0.8    1736.621   23.8   0b1111111111111111    20190531T103107958549
 5     230     2.7345      0.0       0.0    -0.0015      0.3    0.8    -666.000   23.8   0b1111111111111111    20190531T103107958844
 6     230     2.7470      0.4       0.8     0.0027      0.3    0.8    1030.106   23.8   0b1111111111111111    20190531T103107959132
 7     230     2.7375      0.0       0.0    -0.0002      0.5    1.7    -666.000   23.8   0b1111111111111111    20190531T103107959471
 8     230     2.7413      0.0       0.0     0.0008      0.4    1.7    3289.500   23.8   0b1111111111111111    20190531T103107959813
 9     230     2.7240      0.0       0.0     0.0006      0.4    0.8    4669.714   23.8   0b1111111111111111    20190531T103107960110
10     230     2.7420      0.0       0.0     0.0017      0.0    0.0    1645.200   23.8   0b1111111111111111    20190531T103107960430
11     230     2.7405      0.0       0.0     0.0001      0.2    0.8   32886.000   23.8   0b1111111111111111    20190531T103107960741
12     230     2.7357      0.4       0.8     0.0012      0.4    0.8    2344.886   23.8   0b1111111111111111    20190531T103107961057
13     230     2.7428      0.0       0.0    -0.0007      0.2    0.8    -666.000   23.8   0b1111111111111111    20190531T103107961344
14     230     2.7593      0.0       0.0     0.0025      0.4    1.7    1103.700   23.8   0b1111111111111111    20190531T103107961739
15     230     2.7578      0.0       0.0     0.0007      0.2    0.8    3677.000   23.8   0b1111111111111111    20190531T103107962030
 0     220     2.7257      0.3       0.8     0.0021      0.4    0.8    1308.312   23.7   0b1111111111111111    20190531T103111403447
 1     220     2.7136      0.2       0.8     0.0023      0.3    0.8    1162.961   23.7   0b1111111111111111    20190531T103111403923
 2     220     2.7225      0.0       0.0     0.0018      0.3    0.8    1485.000   23.7   0b1111111111111111    20190531T103111404251
 3     220     2.7135      0.0       0.0     0.0029      0.4    0.8     930.343   23.7   0b1111111111111111    20190531T103111404554
 4     220     2.7026      0.4       0.8     0.0017      0.4    1.7    1621.575   23.7   0b1111111111111111    20190531T103111404899
 5     220     2.6868      0.4       0.7    -0.0016      0.3    0.8    -666.000   23.7   0b1111111111111111    20190531T103111405194
 6     220     2.6985      0.0       0.0     0.0028      0.4    0.8     952.412   23.7   0b1111111111111111    20190531T103111405484
 7     220     2.6887      0.0       0.0    -0.0005      0.4    0.8    -666.000   23.7   0b1111111111111111    20190531T103111405870
 8     220     2.6942      0.3       0.8     0.0010      0.3    0.8    2694.225   23.7   0b1111111111111111    20190531T103111406166
 9     220     2.6767      0.0       0.0     0.0004      0.4    0.8    6424.200   23.7   0b1111111111111111    20190531T103111406451
10     220     2.6940      0.0       0.0     0.0016      0.3    0.8    1701.474   23.7   0b1111111111111111    20190531T103111406794
11     220     2.6940      0.0       0.0     0.0002      0.3    0.8   16164.000   23.7   0b1111111111111111    20190531T103111407083
12     220     2.6872      0.0       0.0     0.0009      0.3    0.8    2931.545   23.7   0b1111111111111111    20190531T103111407366
13     220     2.6947      0.0       0.0    -0.0007      0.3    0.8    -666.000   23.7   0b1111111111111111    20190531T103111407718
14     220     2.7098      0.0       0.0     0.0024      0.2    0.8    1121.276   23.7   0b1111111111111111    20190531T103111407899
15     220     2.7083      0.0       0.0     0.0007      0.3    0.8    4062.375   23.7   0b1111111111111111    20190531T103111408036
 0     210     2.6760      0.0       0.0     0.0019      0.4    0.8    1396.174   23.8   0b1111111111111111    20190531T103114850674
 1     210     2.6645      0.3       0.8     0.0024      0.2    0.8    1102.562   23.8   0b1111111111111111    20190531T103114851088
 2     210     2.6730      0.0       0.0     0.0017      0.0    0.0    1603.800   23.8   0b1111111111111111    20190531T103114851454
 3     210     2.6642      0.3       0.8     0.0029      0.4    0.8     913.449   23.8   0b1111111111111111    20190531T103114851795
 4     210     2.6537      0.3       0.8     0.0017      0.0    0.0    1592.190   23.8   0b1111111111111111    20190531T103114852090
 5     210     2.6385      0.0       0.0    -0.0016      0.3    0.8    -666.000   23.8   0b1111111111111111    20190531T103114852377
 6     210     2.6499      0.3       0.8     0.0026      0.2    0.8    1025.768   23.8   0b1111111111111111    20190531T103114852743
 7     210     2.6406      0.3       0.7    -0.0006      0.4    0.8    -666.000   23.8   0b1111111111111111    20190531T103114853032
 8     210     2.6460      0.0       0.0     0.0010      0.3    0.8    2646.000   23.8   0b1111111111111111    20190531T103114853315
 9     210     2.6293      0.3       0.8     0.0006      0.4    0.8    4507.329   23.8   0b1111111111111111    20190531T103114853718
10     210     2.6460      0.0       0.0     0.0016      0.3    0.8    1671.158   23.8   0b1111111111111111    20190531T103114854007
11     210     2.6460      0.0       0.0     0.0000      0.0    0.0    -666.000   23.8   0b1111111111111111    20190531T103114854471
12     210     2.6390      0.3       0.8     0.0010      0.3    0.8    2639.025   23.8   0b1111111111111111    20190531T103114854883
13     210     2.6464      0.4       0.8    -0.0006      0.4    0.8    -666.000   23.8   0b1111111111111111    20190531T103114855251
14     210     2.6609      0.3       0.8     0.0024      0.2    0.8    1101.041   23.8   0b1111111111111111    20190531T103114855604
15     210     2.6595      0.0       0.0     0.0007      0.3    0.8    3989.250   23.8   0b1111111111111111    20190531T103114855989
 0     200     2.6265      0.0       0.0     0.0018      0.2    0.8    1500.857   23.8   0b1111111111111111    20190531T103118321541
 1     200     2.6145      0.0       0.0     0.0021      0.4    0.8    1254.960   23.8   0b1111111111111111    20190531T103118322167
 2     200     2.6227      0.0       0.0     0.0017      0.0    0.0    1573.650   23.8   0b1111111111111111    20190531T103118322751
 3     200     2.6146      0.2       0.7     0.0026      0.2    0.8    1012.094   23.8   0b1111111111111111    20190531T103118323298
 4     200     2.6047      0.0       0.0     0.0017      0.0    0.0    1562.850   23.8   0b1111111111111111    20190531T103118323839
 5     200     2.5897      0.0       0.0    -0.0017      0.0    0.0    -666.000   23.8   0b1111111111111111    20190531T103118324462
 6     200     2.6014      0.4       0.8     0.0027      0.3    0.8     975.516   23.8   0b1111111111111111    20190531T103118324993
 7     200     2.5920      0.0       0.0    -0.0007      0.2    0.8    -666.000   23.8   0b1111111111111111    20190531T103118325542
 8     200     2.5980      0.0       0.0     0.0009      0.3    0.8    2834.182   23.8   0b1111111111111111    20190531T103118326382
 9     200     2.5815      0.0       0.0     0.0001      0.2    0.8   30978.000   23.8   0b1111111111111111    20190531T103118326833
10     200     2.5980      0.0       0.0     0.0016      0.3    0.8    1640.842   23.8   0b1111111111111111    20190531T103118327146
11     200     2.5972      0.0       0.0     0.0000      0.0    0.0    -666.000   23.8   0b1111111111111111    20190531T103118327451
12     200     2.5903      0.3       0.8     0.0010      0.3    0.8    2590.275   23.8   0b1111111111111111    20190531T103118327788
13     200     2.5972      0.0       0.0    -0.0007      0.3    0.8    -666.000   23.8   0b1111111111111111    20190531T103118327929
14     200     2.6115      0.0       0.0     0.0021      0.4    0.8    1253.520   23.8   0b1111111111111111    20190531T103118328069
15     200     2.6101      0.2       0.8     0.0007      0.2    0.8    3480.100   23.8   0b1111111111111111    20190531T103118328207
 0     190     2.5785      0.0       0.0     0.0017      0.0    0.0    1547.100   23.8   0b1111111111111111    20190531T103121805238
 1     190     2.5686      0.3       0.8     0.0019      0.4    0.8    1340.139   23.8   0b1111111111111111    20190531T103121805673
 2     190     2.5755      0.0       0.0     0.0018      0.2    0.8    1471.714   23.8   0b1111111111111111    20190531T103121806195
 3     190     2.5672      0.2       0.8     0.0028      0.4    0.8     933.518   23.8   0b1111111111111111    20190531T103121806529
 4     190     2.5575      0.0       0.0     0.0015      0.3    0.8    1705.000   23.8   0b1111111111111111    20190531T103121806889
 5     190     2.5433      0.0       0.0    -0.0017      0.2    0.8    -666.000   23.8   0b1111111111111111    20190531T103121807188
 6     190     2.5538      0.0       0.0     0.0026      0.2    0.8     988.548   23.8   0b1111111111111111    20190531T103121807542
 7     190     2.5448      0.0       0.0    -0.0007      0.2    0.8    -666.000   23.8   0b1111111111111111    20190531T103121807856
 8     190     2.5523      0.0       0.0     0.0009      0.4    1.7    2784.273   23.8   0b1111111111111111    20190531T103121807999
 9     190     2.5350      0.0       0.0     0.0002      0.3    0.8   15210.000   23.8   0b1111111111111111    20190531T103121808164
10     190     2.5529      0.2       0.8     0.0016      0.3    0.8    1612.374   23.8   0b1111111111111111    20190531T103121808310
11     190     2.5523      0.0       0.0    -0.0001      0.2    0.8    -666.000   23.8   0b1111111111111111    20190531T103121808448
12     190     2.5433      0.0       0.0     0.0009      0.3    0.8    2774.455   23.8   0b1111111111111111    20190531T103121808586
13     190     2.5508      0.0       0.0    -0.0008      0.0    0.0    -666.000   23.8   0b1111111111111111    20190531T103121808754
14     190     2.5650      0.0       0.0     0.0025      0.0    0.0    1026.000   23.8   0b1111111111111111    20190531T103121808895
15     190     2.5635      0.0       0.0     0.0006      0.4    0.8    4394.571   23.8   0b1111111111111111    20190531T103121809032
 0     180     2.5289      0.2       0.8     0.0017      0.0    0.0    1517.355   23.8   0b1111111111111111    20190531T103125293432
 1     180     2.5192      0.0       0.0     0.0018      0.3    0.8    1374.136   23.8   0b1111111111111111    20190531T103125293882
 2     180     2.5256      0.4       0.7     0.0017      0.0    0.0    1515.375   23.8   0b1111111111111111    20190531T103125294203
 3     180     2.5177      0.0       0.0     0.0026      0.2    0.8     974.613   23.8   0b1111111111111111    20190531T103125294503
 4     180     2.5087      0.0       0.0     0.0013      0.4    0.8    2007.000   23.8   0b1111111111111111    20190531T103125294823
 5     180     2.4952      0.0       0.0    -0.0017      0.0    0.0    -666.000   23.8   0b1111111111111111    20190531T103125295113
 6     180     2.5054      0.4       0.8     0.0025      0.0    0.0    1002.180   23.8   0b1111111111111111    20190531T103125295402
 7     180     2.4962      0.3       0.8    -0.0008      0.0    0.0    -666.000   23.8   0b1111111111111111    20190531T103125295707
 8     180     2.5042      0.0       0.0     0.0007      0.2    0.8    3339.000   23.8   0b1111111111111111    20190531T103125295994
 9     180     2.4877      0.0       0.0     0.0002      0.3    0.8   14926.500   23.8   0b1111111111111111    20190531T103125296282
10     180     2.5050      0.0       0.0     0.0013      0.4    0.8    2004.000   23.8   0b1111111111111111    20190531T103125296587
11     180     2.5042      0.0       0.0    -0.0001      0.2    0.8    -666.000   23.8   0b1111111111111111    20190531T103125296884
12     180     2.4952      0.0       0.0     0.0008      0.0    0.0    2994.300   23.8   0b1111111111111111    20190531T103125297168
13     180     2.5020      0.0       0.0    -0.0008      0.0    0.0    -666.000   23.8   0b1111111111111111    20190531T103125297450
14     180     2.5162      0.0       0.0     0.0022      0.4    0.8    1161.346   23.8   0b1111111111111111    20190531T103125297726
15     180     2.5147      0.0       0.0     0.0004      0.4    0.8    6035.400   23.8   0b1111111111111111    20190531T103125297863
 0     170     2.4794      0.2       0.8     0.0017      0.0    0.0    1487.655   23.7   0b1111111111111111    20190531T103128768263
 1     170     2.4698      0.0       0.0     0.0017      0.0    0.0    1481.850   23.7   0b1111111111111111    20190531T103128768721
 2     170     2.4760      0.3       0.8     0.0017      0.0    0.0    1485.585   23.7   0b1111111111111111    20190531T103128769026
 3     170     2.4684      0.3       0.8     0.0025      0.0    0.0     987.360   23.7   0b1111111111111111    20190531T103128769318
 4     170     2.4604      0.4       0.8     0.0014      0.4    0.8    1736.735   23.7   0b1111111111111111    20190531T103128769654
 5     170     2.4465      0.0       0.0    -0.0017      0.0    0.0    -666.000   23.7   0b1111111111111111    20190531T103128769943
 6     170     2.4570      0.0       0.0     0.0025      0.0    0.0     982.800   23.7   0b1111111111111111    20190531T103128770229
 7     170     2.4480      0.0       0.0    -0.0008      0.0    0.0    -666.000   23.7   0b1111111111111111    20190531T103128770565
 8     170     2.4569      0.3       0.8     0.0007      0.3    0.8    3685.275   23.7   0b1111111111111111    20190531T103128770936
 9     170     2.4405      0.0       0.0     0.0001      0.2    0.8   29286.000   23.7   0b1111111111111111    20190531T103128771230
10     170     2.4570      0.0       0.0     0.0011      0.4    0.8    2268.000   23.7   0b1111111111111111    20190531T103128771576
11     170     2.4563      0.0       0.0    -0.0002      0.3    0.8    -666.000   23.7   0b1111111111111111    20190531T103128771867
12     170     2.4469      0.4       0.8     0.0008      0.0    0.0    2936.250   23.7   0b1111111111111111    20190531T103128772150
13     170     2.4539      0.2       0.8    -0.0008      0.0    0.0    -666.000   23.7   0b1111111111111111    20190531T103128772488
14     170     2.4675      0.0       0.0     0.0021      0.4    0.8    1184.400   23.7   0b1111111111111111    20190531T103128772774
15     170     2.4661      0.2       0.8     0.0002      0.4    0.8    9864.300   23.7   0b1111111111111111    20190531T103128773055
 0     160     2.4299      0.2       0.7     0.0017      0.0    0.0    1457.955   23.8   0b1111111111111111    20190531T103132222632
 1     160     2.4202      0.0       0.0     0.0017      0.0    0.0    1452.150   23.8   0b1111111111111111    20190531T103132223048
 2     160     2.4264      0.3       0.7     0.0015      0.3    0.8    1617.600   23.8   0b1111111111111111    20190531T103132223394
 3     160     2.4195      0.0       0.0     0.0025      0.0    0.0     967.800   23.8   0b1111111111111111    20190531T103132223699
 4     160     2.4119      0.3       0.8     0.0012      0.4    0.8    2067.300   23.8   0b1111111111111111    20190531T103132223992
 5     160     2.3985      0.0       0.0    -0.0019      0.4    0.8    -666.000   23.8   0b1111111111111111    20190531T103132224303
 6     160     2.4082      0.0       0.0     0.0025      0.0    0.0     963.300   23.8   0b1111111111111111    20190531T103132224596
 7     160     2.4000      0.0       0.0    -0.0008      0.0    0.0    -666.000   23.8   0b1111111111111111    20190531T103132224881
 8     160     2.4089      0.2       0.8     0.0007      0.3    0.8    3613.388   23.8   0b1111111111111111    20190531T103132225164
 9     160     2.3928      0.4       0.8     0.0000      0.0    0.0    -666.000   23.8   0b1111111111111111    20190531T103132225466
10     160     2.4096      0.3       0.8     0.0011      0.4    0.8    2224.246   23.8   0b1111111111111111    20190531T103132225766
11     160     2.4082      0.0       0.0    -0.0003      0.4    0.8    -666.000   23.8   0b1111111111111111    20190531T103132226048
12     160     2.3985      0.0       0.0     0.0007      0.2    0.8    3198.000   23.8   0b1111111111111111    20190531T103132226355
13     160     2.4052      0.0       0.0    -0.0008      0.0    0.0    -666.000   23.8   0b1111111111111111    20190531T103132226638
14     160     2.4187      0.0       0.0     0.0020      0.4    0.8    1209.375   23.8   0b1111111111111111    20190531T103132226919
15     160     2.4172      0.0       0.0     0.0001      0.2    0.8   29007.000   23.8   0b1111111111111111    20190531T103132227199
 0     150     2.3825      0.4       0.8     0.0016      0.3    0.8    1504.705   23.8   0b1111111111111111    20190531T103135689213
 1     150     2.3730      0.0       0.0     0.0017      0.0    0.0    1423.800   23.8   0b1111111111111111    20190531T103135689695
 2     150     2.3798      0.0       0.0     0.0013      0.4    0.8    1784.812   23.8   0b1111111111111111    20190531T103135690020
 3     150     2.3730      0.0       0.0     0.0025      0.0    0.0     949.200   23.8   0b1111111111111111    20190531T103135690318
 4     150     2.3654      0.3       0.8     0.0012      0.4    0.8    2027.443   23.8   0b1111111111111111    20190531T103135690658
 5     150     2.3527      0.0       0.0    -0.0018      0.3    0.8    -666.000   23.8   0b1111111111111111    20190531T103135690986
 6     150     2.3627      0.3       0.8     0.0024      0.2    0.8     977.648   23.8   0b1111111111111111    20190531T103135691281
 7     150     2.3540      0.3       0.8    -0.0008      0.0    0.0    -666.000   23.8   0b1111111111111111    20190531T103135691660
 8     150     2.3640      0.0       0.0     0.0005      0.4    0.8    4728.000   23.8   0b1111111111111111    20190531T103135691954
 9     150     2.3479      0.4       0.8     0.0000      0.0    0.0    -666.000   23.8   0b1111111111111111    20190531T103135692238
10     150     2.3633      0.0       0.0     0.0010      0.3    0.8    2363.250   23.8   0b1111111111111111    20190531T103135692575
11     150     2.3633      0.0       0.0    -0.0004      0.4    0.8    -666.000   23.8   0b1111111111111111    20190531T103135692863
12     150     2.3520      0.0       0.0     0.0008      0.0    0.0    2822.400   23.8   0b1111111111111111    20190531T103135693145
13     150     2.3588      0.2       0.8    -0.0009      0.3    0.8    -666.000   23.8   0b1111111111111111    20190531T103135693488
14     150     2.3723      0.0       0.0     0.0018      0.2    0.8    1355.571   23.8   0b1111111111111111    20190531T103135693776
15     150     2.3705      0.4       0.8     0.0002      0.3    0.8   14222.700   23.8   0b1111111111111111    20190531T103135694058
 0     140     2.3333      0.0       0.0     0.0016      0.3    0.8    1473.632   23.7   0b1111111111111111    20190531T103139150438
 1     140     2.3242      0.0       0.0     0.0016      0.3    0.8    1467.947   23.7   0b1111111111111111    20190531T103139150964
 2     140     2.3302      0.0       0.0     0.0013      0.4    0.8    1747.687   23.7   0b1111111111111111    20190531T103139151293
 3     140     2.3242      0.0       0.0     0.0022      0.4    0.8    1072.731   23.7   0b1111111111111111    20190531T103139151593
 4     140     2.3171      0.4       0.8     0.0009      0.3    0.8    2527.773   23.7   0b1111111111111111    20190531T103139151957
 5     140     2.3047      0.0       0.0    -0.0021      0.4    0.8    -666.000   23.7   0b1111111111111111    20190531T103139152251
 6     140     2.3145      0.0       0.0     0.0023      0.4    0.8    1028.667   23.7   0b1111111111111111    20190531T103139152540
 7     140     2.3062      0.0       0.0    -0.0008      0.0    0.0    -666.000   23.7   0b1111111111111111    20190531T103139152872
 8     140     2.3167      0.0       0.0     0.0004      0.4    0.8    5560.200   23.7   0b1111111111111111    20190531T103139153174
 9     140     2.3010      0.0       0.0    -0.0001      0.2    0.8    -666.000   23.7   0b1111111111111111    20190531T103139153514
10     140     2.3160      0.0       0.0     0.0009      0.3    0.8    2526.545   23.7   0b1111111111111111    20190531T103139153866
11     140     2.3160      0.0       0.0    -0.0007      0.2    0.8    -666.000   23.7   0b1111111111111111    20190531T103139154155
12     140     2.3040      0.0       0.0     0.0007      0.2    0.8    3072.000   23.7   0b1111111111111111    20190531T103139154439
13     140     2.3107      0.0       0.0    -0.0009      0.3    0.8    -666.000   23.7   0b1111111111111111    20190531T103139154780
14     140     2.3238      0.4       0.8     0.0018      0.2    0.8    1327.886   23.7   0b1111111111111111    20190531T103139155068
15     140     2.3220      0.0       0.0     0.0000      0.0    0.0    -666.000   23.7   0b1111111111111111    20190531T103139155348
 0     130     2.2845      0.0       0.0     0.0012      0.4    0.8    1958.143   23.7   0b1111111111111111    20190531T103142612569
 1     130     2.2755      0.0       0.0     0.0015      0.3    0.8    1517.000   23.7   0b1111111111111111    20190531T103142612976
 2     130     2.2815      0.0       0.0     0.0012      0.4    0.8    1955.571   23.7   0b1111111111111111    20190531T103142613291
 3     130     2.2755      0.0       0.0     0.0021      0.4    0.8    1092.240   23.7   0b1111111111111111    20190531T103142613617
 4     130     2.2688      0.0       0.0     0.0011      0.4    0.8    2094.231   23.7   0b1111111111111111    20190531T103142613913
 5     130     2.2567      0.0       0.0    -0.0022      0.4    0.8    -666.000   23.7   0b1111111111111111    20190531T103142614201
 6     130     2.2665      0.0       0.0     0.0021      0.4    0.8    1087.920   23.7   0b1111111111111111    20190531T103142614490
 7     130     2.2582      0.0       0.0    -0.0009      0.3    0.8    -666.000   23.7   0b1111111111111111    20190531T103142614801
 8     130     2.2688      0.0       0.0     0.0004      0.4    0.8    5445.000   23.7   0b1111111111111111    20190531T103142615085
 9     130     2.2538      0.0       0.0     0.0000      0.0    0.0    -666.000   23.7   0b1111111111111111    20190531T103142615369
10     130     2.2688      0.0       0.0     0.0008      0.0    0.0    2722.500   23.7   0b1111111111111111    20190531T103142615677
11     130     2.2683      0.4       0.8    -0.0008      0.0    0.0    -666.000   23.7   0b1111111111111111    20190531T103142615962
12     130     2.2560      0.0       0.0     0.0007      0.3    0.8    3384.000   23.7   0b1111111111111111    20190531T103142616245
13     130     2.2628      0.0       0.0    -0.0008      0.0    0.0    -666.000   23.7   0b1111111111111111    20190531T103142616546
14     130     2.2755      0.0       0.0     0.0018      0.2    0.8    1300.286   23.7   0b1111111111111111    20190531T103142616830
15     130     2.2740      0.0       0.0     0.0000      0.0    0.0    -666.000   23.7   0b1111111111111111    20190531T103142617111
 0     120     2.2372      0.0       0.0     0.0009      0.3    0.8    2440.636   23.8   0b1111111111111111    20190531T103146092558
 1     120     2.2275      0.0       0.0     0.0014      0.4    0.8    1572.353   23.8   0b1111111111111111    20190531T103146092970
 2     120     2.2336      0.2       0.8     0.0010      0.3    0.8    2233.575   23.8   0b1111111111111111    20190531T103146093313
 3     120     2.2274      0.2       0.8     0.0022      0.4    0.8    1028.042   23.8   0b1111111111111111    20190531T103146093618
 4     120     2.2222      0.0       0.0     0.0009      0.3    0.8    2424.273   23.8   0b1111111111111111    20190531T103146093961
 5     120     2.2091      0.4       0.8    -0.0022      0.4    0.8    -666.000   23.8   0b1111111111111111    20190531T103146094253
 6     120     2.2185      0.0       0.0     0.0021      0.4    0.8    1064.880   23.8   0b1111111111111111    20190531T103146094567
 7     120     2.2102      0.0       0.0    -0.0009      0.3    0.8    -666.000   23.8   0b1111111111111111    20190531T103146094865
 8     120     2.2215      0.0       0.0     0.0004      0.4    0.8    5331.600   23.8   0b1111111111111111    20190531T103146095151
 9     120     2.2065      0.0       0.0     0.0000      0.0    0.0    -666.000   23.8   0b1111111111111111    20190531T103146095452
10     120     2.2215      0.0       0.0     0.0008      0.0    0.0    2665.800   23.8   0b1111111111111111    20190531T103146095737
11     120     2.2215      0.0       0.0    -0.0007      0.2    0.8    -666.000   23.8   0b1111111111111111    20190531T103146096018
12     120     2.2087      0.0       0.0     0.0006      0.4    0.8    3786.429   23.8   0b1111111111111111    20190531T103146096324
13     120     2.2147      0.0       0.0    -0.0010      0.3    0.8    -666.000   23.8   0b1111111111111111    20190531T103146096608
14     120     2.2267      0.0       0.0     0.0017      0.0    0.0    1336.050   23.8   0b1111111111111111    20190531T103146096889
15     120     2.2260      0.0       0.0     0.0000      0.0    0.0    -666.000   23.8   0b1111111111111111    20190531T103146097169
 0     110     2.1903      0.4       0.8     0.0013      0.4    0.8    1752.240   23.7   0b1111111111111111    20190531T103149568912
 1     110     2.1810      0.0       0.0     0.0008      0.0    0.0    2617.200   23.7   0b1111111111111111    20190531T103149569311
 2     110     2.1866      0.4       0.8     0.0008      0.0    0.0    2623.860   23.7   0b1111111111111111    20190531T103149569665
 3     110     2.1803      0.2       0.8     0.0018      0.3    0.8    1189.268   23.7   0b1111111111111111    20190531T103149569973
 4     110     2.1758      0.0       0.0     0.0008      0.0    0.0    2610.900   23.7   0b1111111111111111    20190531T103149570271
 5     110     2.1630      0.0       0.0    -0.0023      0.3    0.8    -666.000   23.7   0b1111111111111111    20190531T103149570583
 6     110     2.1720      0.0       0.0     0.0019      0.4    0.8    1133.217   23.7   0b1111111111111111    20190531T103149570874
 7     110     2.1638      0.0       0.0    -0.0012      0.4    0.8    -666.000   23.7   0b1111111111111111    20190531T103149571159
 8     110     2.1764      0.3       0.8     0.0001      0.2    0.8   26116.200   23.7   0b1111111111111111    20190531T103149571445
 9     110     2.1615      0.0       0.0    -0.0002      0.4    0.8    -666.000   23.7   0b1111111111111111    20190531T103149571750
10     110     2.1758      0.2       0.8     0.0008      0.0    0.0    2610.990   23.7   0b1111111111111111    20190531T103149572038
11     110     2.1763      0.3       0.8    -0.0008      0.0    0.0    -666.000   23.7   0b1111111111111111    20190531T103149572341
12     110     2.1628      0.3       0.7     0.0004      0.4    0.8    5190.840   23.7   0b1111111111111111    20190531T103149572647
13     110     2.1683      0.0       0.0    -0.0009      0.3    0.8    -666.000   23.7   0b1111111111111111    20190531T103149572930
14     110     2.1810      0.0       0.0     0.0017      0.0    0.0    1308.600   23.7   0b1111111111111111    20190531T103149573211
15     110     2.1803      0.0       0.0     0.0000      0.0    0.0    -666.000   23.7   0b1111111111111111    20190531T103149573491
 0     100     2.1412      0.0       0.0     0.0008      0.0    0.0    2569.500   23.7   0b1111111111111111    20190531T103153047553
 1     100     2.1322      0.0       0.0     0.0009      0.3    0.8    2326.091   23.7   0b1111111111111111    20190531T103153047946
 2     100     2.1375      0.0       0.0     0.0008      0.0    0.0    2565.000   23.7   0b1111111111111111    20190531T103153048257
 3     100     2.1316      0.3       0.8     0.0018      0.3    0.8    1162.718   23.7   0b1111111111111111    20190531T103153048609
 4     100     2.1270      0.0       0.0     0.0008      0.0    0.0    2552.400   23.7   0b1111111111111111    20190531T103153048906
 5     100     2.1142      0.0       0.0    -0.0024      0.2    0.8    -666.000   23.7   0b1111111111111111    20190531T103153049194
 6     100     2.1232      0.0       0.0     0.0018      0.2    0.8    1213.286   23.7   0b1111111111111111    20190531T103153049552
 7     100     2.1155      0.3       0.8    -0.0011      0.4    0.8    -666.000   23.7   0b1111111111111111    20190531T103153049899
 8     100     2.1285      0.0       0.0     0.0000      0.0    0.0    -666.000   23.7   0b1111111111111111    20190531T103153050192
 9     100     2.1134      0.2       0.7    -0.0004      0.4    0.8    -666.000   23.7   0b1111111111111111    20190531T103153050544
10     100     2.1281      0.4       0.8     0.0007      0.2    0.8    2837.500   23.7   0b1111111111111111    20190531T103153050838
11     100     2.1285      0.0       0.0    -0.0008      0.0    0.0    -666.000   23.7   0b1111111111111111    20190531T103153051155
12     100     2.1142      0.0       0.0     0.0002      0.4    0.8    8457.000   23.7   0b1111111111111111    20190531T103153051508
13     100     2.1199      0.4       0.8    -0.0013      0.4    0.8    -666.000   23.7   0b1111111111111111    20190531T103153051798
14     100     2.1322      0.0       0.0     0.0017      0.0    0.0    1279.350   23.7   0b1111111111111111    20190531T103153052081
15     100     2.1315      0.0       0.0     0.0000      0.0    0.0    -666.000   23.7   0b1111111111111111    20190531T103153052361
 0      90     2.0925      0.0       0.0     0.0008      0.0    0.0    2511.000   23.7   0b1111111111111111    20190531T103156508553
 1      90     2.0835      0.0       0.0     0.0009      0.3    0.8    2272.909   23.7   0b1111111111111111    20190531T103156509100
 2      90     2.0888      0.0       0.0     0.0008      0.0    0.0    2506.500   23.7   0b1111111111111111    20190531T103156509430
 3      90     2.0834      0.2       0.8     0.0017      0.0    0.0    1250.055   23.7   0b1111111111111111    20190531T103156509793
 4      90     2.0781      0.3       0.8     0.0008      0.0    0.0    2493.720   23.7   0b1111111111111111    20190531T103156510097
 5      90     2.0655      0.0       0.0    -0.0025      0.0    0.0    -666.000   23.7   0b1111111111111111    20190531T103156510436
 6      90     2.0737      0.0       0.0     0.0018      0.2    0.8    1185.000   23.7   0b1111111111111111    20190531T103156510804
 7      90     2.0663      0.0       0.0    -0.0016      0.3    0.8    -666.000   23.7   0b1111111111111111    20190531T103156511127
 8      90     2.0805      0.0       0.0     0.0000      0.0    0.0    -666.000   23.7   0b1111111111111111    20190531T103156511418
 9      90     2.0648      0.0       0.0    -0.0005      0.4    0.8    -666.000   23.7   0b1111111111111111    20190531T103156511808
10      90     2.0798      0.0       0.0     0.0007      0.2    0.8    2773.000   23.7   0b1111111111111111    20190531T103156512102
11      90     2.0806      0.2       0.8    -0.0008      0.0    0.0    -666.000   23.7   0b1111111111111111    20190531T103156512386
12      90     2.0648      0.0       0.0     0.0000      0.0    0.0    -666.000   23.7   0b1111111111111111    20190531T103156512720
13      90     2.0712      0.4       0.8    -0.0015      0.3    0.8    -666.000   23.7   0b1111111111111111    20190531T103156513006
14      90     2.0835      0.0       0.0     0.0017      0.0    0.0    1250.100   23.7   0b1111111111111111    20190531T103156513289
15      90     2.0820      0.0       0.0    -0.0001      0.2    0.8    -666.000   23.7   0b1111111111111111    20190531T103156513789
 0      80     2.0422      0.0       0.0     0.0008      0.0    0.0    2450.700   23.7   0b1111111111111111    20190531T103159978343
 1      80     2.0332      0.0       0.0     0.0008      0.0    0.0    2439.900   23.7   0b1111111111111111    20190531T103159978803
 2      80     2.0385      0.0       0.0     0.0007      0.2    0.8    2718.000   23.7   0b1111111111111111    20190531T103159979128
 3      80     2.0326      0.3       0.7     0.0017      0.0    0.0    1219.590   23.7   0b1111111111111111    20190531T103159979428
 4      80     2.0272      0.0       0.0     0.0007      0.2    0.8    2703.000   23.7   0b1111111111111111    20190531T103159979743
 5      80     2.0149      0.4       0.8    -0.0026      0.3    0.8    -666.000   23.7   0b1111111111111111    20190531T103159980049
 6      80     2.0235      0.0       0.0     0.0017      0.0    0.0    1214.100   23.7   0b1111111111111111    20190531T103159980340
 7      80     2.0160      0.0       0.0    -0.0017      0.0    0.0    -666.000   23.7   0b1111111111111111    20190531T103159980647
 8      80     2.0302      0.0       0.0     0.0000      0.0    0.0    -666.000   23.7   0b1111111111111111    20190531T103159980934
 9      80     2.0148      0.4       0.8    -0.0005      0.4    0.8    -666.000   23.7   0b1111111111111111    20190531T103159981215
10      80     2.0302      0.0       0.0     0.0008      0.0    0.0    2436.300   23.7   0b1111111111111111    20190531T103159981497
11      80     2.0304      0.3       0.8    -0.0008      0.0    0.0    -666.000   23.7   0b1111111111111111    20190531T103159981800
12      80     2.0147      0.3       0.8     0.0000      0.0    0.0    -666.000   23.7   0b1111111111111111    20190531T103159982082
13      80     2.0205      0.0       0.0    -0.0017      0.0    0.0    -666.000   23.7   0b1111111111111111    20190531T103159982387
14      80     2.0332      0.0       0.0     0.0015      0.3    0.8    1355.500   23.7   0b1111111111111111    20190531T103159982690
15      80     2.0317      0.0       0.0    -0.0002      0.4    0.8    -666.000   23.7   0b1111111111111111    20190531T103159982972
 0      70     1.9913      0.2       0.8     0.0008      0.0    0.0    2389.590   23.7   0b1111111111111111    20190531T103203442829
 1      70     1.9823      0.0       0.0     0.0008      0.0    0.0    2378.700   23.7   0b1111111111111111    20190531T103203443232
 2      70     1.9874      0.2       0.8     0.0007      0.3    0.8    2981.138   23.7   0b1111111111111111    20190531T103203443706
 3      70     1.9823      0.0       0.0     0.0017      0.0    0.0    1189.350   23.7   0b1111111111111111    20190531T103203444051
 4      70     1.9770      0.0       0.0     0.0006      0.4    0.8    3389.143   23.7   0b1111111111111111    20190531T103203444347
 5      70     1.9650      0.0       0.0    -0.0026      0.3    0.8    -666.000   23.7   0b1111111111111111    20190531T103203444710
 6      70     1.9733      0.0       0.0     0.0016      0.3    0.8    1246.263   23.7   0b1111111111111111    20190531T103203445002
 7      70     1.9657      0.0       0.0    -0.0015      0.3    0.8    -666.000   23.7   0b1111111111111111    20190531T103203445339
 8      70     1.9808      0.0       0.0     0.0000      0.0    0.0    -666.000   23.7   0b1111111111111111    20190531T103203445687
 9      70     1.9650      0.0       0.0    -0.0007      0.3    0.8    -666.000   23.7   0b1111111111111111    20190531T103203445973
10      70     1.9800      0.0       0.0     0.0004      0.4    0.8    4752.000   23.7   0b1111111111111111    20190531T103203446256
11      70     1.9808      0.0       0.0    -0.0009      0.3    0.8    -666.000   23.7   0b1111111111111111    20190531T103203446594
12      70     1.9643      0.0       0.0     0.0001      0.2    0.8   23571.000   23.7   0b1111111111111111    20190531T103203446880
13      70     1.9703      0.0       0.0    -0.0016      0.3    0.8    -666.000   23.7   0b1111111111111111    20190531T103203447161
14      70     1.9830      0.0       0.0     0.0013      0.4    0.8    1487.250   23.7   0b1111111111111111    20190531T103203447509
15      70     1.9815      0.0       0.0    -0.0005      0.4    0.8    -666.000   23.7   0b1111111111111111    20190531T103203447662
 0      60     1.9396      0.2       0.8     0.0008      0.0    0.0    2327.490   23.7   0b1111111111111111    20190531T103206895235
 1      60     1.9320      0.0       0.0     0.0008      0.0    0.0    2318.400   23.7   0b1111111111111111    20190531T103206895633
 2      60     1.9364      0.3       0.8     0.0008      0.0    0.0    2323.620   23.7   0b1111111111111111    20190531T103206896044
 3      60     1.9312      0.0       0.0     0.0017      0.0    0.0    1158.750   23.7   0b1111111111111111    20190531T103206896348
 4      60     1.9260      0.0       0.0     0.0007      0.3    0.8    2889.000   23.7   0b1111111111111111    20190531T103206896689
 5      60     1.9148      0.0       0.0    -0.0025      0.0    0.0    -666.000   23.7   0b1111111111111111    20190531T103206897000
 6      60     1.9222      0.0       0.0     0.0017      0.0    0.0    1153.350   23.7   0b1111111111111111    20190531T103206897288
 7      60     1.9148      0.0       0.0    -0.0017      0.0    0.0    -666.000   23.7   0b1111111111111111    20190531T103206897572
 8      60     1.9305      0.0       0.0     0.0000      0.0    0.0    -666.000   23.7   0b1111111111111111    20190531T103206897848
 9      60     1.9148      0.0       0.0    -0.0008      0.0    0.0    -666.000   23.7   0b1111111111111111    20190531T103206897987
10      60     1.9290      0.0       0.0     0.0003      0.4    0.8    5787.000   23.7   0b1111111111111111    20190531T103206898138
11      60     1.9312      0.0       0.0    -0.0012      0.4    0.8    -666.000   23.7   0b1111111111111111    20190531T103206898290
12      60     1.9136      0.4       0.8     0.0000      0.0    0.0    -666.000   23.7   0b1111111111111111    20190531T103206898428
13      60     1.9200      0.0       0.0    -0.0017      0.0    0.0    -666.000   23.7   0b1111111111111111    20190531T103206898564
14      60     1.9320      0.0       0.0     0.0013      0.4    0.8    1449.000   23.7   0b1111111111111111    20190531T103206898734
15      60     1.9312      0.0       0.0    -0.0004      0.4    0.8    -666.000   23.7   0b1111111111111111    20190531T103206898874
 0      50     1.8875      0.4       0.8     0.0007      0.3    0.8    2831.175   23.7   0b1111111111111111    20190531T103210364542
 1      50     1.8795      0.0       0.0     0.0008      0.0    0.0    2255.400   23.7   0b1111111111111111    20190531T103210364946
 2      50     1.8840      0.0       0.0     0.0005      0.4    0.8    3768.000   23.7   0b1111111111111111    20190531T103210365261
 3      50     1.8795      0.0       0.0     0.0016      0.3    0.8    1187.053   23.7   0b1111111111111111    20190531T103210365579
 4      50     1.8750      0.0       0.0     0.0002      0.4    0.8    7500.000   23.7   0b1111111111111111    20190531T103210365874
 5      50     1.8645      0.0       0.0    -0.0027      0.3    0.8    -666.000   23.7   0b1111111111111111    20190531T103210366159
 6      50     1.8720      0.0       0.0     0.0017      0.0    0.0    1123.200   23.7   0b1111111111111111    20190531T103210366445
 7      50     1.8645      0.0       0.0    -0.0017      0.0    0.0    -666.000   23.7   0b1111111111111111    20190531T103210366748
 8      50     1.8803      0.0       0.0    -0.0001      0.2    0.8    -666.000   23.7   0b1111111111111111    20190531T103210367032
 9      50     1.8645      0.0       0.0    -0.0008      0.0    0.0    -666.000   23.7   0b1111111111111111    20190531T103210367313
10      50     1.8780      0.0       0.0     0.0001      0.2    0.8   22536.000   23.7   0b1111111111111111    20190531T103210367628
11      50     1.8803      0.0       0.0    -0.0014      0.4    0.8    -666.000   23.7   0b1111111111111111    20190531T103210367794
12      50     1.8636      0.3       0.8     0.0000      0.0    0.0    -666.000   23.7   0b1111111111111111    20190531T103210367931
13      50     1.8690      0.0       0.0    -0.0017      0.0    0.0    -666.000   23.7   0b1111111111111111    20190531T103210368067
14      50     1.8810      0.0       0.0     0.0010      0.3    0.8    1881.000   23.7   0b1111111111111111    20190531T103210368204
15      50     1.8803      0.0       0.0    -0.0006      0.4    0.8    -666.000   23.7   0b1111111111111111    20190531T103210368341
 0      40     1.8349      0.4       0.8     0.0004      0.4    0.8    4403.700   23.7   0b1111111111111111    20190531T103213844168
 1      40     1.8278      0.0       0.0     0.0008      0.0    0.0    2193.300   23.7   0b1111111111111111    20190531T103213844667
 2      40     1.8315      0.0       0.0     0.0003      0.4    0.8    5494.500   23.7   0b1111111111111111    20190531T103213845010
 3      40     1.8270      0.0       0.0     0.0014      0.4    0.8    1289.647   23.7   0b1111111111111111    20190531T103213845312
 4      40     1.8240      0.0       0.0     0.0002      0.3    0.8   10944.000   23.7   0b1111111111111111    20190531T103213845672
 5      40     1.8135      0.0       0.0    -0.0026      0.3    0.8    -666.000   23.7   0b1111111111111111    20190531T103213845967
 6      40     1.8210      0.0       0.0     0.0017      0.0    0.0    1092.600   23.7   0b1111111111111111    20190531T103213846257
 7      40     1.8143      0.0       0.0    -0.0017      0.0    0.0    -666.000   23.7   0b1111111111111111    20190531T103213846594
 8      40     1.8285      0.0       0.0    -0.0004      0.4    0.8    -666.000   23.7   0b1111111111111111    20190531T103213846887
 9      40     1.8143      0.0       0.0    -0.0008      0.0    0.0    -666.000   23.7   0b1111111111111111    20190531T103213847172
10      40     1.8278      0.0       0.0     0.0000      0.0    0.0    -666.000   23.7   0b1111111111111111    20190531T103213847453
11      40     1.8293      0.0       0.0    -0.0013      0.4    0.8    -666.000   23.7   0b1111111111111111    20190531T103213847729
12      40     1.8128      0.0       0.0    -0.0001      0.2    0.8    -666.000   23.7   0b1111111111111111    20190531T103213847868
13      40     1.8180      0.0       0.0    -0.0017      0.0    0.0    -666.000   23.7   0b1111111111111111    20190531T103213848004
14      40     1.8293      0.0       0.0     0.0009      0.3    0.8    1995.545   23.7   0b1111111111111111    20190531T103213848141
15      40     1.8292      0.2       0.8    -0.0006      0.4    0.8    -666.000   23.7   0b1111111111111111    20190531T103213848277
 0      30     1.7843      0.0       0.0     0.0006      0.4    0.8    3058.714   23.7   0b1111111111111111    20190531T103217314609
 1      30     1.7768      0.0       0.0     0.0007      0.3    0.8    2665.125   23.7   0b1111111111111111    20190531T103217315021
 2      30     1.7810      0.3       0.8     0.0002      0.3    0.8   10686.150   23.7   0b1111111111111111    20190531T103217315339
 3      30     1.7768      0.0       0.0     0.0013      0.4    0.8    1421.400   23.7   0b1111111111111111    20190531T103217315710
 4      30     1.7745      0.0       0.0     0.0000      0.0    0.0    -666.000   23.7   0b1111111111111111    20190531T103217316008
 5      30     1.7640      0.0       0.0    -0.0027      0.4    0.8    -666.000   23.7   0b1111111111111111    20190531T103217316294
 6      30     1.7713      0.3       0.8     0.0015      0.3    0.8    1180.850   23.7   0b1111111111111111    20190531T103217316632
 7      30     1.7641      0.3       0.8    -0.0017      0.0    0.0    -666.000   23.7   0b1111111111111111    20190531T103217316920
 8      30     1.7805      0.0       0.0    -0.0004      0.4    0.8    -666.000   23.7   0b1111111111111111    20190531T103217317301
 9      30     1.7656      0.3       0.8    -0.0008      0.0    0.0    -666.000   23.7   0b1111111111111111    20190531T103217317710
10      30     1.7797      0.0       0.0     0.0001      0.2    0.8   21357.000   23.7   0b1111111111111111    20190531T103217317951
11      30     1.7812      0.0       0.0    -0.0017      0.0    0.0    -666.000   23.7   0b1111111111111111    20190531T103217318170
12      30     1.7625      0.0       0.0     0.0000      0.0    0.0    -666.000   23.7   0b1111111111111111    20190531T103217318420
13      30     1.7685      0.0       0.0    -0.0017      0.0    0.0    -666.000   23.7   0b1111111111111111    20190531T103217318642
14      30     1.7790      0.0       0.0     0.0009      0.3    0.8    1940.727   23.7   0b1111111111111111    20190531T103217318939
15      30     1.7790      0.0       0.0    -0.0007      0.2    0.8    -666.000   23.7   0b1111111111111111    20190531T103217319183
 0      20     1.7325      0.0       0.0     0.0002      0.3    0.8   10395.000   23.7   0b1111111111111111    20190531T103220765943
 1      20     1.7258      0.0       0.0     0.0002      0.4    0.8    6903.000   23.7   0b1111111111111111    20190531T103220766355
 2      20     1.7295      0.0       0.0     0.0000      0.0    0.0    -666.000   23.7   0b1111111111111111    20190531T103220766764
 3      20     1.7254      0.4       0.8     0.0011      0.4    0.8    1592.723   23.7   0b1111111111111111    20190531T103220767069
 4      20     1.7243      0.0       0.0     0.0001      0.2    0.8   20691.000   23.7   0b1111111111111111    20190531T103220767361
 5      20     1.7145      0.0       0.0    -0.0029      0.4    0.8    -666.000   23.7   0b1111111111111111    20190531T103220767723
 6      20     1.7212      0.0       0.0     0.0015      0.3    0.8    1147.500   23.7   0b1111111111111111    20190531T103220768014
 7      20     1.7145      0.0       0.0    -0.0017      0.2    0.8    -666.000   23.7   0b1111111111111111    20190531T103220768298
 8      20     1.7310      0.0       0.0    -0.0006      0.4    0.8    -666.000   23.7   0b1111111111111111    20190531T103220768684
 9      20     1.7167      0.0       0.0    -0.0009      0.3    0.8    -666.000   23.7   0b1111111111111111    20190531T103220768976
10      20     1.7296      0.2       0.8     0.0000      0.0    0.0    -666.000   23.7   0b1111111111111111    20190531T103220769259
11      20     1.7317      0.2       0.7    -0.0016      0.3    0.8    -666.000   23.7   0b1111111111111111    20190531T103220769604
12      20     1.7130      0.0       0.0    -0.0002      0.3    0.8    -666.000   23.7   0b1111111111111111    20190531T103220769894
13      20     1.7182      0.0       0.0    -0.0017      0.2    0.8    -666.000   23.7   0b1111111111111111    20190531T103220770175
14      20     1.7288      0.0       0.0     0.0008      0.0    0.0    2074.500   23.7   0b1111111111111111    20190531T103220770515
15      20     1.7288      0.0       0.0    -0.0008      0.0    0.0    -666.000   23.7   0b1111111111111111    20190531T103220770801
 0      10     1.6815      0.0       0.0     0.0001      0.2    0.8   20178.000   23.7   0b1111111111111111    20190531T103224245168
 1      10     1.6747      0.0       0.0     0.0001      0.2    0.8   20097.000   23.7   0b1111111111111111    20190531T103224245628
 2      10     1.6778      0.2       0.8     0.0000      0.0    0.0    -666.000   23.7   0b1111111111111111    20190531T103224245944
 3      10     1.6746      0.3       0.8     0.0009      0.3    0.8    1826.836   23.7   0b1111111111111111    20190531T103224246241
 4      10     1.6740      0.0       0.0     0.0000      0.0    0.0    -666.000   23.7   0b1111111111111111    20190531T103224246602
 5      10     1.6649      0.2       0.7    -0.0033      0.3    0.8    -666.000   23.7   0b1111111111111111    20190531T103224246894
 6      10     1.6717      0.0       0.0     0.0014      0.4    0.8    1180.059   23.7   0b1111111111111111    20190531T103224247182
 7      10     1.6650      0.0       0.0    -0.0017      0.0    0.0    -666.000   23.7   0b1111111111111111    20190531T103224247521
 8      10     1.6812      0.4       0.8    -0.0004      0.4    0.8    -666.000   23.7   0b1111111111111111    20190531T103224247809
 9      10     1.6680      0.0       0.0    -0.0008      0.0    0.0    -666.000   23.7   0b1111111111111111    20190531T103224248092
10      10     1.6802      0.3       0.8     0.0000      0.0    0.0    -666.000   23.7   0b1111111111111111    20190531T103224248469
11      10     1.6816      0.2       0.7    -0.0017      0.0    0.0    -666.000   23.7   0b1111111111111111    20190531T103224248759
12      10     1.6635      0.0       0.0    -0.0004      0.4    0.8    -666.000   23.7   0b1111111111111111    20190531T103224249041
13      10     1.6682      0.3       0.8    -0.0017      0.0    0.0    -666.000   23.7   0b1111111111111111    20190531T103224249383
14      10     1.6786      0.2       0.8     0.0008      0.0    0.0    2014.290   23.7   0b1111111111111111    20190531T103224249671
15      10     1.6785      0.0       0.0    -0.0008      0.0    0.0    -666.000   23.7   0b1111111111111111    20190531T103224249952
 0       0     1.6298      0.0       0.0     0.0000      0.0    0.0    -666.000   23.7   0b1111111111111111    20190531T103227701451
 1       0     1.6237      0.0       0.0     0.0000      0.0    0.0    -666.000   23.7   0b1111111111111111    20190531T103227701918
 2       0     1.6267      0.0       0.0     0.0000      0.0    0.0    -666.000   23.7   0b1111111111111111    20190531T103227702243
 3       0     1.6237      0.0       0.0     0.0009      0.3    0.8    1771.364   23.7   0b1111111111111111    20190531T103227702546
 4       0     1.6237      0.0       0.0     0.0000      0.0    0.0    -666.000   23.7   0b1111111111111111    20190531T103227702885
 5       0     1.6148      0.0       0.0    -0.0033      0.3    0.8    -666.000   23.7   0b1111111111111111    20190531T103227703178
 6       0     1.6215      0.0       0.0     0.0010      0.3    0.8    1621.500   23.7   0b1111111111111111    20190531T103227703469
 7       0     1.6155      0.0       0.0    -0.0018      0.3    0.8    -666.000   23.7   0b1111111111111111    20190531T103227703808
 8       0     1.6313      0.0       0.0    -0.0007      0.3    0.8    -666.000   23.7   0b1111111111111111    20190531T103227704101
 9       0     1.6185      0.0       0.0    -0.0008      0.0    0.0    -666.000   23.7   0b1111111111111111    20190531T103227704430
10       0     1.6306      0.2       0.8     0.0000      0.0    0.0    -666.000   23.7   0b1111111111111111    20190531T103227704785
11       0     1.6313      0.0       0.0    -0.0017      0.0    0.0    -666.000   23.7   0b1111111111111111    20190531T103227705075
12       0     1.6133      0.0       0.0    -0.0005      0.4    0.8    -666.000   23.7   0b1111111111111111    20190531T103227705358
13       0     1.6178      0.2       0.8    -0.0018      0.3    0.8    -666.000   23.7   0b1111111111111111    20190531T103227705665
14       0     1.6282      0.0       0.0     0.0008      0.0    0.0    1953.900   23.7   0b1111111111111111    20190531T103227705975
15       0     1.6282      0.0       0.0    -0.0008      0.0    0.0    -666.000   23.7   0b1111111111111111    20190531T103227706256
