CH# Vset[DAC]   V[V]    dVRMS[mV] dVpp[mV]    I[A]  dIRMS[mA] dIpp[mA]   R[ohm]   T[C]   State                Timestamp
 0     250     2.8369      0.4       0.8     0.5564      3.2   10.8       5.098   24.6   0b1111111111111111    20181018T184211131960
 1     250     2.6938      0.7       1.5     2.5511      0.7    1.7       1.056   24.6   0b1111111111111111    20181018T184211132377
 2     250     2.8380      0.0       0.0     0.5563      2.6    9.2       5.101   24.6   0b1111111111111111    20181018T184211132676
 3     250     2.6970      0.6       1.5     2.5353      0.8    2.5       1.064   24.6   0b1111111111111111    20181018T184211132990
 4     250     2.8373      0.0       0.0     0.5599      2.2    8.3       5.067   24.6   0b1111111111111111    20181018T184211133278
 5     250     2.6947      0.6       1.5     2.5328      0.9    2.5       1.064   24.6   0b1111111111111111    20181018T184211133563
 6     250     2.8328      0.0       0.0     0.5600      1.7    5.0       5.058   24.6   0b1111111111111111    20181018T184211133866
 7     250     2.6979      0.7       2.3     2.5442      0.6    1.7       1.060   24.6   0b1111111111111111    20181018T184211134151
 8     250     2.8585      0.3       0.7     0.5649      4.2   14.2       5.060   24.6   0b1111111111111111    20181018T184211134477
 9     250     2.6843      0.4       1.5     2.5299      0.8    2.5       1.061   24.6   0b1111111111111111    20181018T184211134785
10     250     2.8547      0.3       0.8     0.5624      2.9    9.2       5.076   24.6   0b1111111111111111    20181018T184211135067
11     250     2.6876      0.4       0.8     2.5279      0.7    2.5       1.063   24.6   0b1111111111111111    20181018T184211135347
12     250     2.8747      0.2       0.7     0.5687      2.9   10.0       5.054   24.6   0b1111111111111111    20181018T184211135626
13     250     2.6855      0.5       1.5     2.5218      0.8    2.5       1.065   24.6   0b1111111111111111    20181018T184211135928
14     250     2.8650      0.0       0.0     0.5628      3.1   10.8       5.090   24.6   0b1111111111111111    20181018T184211136209
15     250     2.6838      0.4       0.8     2.5206      0.4    0.8       1.065   24.6   0b1111111111111111    20181018T184211136490
 0     240     2.7915      0.0       0.0     0.5485      1.3    4.2       5.089   24.8   0b1111111111111111    20181018T184214574237
 1     240     2.6869      0.4       0.7     2.5448      0.6    1.7       1.056   24.8   0b1111111111111111    20181018T184214574633
 2     240     2.7922      0.0       0.0     0.5486      1.2    3.3       5.090   24.8   0b1111111111111111    20181018T184214574932
 3     240     2.6901      0.5       1.5     2.5293      0.7    1.7       1.064   24.8   0b1111111111111111    20181018T184214575246
 4     240     2.7915      0.0       0.0     0.5526      1.1    4.2       5.052   24.8   0b1111111111111111    20181018T184214575533
 5     240     2.6882      0.3       0.8     2.5268      0.4    1.7       1.064   24.8   0b1111111111111111    20181018T184214575819
 6     240     2.7870      0.0       0.0     0.5508      1.1    4.2       5.060   24.8   0b1111111111111111    20181018T184214576124
 7     240     2.6920      0.4       0.8     2.5388      0.6    1.7       1.060   24.8   0b1111111111111111    20181018T184214576409
 8     240     2.8200      0.0       0.0     0.5572      2.6    8.3       5.061   24.8   0b1111111111111111    20181018T184214576690
 9     240     2.6812      0.0       0.0     2.5275      0.4    1.7       1.061   24.8   0b1111111111111111    20181018T184214576968
10     240     2.8133      0.0       0.0     0.5538      1.9    5.8       5.080   24.8   0b1111111111111111    20181018T184214577224
11     240     2.6850      0.0       0.0     2.5259      0.4    1.7       1.063   24.8   0b1111111111111111    20181018T184214577381
12     240     2.8395      0.0       0.0     0.5613      2.4    9.2       5.059   24.8   0b1111111111111111    20181018T184214577518
13     240     2.6830      0.3       0.8     2.5197      0.6    1.7       1.065   24.8   0b1111111111111111    20181018T184214577654
14     240     2.8260      0.0       0.0     0.5560      2.0    6.7       5.083   24.8   0b1111111111111111    20181018T184214577797
15     240     2.6812      0.0       0.0     2.5185      0.6    1.7       1.065   24.8   0b1111111111111111    20181018T184214577933
 0     230     2.7456      0.3       0.8     0.5391      0.8    2.5       5.093   25.0   0b1111111111111111    20181018T184218010792
 1     230     2.6769      0.3       0.8     2.5353      0.6    1.7       1.056   25.0   0b1111111111111111    20181018T184218011210
 2     230     2.7465      0.0       0.0     0.5388      0.6    1.7       5.097   25.0   0b1111111111111111    20181018T184218011512
 3     230     2.6799      0.3       0.7     2.5200      0.4    1.7       1.063   25.0   0b1111111111111111    20181018T184218011804
 4     230     2.7460      0.3       0.7     0.5429      0.8    2.5       5.058   25.0   0b1111111111111111    20181018T184218012116
 5     230     2.6787      0.4       0.8     2.5184      0.3    0.8       1.064   25.0   0b1111111111111111    20181018T184218012407
 6     230     2.7413      0.2       0.8     0.5427      0.6    1.7       5.052   25.0   0b1111111111111111    20181018T184218012691
 7     230     2.6833      0.3       0.8     2.5311      0.7    1.7       1.060   25.0   0b1111111111111111    20181018T184218012973
 8     230     2.7750      0.0       0.0     0.5477      1.0    3.3       5.067   25.0   0b1111111111111111    20181018T184218013314
 9     230     2.6756      0.4       0.7     2.5221      0.4    0.8       1.061   25.0   0b1111111111111111    20181018T184218013600
10     230     2.7673      0.3       0.7     0.5443      0.9    3.3       5.084   25.0   0b1111111111111111    20181018T184218013883
11     230     2.6801      0.4       0.7     2.5215      0.6    1.7       1.063   25.0   0b1111111111111111    20181018T184218014187
12     230     2.7950      0.3       0.8     0.5518      1.2    4.2       5.065   25.0   0b1111111111111111    20181018T184218014471
13     230     2.6781      0.3       0.7     2.5152      0.7    1.7       1.065   25.0   0b1111111111111111    20181018T184218014751
14     230     2.7810      0.0       0.0     0.5469      0.7    1.7       5.085   25.0   0b1111111111111111    20181018T184218015051
15     230     2.6764      0.4       0.8     2.5143      0.3    0.8       1.065   25.0   0b1111111111111111    20181018T184218015334
 0     220     2.6995      0.4       0.8     0.5308      0.5    1.7       5.085   25.1   0b1111111111111111    20181018T184221447874
 1     220     2.6588      0.2       0.7     2.5186      0.4    0.8       1.056   25.1   0b1111111111111111    20181018T184221448264
 2     220     2.6990      0.3       0.8     0.5297      0.6    1.7       5.096   25.1   0b1111111111111111    20181018T184221448561
 3     220     2.6618      0.2       0.8     2.5030      0.4    0.8       1.063   25.1   0b1111111111111111    20181018T184221448873
 4     220     2.6991      0.3       0.8     0.5339      0.5    1.7       5.055   25.1   0b1111111111111111    20181018T184221449161
 5     220     2.6625      0.0       0.0     2.5029      0.4    0.8       1.064   25.1   0b1111111111111111    20181018T184221449444
 6     220     2.6947      0.0       0.0     0.5336      0.4    0.8       5.050   25.1   0b1111111111111111    20181018T184221449727
 7     220     2.6685      0.0       0.0     2.5175      0.4    1.7       1.060   25.1   0b1111111111111111    20181018T184221450029
 8     220     2.7269      0.3       0.7     0.5386      0.7    2.5       5.063   25.1   0b1111111111111111    20181018T184221450313
 9     220     2.6651      0.4       0.8     2.5123      0.6    1.7       1.061   25.1   0b1111111111111111    20181018T184221450594
10     220     2.7180      0.0       0.0     0.5349      0.8    2.5       5.081   25.1   0b1111111111111111    20181018T184221450900
11     220     2.6707      0.0       0.0     2.5128      0.4    0.8       1.063   25.1   0b1111111111111111    20181018T184221451216
12     220     2.7458      0.0       0.0     0.5432      0.9    3.3       5.055   25.1   0b1111111111111111    20181018T184221451498
13     220     2.6687      0.3       0.8     2.5065      0.3    0.8       1.065   25.1   0b1111111111111111    20181018T184221451815
14     220     2.7336      0.3       0.8     0.5373      0.7    2.5       5.088   25.1   0b1111111111111111    20181018T184221452099
15     220     2.6673      0.4       0.8     2.5057      0.5    1.7       1.065   25.1   0b1111111111111111    20181018T184221452379
 0     210     2.6519      0.2       0.8     0.5213      0.4    0.8       5.087   25.3   0b1111111111111111    20181018T184224885708
 1     210     2.6280      0.0       0.0     2.4889      0.4    0.8       1.056   25.3   0b1111111111111111    20181018T184224886136
 2     210     2.6507      0.3       0.8     0.5201      0.4    1.7       5.097   25.3   0b1111111111111111    20181018T184224886439
 3     210     2.6303      0.0       0.0     2.4732      0.5    1.7       1.064   25.3   0b1111111111111111    20181018T184224886729
 4     210     2.6513      0.0       0.0     0.5243      0.3    0.8       5.056   25.3   0b1111111111111111    20181018T184224887046
 5     210     2.6332      0.0       0.0     2.4753      0.4    0.8       1.064   25.3   0b1111111111111111    20181018T184224887264
 6     210     2.6468      0.2       0.8     0.5238      0.4    0.8       5.053   25.3   0b1111111111111111    20181018T184224887407
 7     210     2.6415      0.0       0.0     2.4917      0.0    0.0       1.060   25.3   0b1111111111111111    20181018T184224887545
 8     210     2.6775      0.0       0.0     0.5291      0.4    1.7       5.061   25.3   0b1111111111111111    20181018T184224887682
 9     210     2.6453      0.0       0.0     2.4937      0.4    0.8       1.061   25.3   0b1111111111111111    20181018T184224887818
10     210     2.6693      0.0       0.0     0.5252      0.5    1.7       5.082   25.3   0b1111111111111111    20181018T184224887955
11     210     2.6535      0.0       0.0     2.4969      0.4    0.8       1.063   25.3   0b1111111111111111    20181018T184224888106
12     210     2.6966      0.4       0.8     0.5333      0.6    1.7       5.057   25.3   0b1111111111111111    20181018T184224888245
13     210     2.6513      0.0       0.0     2.4903      0.4    0.8       1.065   25.3   0b1111111111111111    20181018T184224888381
14     210     2.6842      0.0       0.0     0.5274      0.6    1.7       5.089   25.3   0b1111111111111111    20181018T184224888518
15     210     2.6504      0.2       0.8     2.4899      0.4    1.7       1.064   25.3   0b1111111111111111    20181018T184224888654
 0     200     2.6033      0.2       0.8     0.5116      0.4    1.7       5.089   25.4   0b1111111111111111    20181018T184228316898
 1     200     2.5838      0.0       0.0     2.4472      0.4    0.8       1.056   25.4   0b1111111111111111    20181018T184228317296
 2     200     2.6025      0.0       0.0     0.5106      0.4    0.8       5.097   25.4   0b1111111111111111    20181018T184228317600
 3     200     2.5864      0.4       0.7     2.4317      0.0    0.0       1.064   25.4   0b1111111111111111    20181018T184228317911
 4     200     2.6032      0.0       0.0     0.5151      0.2    0.8       5.054   25.4   0b1111111111111111    20181018T184228318199
 5     200     2.5904      0.2       0.8     2.4349      0.3    0.8       1.064   25.4   0b1111111111111111    20181018T184228318482
 6     200     2.5992      0.4       0.8     0.5143      0.3    0.8       5.054   25.4   0b1111111111111111    20181018T184228318784
 7     200     2.5997      0.3       0.7     2.4523      0.3    0.8       1.060   25.4   0b1111111111111111    20181018T184228319070
 8     200     2.6280      0.0       0.0     0.5192      0.0    0.0       5.062   25.4   0b1111111111111111    20181018T184228319351
 9     200     2.6100      0.0       0.0     2.4601      0.2    0.8       1.061   25.4   0b1111111111111111    20181018T184228319630
10     200     2.6197      0.0       0.0     0.5157      0.2    0.8       5.079   25.4   0b1111111111111111    20181018T184228319967
11     200     2.6213      0.0       0.0     2.4665      0.3    0.8       1.063   25.4   0b1111111111111111    20181018T184228320251
12     200     2.6468      0.0       0.0     0.5233      0.4    1.7       5.057   25.4   0b1111111111111111    20181018T184228320546
13     200     2.6190      0.0       0.0     2.4600      0.0    0.0       1.065   25.4   0b1111111111111111    20181018T184228320851
14     200     2.6348      0.0       0.0     0.5176      0.3    0.8       5.090   25.4   0b1111111111111111    20181018T184228321133
15     200     2.6184      0.3       0.7     2.4600      0.0    0.0       1.064   25.4   0b1111111111111111    20181018T184228321412
 0     190     2.5565      0.3       0.8     0.5025      0.0    0.0       5.088   25.5   0b1111111111111111    20181018T184231753779
 1     190     2.5380      0.0       0.0     2.4043      0.2    0.8       1.056   25.5   0b1111111111111111    20181018T184231754222
 2     190     2.5574      0.3       0.8     0.5018      0.3    0.8       5.097   25.5   0b1111111111111111    20181018T184231754523
 3     190     2.5411      0.2       0.7     2.3893      0.3    0.8       1.064   25.5   0b1111111111111111    20181018T184231754814
 4     190     2.5574      0.2       0.8     0.5058      0.0    0.0       5.056   25.5   0b1111111111111111    20181018T184231755122
 5     190     2.5440      0.0       0.0     2.3914      0.4    0.8       1.064   25.5   0b1111111111111111    20181018T184231755409
 6     190     2.5530      0.0       0.0     0.5052      0.4    0.8       5.053   25.5   0b1111111111111111    20181018T184231755692
 7     190     2.5553      0.0       0.0     2.4100      0.0    0.0       1.060   25.5   0b1111111111111111    20181018T184231755971
 8     190     2.5813      0.3       0.7     0.5101      0.2    0.8       5.061   25.5   0b1111111111111111    20181018T184231756273
 9     190     2.5649      0.3       0.8     2.4176      0.3    0.8       1.061   25.5   0b1111111111111111    20181018T184231756597
10     190     2.5733      0.0       0.0     0.5067      0.0    0.0       5.079   25.5   0b1111111111111111    20181018T184231756885
11     190     2.5785      0.0       0.0     2.4262      0.4    0.8       1.063   25.5   0b1111111111111111    20181018T184231757184
12     190     2.6002      0.2       0.7     0.5142      0.3    0.8       5.056   25.5   0b1111111111111111    20181018T184231757321
13     190     2.5748      0.0       0.0     2.4185      0.3    0.8       1.065   25.5   0b1111111111111111    20181018T184231757457
14     190     2.5867      0.0       0.0     0.5082      0.3    0.8       5.090   25.5   0b1111111111111111    20181018T184231757593
15     190     2.5740      0.0       0.0     2.4182      0.3    0.8       1.064   25.5   0b1111111111111111    20181018T184231757729
 0     180     2.5087      0.2       0.8     0.4931      0.4    0.8       5.088   25.6   0b1111111111111111    20181018T184235193215
 1     180     2.4903      0.4       0.7     2.3589      0.4    0.8       1.056   25.6   0b1111111111111111    20181018T184235193601
 2     180     2.5090      0.3       0.8     0.4925      0.0    0.0       5.094   25.6   0b1111111111111111    20181018T184235193915
 3     180     2.4931      0.2       0.8     2.3441      0.3    0.8       1.064   25.6   0b1111111111111111    20181018T184235194204
 4     180     2.5095      0.0       0.0     0.4963      0.4    0.8       5.056   25.6   0b1111111111111111    20181018T184235194488
 5     180     2.4960      0.0       0.0     2.3466      0.3    0.8       1.064   25.6   0b1111111111111111    20181018T184235194785
 6     180     2.5050      0.0       0.0     0.4959      0.3    0.8       5.051   25.6   0b1111111111111111    20181018T184235195070
 7     180     2.5065      0.0       0.0     2.3645      0.4    0.8       1.060   25.6   0b1111111111111111    20181018T184235195352
 8     180     2.5320      0.0       0.0     0.5003      0.4    0.8       5.061   25.6   0b1111111111111111    20181018T184235195633
 9     180     2.5161      0.3       0.7     2.3717      0.0    0.0       1.061   25.6   0b1111111111111111    20181018T184235195926
10     180     2.5245      0.0       0.0     0.4967      0.0    0.0       5.083   25.6   0b1111111111111111    20181018T184235196208
11     180     2.5294      0.4       0.8     2.3799      0.3    0.8       1.063   25.6   0b1111111111111111    20181018T184235196539
12     180     2.5505      0.4       0.8     0.5044      0.4    0.8       5.056   25.6   0b1111111111111111    20181018T184235196875
13     180     2.5260      0.0       0.0     2.3726      0.3    0.8       1.065   25.6   0b1111111111111111    20181018T184235197160
14     180     2.5372      0.0       0.0     0.4984      0.3    0.8       5.091   25.6   0b1111111111111111    20181018T184235197441
15     180     2.5253      0.0       0.0     2.3722      0.4    0.8       1.064   25.6   0b1111111111111111    20181018T184235197719
 0     170     2.4603      0.4       0.8     0.4834      0.2    0.8       5.089   25.7   0b1111111111111111    20181018T184238628332
 1     170     2.4424      0.4       0.8     2.3132      0.3    0.8       1.056   25.7   0b1111111111111111    20181018T184238628737
 2     170     2.4608      0.0       0.0     0.4827      0.3    0.8       5.098   25.7   0b1111111111111111    20181018T184238629071
 3     170     2.4455      0.3       0.7     2.2991      0.3    0.8       1.064   25.7   0b1111111111111111    20181018T184238629367
 4     170     2.4615      0.0       0.0     0.4868      0.3    0.8       5.056   25.7   0b1111111111111111    20181018T184238629659
 5     170     2.4481      0.2       0.7     2.3013      0.4    0.8       1.064   25.7   0b1111111111111111    20181018T184238629968
 6     170     2.4577      0.2       0.8     0.4867      0.0    0.0       5.050   25.7   0b1111111111111111    20181018T184238630254
 7     170     2.4587      0.3       0.8     2.3192      0.0    0.0       1.060   25.7   0b1111111111111111    20181018T184238630537
 8     170     2.4825      0.0       0.0     0.4906      0.4    0.8       5.060   25.7   0b1111111111111111    20181018T184238630841
 9     170     2.4668      0.0       0.0     2.3250      0.0    0.0       1.061   25.7   0b1111111111111111    20181018T184238631142
10     170     2.4750      0.0       0.0     0.4871      0.4    0.8       5.081   25.7   0b1111111111111111    20181018T184238631450
11     170     2.4803      0.0       0.0     2.3334      0.2    0.8       1.063   25.7   0b1111111111111111    20181018T184238631733
12     170     2.5005      0.0       0.0     0.4946      0.4    0.8       5.056   25.7   0b1111111111111111    20181018T184238632038
13     170     2.4765      0.0       0.0     2.3260      0.3    0.8       1.065   25.7   0b1111111111111111    20181018T184238632320
14     170     2.4880      0.3       0.7     0.4889      0.4    0.8       5.089   25.7   0b1111111111111111    20181018T184238632599
15     170     2.4758      0.0       0.0     2.3258      0.0    0.0       1.064   25.7   0b1111111111111111    20181018T184238632897
 0     160     2.4120      0.0       0.0     0.4739      0.4    0.8       5.090   25.9   0b1111111111111111    20181018T184242064526
 1     160     2.3940      0.0       0.0     2.2674      0.3    0.8       1.056   25.9   0b1111111111111111    20181018T184242064954
 2     160     2.4124      0.4       0.7     0.4733      0.0    0.0       5.097   25.9   0b1111111111111111    20181018T184242065258
 3     160     2.3971      0.3       0.8     2.2541      0.3    0.8       1.063   25.9   0b1111111111111111    20181018T184242065552
 4     160     2.4135      0.0       0.0     0.4773      0.3    0.8       5.056   25.9   0b1111111111111111    20181018T184242065863
 5     160     2.4000      0.0       0.0     2.2559      0.3    0.8       1.064   25.9   0b1111111111111111    20181018T184242066151
 6     160     2.4090      0.0       0.0     0.4768      0.3    0.8       5.052   25.9   0b1111111111111111    20181018T184242066436
 7     160     2.4111      0.3       0.8     2.2740      0.3    0.8       1.060   25.9   0b1111111111111111    20181018T184242066719
 8     160     2.4330      0.0       0.0     0.4808      0.0    0.0       5.060   25.9   0b1111111111111111    20181018T184242067030
 9     160     2.4172      0.0       0.0     2.2784      0.3    0.8       1.061   25.9   0b1111111111111111    20181018T184242067357
10     160     2.4255      0.0       0.0     0.4773      0.3    0.8       5.081   25.9   0b1111111111111111    20181018T184242067654
11     160     2.4301      0.3       0.8     2.2867      0.0    0.0       1.063   25.9   0b1111111111111111    20181018T184242067957
12     160     2.4509      0.2       0.7     0.4847      0.4    0.8       5.057   25.9   0b1111111111111111    20181018T184242068242
13     160     2.4270      0.0       0.0     2.2793      0.3    0.8       1.065   25.9   0b1111111111111111    20181018T184242068521
14     160     2.4383      0.0       0.0     0.4790      0.3    0.8       5.090   25.9   0b1111111111111111    20181018T184242068821
15     160     2.4263      0.0       0.0     2.2792      0.0    0.0       1.065   25.9   0b1111111111111111    20181018T184242069102
 0     150     2.3665      0.3       0.8     0.4650      0.0    0.0       5.089   26.0   0b1111111111111111    20181018T184245501968
 1     150     2.3490      0.0       0.0     2.2248      0.3    0.8       1.056   26.0   0b1111111111111111    20181018T184245502369
 2     150     2.3669      0.2       0.8     0.4643      0.3    0.8       5.097   26.0   0b1111111111111111    20181018T184245502667
 3     150     2.3504      0.3       0.7     2.2094      0.4    0.8       1.064   26.0   0b1111111111111111    20181018T184245502982
 4     150     2.3678      0.0       0.0     0.4683      0.3    0.8       5.057   26.0   0b1111111111111111    20181018T184245503268
 5     150     2.3550      0.0       0.0     2.2133      0.0    0.0       1.064   26.0   0b1111111111111111    20181018T184245503552
 6     150     2.3633      0.0       0.0     0.4680      0.4    0.8       5.050   26.0   0b1111111111111111    20181018T184245503856
 7     150     2.3648      0.0       0.0     2.2302      0.3    0.8       1.060   26.0   0b1111111111111111    20181018T184245504170
 8     150     2.3850      0.0       0.0     0.4713      0.4    0.8       5.060   26.0   0b1111111111111111    20181018T184245504457
 9     150     2.3700      0.0       0.0     2.2342      0.0    0.0       1.061   26.0   0b1111111111111111    20181018T184245504738
10     150     2.3780      0.3       0.8     0.4683      0.3    0.8       5.079   26.0   0b1111111111111111    20181018T184245505099
11     150     2.3835      0.0       0.0     2.2426      0.3    0.8       1.063   26.0   0b1111111111111111    20181018T184245505390
12     150     2.4022      0.0       0.0     0.4750      0.0    0.0       5.057   26.0   0b1111111111111111    20181018T184245505673
13     150     2.3794      0.4       0.7     2.2349      0.2    0.8       1.065   26.0   0b1111111111111111    20181018T184245505979
14     150     2.3910      0.0       0.0     0.4698      0.4    0.8       5.090   26.0   0b1111111111111111    20181018T184245506260
15     150     2.3798      0.0       0.0     2.2356      0.4    0.8       1.064   26.0   0b1111111111111111    20181018T184245506539
 0     140     2.3188      0.3       0.8     0.4557      0.3    0.8       5.089   26.1   0b1111111111111111    20181018T184248939056
 1     140     2.3017      0.0       0.0     2.1793      0.3    0.8       1.056   26.1   0b1111111111111111    20181018T184248939457
 2     140     2.3188      0.3       0.8     0.4549      0.2    0.8       5.097   26.1   0b1111111111111111    20181018T184248939756
 3     140     2.3025      0.0       0.0     2.1648      0.3    0.8       1.064   26.1   0b1111111111111111    20181018T184248940071
 4     140     2.3200      0.4       0.8     0.4588      0.4    0.8       5.056   26.1   0b1111111111111111    20181018T184248940362
 5     140     2.3077      0.0       0.0     2.1687      0.4    0.8       1.064   26.1   0b1111111111111111    20181018T184248940646
 6     140     2.3159      0.2       0.8     0.4584      0.3    0.8       5.052   26.1   0b1111111111111111    20181018T184248940926
 7     140     2.3167      0.0       0.0     2.1851      0.3    0.8       1.060   26.1   0b1111111111111111    20181018T184248941228
 8     140     2.3355      0.0       0.0     0.4616      0.3    0.8       5.060   26.1   0b1111111111111111    20181018T184248941523
 9     140     2.3212      0.0       0.0     2.1882      0.3    0.8       1.061   26.1   0b1111111111111111    20181018T184248941864
10     140     2.3287      0.0       0.0     0.4582      0.2    0.8       5.082   26.1   0b1111111111111111    20181018T184248942172
11     140     2.3340      0.0       0.0     2.1965      0.3    0.8       1.063   26.1   0b1111111111111111    20181018T184248942455
12     140     2.3527      0.0       0.0     0.4651      0.2    0.8       5.059   26.1   0b1111111111111111    20181018T184248942734
13     140     2.3302      0.0       0.0     2.1887      0.4    0.8       1.065   26.1   0b1111111111111111    20181018T184248943038
14     140     2.3415      0.0       0.0     0.4599      0.2    0.8       5.091   26.1   0b1111111111111111    20181018T184248943321
15     140     2.3310      0.0       0.0     2.1892      0.0    0.0       1.065   26.1   0b1111111111111111    20181018T184248943599
 0     130     2.2710      0.0       0.0     0.4459      0.2    0.8       5.093   26.2   0b1111111111111111    20181018T184252376514
 1     130     2.2538      0.0       0.0     2.1342      0.0    0.0       1.056   26.2   0b1111111111111111    20181018T184252376857
 2     130     2.2709      0.2       0.8     0.4456      0.4    0.8       5.097   26.2   0b1111111111111111    20181018T184252377108
 3     130     2.2553      0.0       0.0     2.1200      0.0    0.0       1.064   26.2   0b1111111111111111    20181018T184252377348
 4     130     2.2725      0.0       0.0     0.4493      0.3    0.8       5.057   26.2   0b1111111111111111    20181018T184252377571
 5     130     2.2597      0.0       0.0     2.1240      0.3    0.8       1.064   26.2   0b1111111111111111    20181018T184252377829
 6     130     2.2680      0.0       0.0     0.4491      0.2    0.8       5.050   26.2   0b1111111111111111    20181018T184252378071
 7     130     2.2695      0.0       0.0     2.1408      0.0    0.0       1.060   26.2   0b1111111111111111    20181018T184252378318
 8     130     2.2868      0.0       0.0     0.4517      0.0    0.0       5.063   26.2   0b1111111111111111    20181018T184252378562
 9     130     2.2725      0.0       0.0     2.1420      0.4    0.8       1.061   26.2   0b1111111111111111    20181018T184252378808
10     130     2.2800      0.0       0.0     0.4487      0.4    0.8       5.082   26.2   0b1111111111111111    20181018T184252379053
11     130     2.2852      0.2       0.8     2.1500      0.0    0.0       1.063   26.2   0b1111111111111111    20181018T184252379301
12     130     2.3032      0.0       0.0     0.4553      0.4    0.8       5.059   26.2   0b1111111111111111    20181018T184252379607
13     130     2.2815      0.0       0.0     2.1428      0.4    0.8       1.065   26.2   0b1111111111111111    20181018T184252379877
14     130     2.2920      0.0       0.0     0.4501      0.3    0.8       5.092   26.2   0b1111111111111111    20181018T184252380126
15     130     2.2817      0.3       0.7     2.1432      0.2    0.8       1.065   26.2   0b1111111111111111    20181018T184252380375
 0     120     2.2233      0.4       0.8     0.4367      0.0    0.0       5.092   26.3   0b1111111111111111    20181018T184255811244
 1     120     2.2065      0.0       0.0     2.0892      0.0    0.0       1.056   26.3   0b1111111111111111    20181018T184255811646
 2     120     2.2241      0.4       0.8     0.4361      0.4    0.8       5.100   26.3   0b1111111111111111    20181018T184255811970
 3     120     2.2080      0.0       0.0     2.0757      0.2    0.8       1.064   26.3   0b1111111111111111    20181018T184255812262
 4     120     2.2245      0.0       0.0     0.4400      0.0    0.0       5.056   26.3   0b1111111111111111    20181018T184255812546
 5     120     2.2140      0.0       0.0     2.0808      0.0    0.0       1.064   26.3   0b1111111111111111    20181018T184255812855
 6     120     2.2208      0.2       0.8     0.4397      0.4    0.8       5.051   26.3   0b1111111111111111    20181018T184255813141
 7     120     2.2224      0.3       0.8     2.0962      0.4    0.8       1.060   26.3   0b1111111111111111    20181018T184255813433
 8     120     2.2372      0.0       0.0     0.4419      0.4    0.8       5.063   26.3   0b1111111111111111    20181018T184255813775
 9     120     2.2245      0.0       0.0     2.0970      0.4    0.8       1.061   26.3   0b1111111111111111    20181018T184255814061
10     120     2.2312      0.0       0.0     0.4392      0.0    0.0       5.081   26.3   0b1111111111111111    20181018T184255814342
11     120     2.2360      0.4       0.8     2.1042      0.0    0.0       1.063   26.3   0b1111111111111111    20181018T184255814624
12     120     2.2530      0.0       0.0     0.4456      0.4    0.8       5.056   26.3   0b1111111111111111    20181018T184255814926
13     120     2.2335      0.0       0.0     2.0975      0.0    0.0       1.065   26.3   0b1111111111111111    20181018T184255815207
14     120     2.2439      0.3       0.8     0.4408      0.3    0.8       5.091   26.3   0b1111111111111111    20181018T184255815488
15     120     2.2327      0.0       0.0     2.0970      0.4    0.8       1.065   26.3   0b1111111111111111    20181018T184255815786
 0     110     2.1780      0.0       0.0     0.4276      0.3    0.8       5.094   26.4   0b1111111111111111    20181018T184259247127
 1     110     2.1615      0.0       0.0     2.0467      0.0    0.0       1.056   26.4   0b1111111111111111    20181018T184259247538
 2     110     2.1788      0.0       0.0     0.4274      0.2    0.8       5.097   26.4   0b1111111111111111    20181018T184259247875
 3     110     2.1630      0.0       0.0     2.0333      0.0    0.0       1.064   26.4   0b1111111111111111    20181018T184259248176
 4     110     2.1795      0.0       0.0     0.4308      0.0    0.0       5.059   26.4   0b1111111111111111    20181018T184259248472
 5     110     2.1690      0.0       0.0     2.0390      0.3    0.8       1.064   26.4   0b1111111111111111    20181018T184259248783
 6     110     2.1765      0.0       0.0     0.4308      0.0    0.0       5.052   26.4   0b1111111111111111    20181018T184259249071
 7     110     2.1773      0.0       0.0     2.0533      0.0    0.0       1.060   26.4   0b1111111111111111    20181018T184259249394
 8     110     2.1907      0.2       0.8     0.4326      0.3    0.8       5.064   26.4   0b1111111111111111    20181018T184259249693
 9     110     2.1780      0.0       0.0     2.0533      0.0    0.0       1.061   26.4   0b1111111111111111    20181018T184259249997
10     110     2.1848      0.0       0.0     0.4300      0.0    0.0       5.081   26.4   0b1111111111111111    20181018T184259250280
11     110     2.1894      0.3       0.7     2.0608      0.3    0.8       1.062   26.4   0b1111111111111111    20181018T184259250560
12     110     2.2064      0.2       0.8     0.4362      0.4    0.8       5.058   26.4   0b1111111111111111    20181018T184259250866
13     110     2.1870      0.0       0.0     2.0542      0.0    0.0       1.065   26.4   0b1111111111111111    20181018T184259251151
14     110     2.1974      0.2       0.8     0.4317      0.0    0.0       5.091   26.4   0b1111111111111111    20181018T184259251429
15     110     2.1863      0.0       0.0     2.0532      0.3    0.8       1.065   26.4   0b1111111111111111    20181018T184259251708
 0     100     2.1307      0.0       0.0     0.4183      0.0    0.0       5.093   26.5   0b1111111111111111    20181018T184302682457
 1     100     2.1142      0.0       0.0     2.0017      0.0    0.0       1.056   26.5   0b1111111111111111    20181018T184302682863
 2     100     2.1315      0.0       0.0     0.4180      0.4    0.8       5.099   26.5   0b1111111111111111    20181018T184302683195
 3     100     2.1158      0.2       0.8     1.9892      0.0    0.0       1.064   26.5   0b1111111111111111    20181018T184302683489
 4     100     2.1325      0.4       0.8     0.4216      0.2    0.8       5.058   26.5   0b1111111111111111    20181018T184302683775
 5     100     2.1218      0.2       0.8     1.9947      0.4    0.8       1.064   26.5   0b1111111111111111    20181018T184302684082
 6     100     2.1291      0.3       0.8     0.4213      0.4    0.8       5.054   26.5   0b1111111111111111    20181018T184302684383
 7     100     2.1307      0.2       0.8     2.0092      0.0    0.0       1.060   26.5   0b1111111111111111    20181018T184302684665
 8     100     2.1420      0.0       0.0     0.4233      0.2    0.8       5.061   26.5   0b1111111111111111    20181018T184302684946
 9     100     2.1300      0.0       0.0     2.0076      0.3    0.8       1.061   26.5   0b1111111111111111    20181018T184302685293
10     100     2.1361      0.2       0.8     0.4203      0.4    0.8       5.082   26.5   0b1111111111111111    20181018T184302685578
11     100     2.1411      0.3       0.8     2.0150      0.0    0.0       1.063   26.5   0b1111111111111111    20181018T184302685858
12     100     2.1570      0.0       0.0     0.4266      0.3    0.8       5.056   26.5   0b1111111111111111    20181018T184302686162
13     100     2.1382      0.0       0.0     2.0083      0.0    0.0       1.065   26.5   0b1111111111111111    20181018T184302686442
14     100     2.1482      0.3       0.8     0.4217      0.0    0.0       5.095   26.5   0b1111111111111111    20181018T184302686721
15     100     2.1382      0.2       0.8     2.0075      0.0    0.0       1.065   26.5   0b1111111111111111    20181018T184302687029
 0      90     2.0844      0.3       0.8     0.4092      0.0    0.0       5.094   27.2   0b1111111111111111    20181018T184326978815
 1      90     2.0685      0.0       0.0     1.9581      0.4    0.8       1.056   27.2   0b1111111111111111    20181018T184326979234
 2      90     2.0850      0.0       0.0     0.4088      0.4    0.8       5.100   27.2   0b1111111111111111    20181018T184326979539
 3      90     2.0700      0.0       0.0     1.9455      0.4    0.8       1.064   27.2   0b1111111111111111    20181018T184326979831
 4      90     2.0873      0.0       0.0     0.4125      0.0    0.0       5.060   27.2   0b1111111111111111    20181018T184326980140
 5      90     2.0760      0.0       0.0     1.9511      0.4    0.8       1.064   27.2   0b1111111111111111    20181018T184326980429
 6      90     2.0828      0.0       0.0     0.4123      0.3    0.8       5.051   27.2   0b1111111111111111    20181018T184326980715
 7      90     2.0843      0.0       0.0     1.9651      0.2    0.8       1.061   27.2   0b1111111111111111    20181018T184326981015
 8      90     2.0955      0.0       0.0     0.4141      0.3    0.8       5.061   27.2   0b1111111111111111    20181018T184326981337
 9      90     2.0828      0.0       0.0     1.9633      0.0    0.0       1.061   27.2   0b1111111111111111    20181018T184326981624
10      90     2.0888      0.0       0.0     0.4109      0.2    0.8       5.083   27.2   0b1111111111111111    20181018T184326981905
11      90     2.0936      0.4       0.8     1.9701      0.3    0.8       1.063   27.2   0b1111111111111111    20181018T184326982206
12      90     2.1097      0.0       0.0     0.4169      0.4    0.8       5.060   27.2   0b1111111111111111    20181018T184326982490
13      90     2.0903      0.0       0.0     1.9633      0.0    0.0       1.065   27.2   0b1111111111111111    20181018T184326982771
14      90     2.1000      0.0       0.0     0.4123      0.3    0.8       5.093   27.2   0b1111111111111111    20181018T184326983078
15      90     2.0900      0.4       0.8     1.9617      0.3    0.8       1.065   27.2   0b1111111111111111    20181018T184326983361
 0      80     2.0370      0.0       0.0     0.3998      0.4    0.8       5.096   27.3   0b1111111111111111    20181018T184330414628
 1      80     2.0205      0.0       0.0     1.9126      0.3    0.8       1.056   27.3   0b1111111111111111    20181018T184330415074
 2      80     2.0370      0.0       0.0     0.3992      0.0    0.0       5.103   27.3   0b1111111111111111    20181018T184330415379
 3      80     2.0221      0.2       0.8     1.9005      0.4    0.8       1.064   27.3   0b1111111111111111    20181018T184330415671
 4      80     2.0392      0.0       0.0     0.4031      0.4    0.8       5.059   27.3   0b1111111111111111    20181018T184330415959
 5      80     2.0284      0.4       0.8     1.9067      0.0    0.0       1.064   27.3   0b1111111111111111    20181018T184330416284
 6      80     2.0347      0.0       0.0     0.4025      0.0    0.0       5.055   27.3   0b1111111111111111    20181018T184330416568
 7      80     2.0362      0.0       0.0     1.9200      0.0    0.0       1.061   27.3   0b1111111111111111    20181018T184330416851
 8      80     2.0467      0.0       0.0     0.4043      0.3    0.8       5.062   27.3   0b1111111111111111    20181018T184330417179
 9      80     2.0347      0.0       0.0     1.9177      0.3    0.8       1.061   27.3   0b1111111111111111    20181018T184330417317
10      80     2.0407      0.0       0.0     0.4017      0.0    0.0       5.081   27.3   0b1111111111111111    20181018T184330417453
11      80     2.0452      0.0       0.0     1.9248      0.4    0.8       1.063   27.3   0b1111111111111111    20181018T184330417589
12      80     2.0610      0.0       0.0     0.4074      0.2    0.8       5.059   27.3   0b1111111111111111    20181018T184330417726
13      80     2.0422      0.0       0.0     1.9180      0.4    0.8       1.065   27.3   0b1111111111111111    20181018T184330417862
14      80     2.0518      0.3       0.7     0.4025      0.0    0.0       5.098   27.3   0b1111111111111111    20181018T184330418007
15      80     2.0415      0.0       0.0     1.9166      0.2    0.8       1.065   27.3   0b1111111111111111    20181018T184330418144
 0      70     1.9883      0.0       0.0     0.3900      0.0    0.0       5.098   27.3   0b1111111111111111    20181018T184333847642
 1      70     1.9725      0.0       0.0     1.8674      0.2    0.8       1.056   27.3   0b1111111111111111    20181018T184333848089
 2      70     1.9890      0.0       0.0     0.3900      0.0    0.0       5.100   27.3   0b1111111111111111    20181018T184333848408
 3      70     1.9751      0.4       0.7     1.8559      0.3    0.8       1.064   27.3   0b1111111111111111    20181018T184333848707
 4      70     1.9907      0.3       0.8     0.3933      0.0    0.0       5.061   27.3   0b1111111111111111    20181018T184333849023
 5      70     1.9808      0.0       0.0     1.8617      0.0    0.0       1.064   27.3   0b1111111111111111    20181018T184333849314
 6      70     1.9868      0.0       0.0     0.3933      0.2    0.8       5.052   27.3   0b1111111111111111    20181018T184333849599
 7      70     1.9890      0.0       0.0     1.8751      0.3    0.8       1.061   27.3   0b1111111111111111    20181018T184333849906
 8      70     2.0009      0.3       0.7     0.3951      0.2    0.8       5.064   27.3   0b1111111111111111    20181018T184333850193
 9      70     1.9883      0.0       0.0     1.8742      0.0    0.0       1.061   27.3   0b1111111111111111    20181018T184333850477
10      70     1.9942      0.0       0.0     0.3923      0.4    0.8       5.084   27.3   0b1111111111111111    20181018T184333850813
11      70     1.9988      0.2       0.8     1.8815      0.3    0.8       1.062   27.3   0b1111111111111111    20181018T184333851109
12      70     2.0145      0.0       0.0     0.3980      0.4    0.8       5.062   27.3   0b1111111111111111    20181018T184333851391
13      70     1.9957      0.0       0.0     1.8743      0.3    0.8       1.065   27.3   0b1111111111111111    20181018T184333851671
14      70     2.0055      0.0       0.0     0.3934      0.3    0.8       5.098   27.3   0b1111111111111111    20181018T184333851974
15      70     1.9957      0.0       0.0     1.8733      0.0    0.0       1.065   27.3   0b1111111111111111    20181018T184333852256
 0      60     1.9380      0.0       0.0     0.3800      0.0    0.0       5.100   27.5   0b1111111111111111    20181018T184337284339
 1      60     1.9230      0.0       0.0     1.8204      0.4    0.8       1.056   27.5   0b1111111111111111    20181018T184337284777
 2      60     1.9403      0.0       0.0     0.3800      0.0    0.0       5.106   27.5   0b1111111111111111    20181018T184337285101
 3      60     1.9237      0.0       0.0     1.8076      0.2    0.8       1.064   27.5   0b1111111111111111    20181018T184337285400
 4      60     1.9414      0.4       0.8     0.3834      0.2    0.8       5.063   27.5   0b1111111111111111    20181018T184337285705
 5      60     1.9297      0.0       0.0     1.8140      0.3    0.8       1.064   27.5   0b1111111111111111    20181018T184337286018
 6      60     1.9373      0.0       0.0     0.3833      0.0    0.0       5.054   27.5   0b1111111111111111    20181018T184337286304
 7      60     1.9381      0.2       0.8     1.8275      0.0    0.0       1.061   27.5   0b1111111111111111    20181018T184337286587
 8      60     1.9515      0.0       0.0     0.3855      0.4    0.8       5.062   27.5   0b1111111111111111    20181018T184337286937
 9      60     1.9408      0.3       0.8     1.8292      0.0    0.0       1.061   27.5   0b1111111111111111    20181018T184337287225
10      60     1.9440      0.0       0.0     0.3825      0.0    0.0       5.082   27.5   0b1111111111111111    20181018T184337287507
11      60     1.9500      0.0       0.0     1.8352      0.3    0.8       1.063   27.5   0b1111111111111111    20181018T184337287816
12      60     1.9657      0.0       0.0     0.3883      0.0    0.0       5.062   27.5   0b1111111111111111    20181018T184337288101
13      60     1.9475      0.3       0.8     1.8291      0.2    0.8       1.065   27.5   0b1111111111111111    20181018T184337288381
14      60     1.9560      0.0       0.0     0.3837      0.4    0.8       5.097   27.5   0b1111111111111111    20181018T184337288661
15      60     1.9455      0.0       0.0     1.8257      0.2    0.8       1.066   27.5   0b1111111111111111    20181018T184337288959
 0      50     1.8862      0.0       0.0     0.3700      0.0    0.0       5.098   27.6   0b1111111111111111    20181018T184340719392
 1      50     1.8712      0.0       0.0     1.7714      0.4    0.8       1.056   27.6   0b1111111111111111    20181018T184340719813
 2      50     1.8885      0.0       0.0     0.3700      0.0    0.0       5.104   27.6   0b1111111111111111    20181018T184340720116
 3      50     1.8727      0.0       0.0     1.7593      0.3    0.8       1.064   27.6   0b1111111111111111    20181018T184340720408
 4      50     1.8900      0.0       0.0     0.3733      0.0    0.0       5.062   27.6   0b1111111111111111    20181018T184340720697
 5      50     1.8788      0.2       0.8     1.7660      0.3    0.8       1.064   27.6   0b1111111111111111    20181018T184340721004
 6      50     1.8857      0.3       0.8     0.3732      0.3    0.8       5.053   27.6   0b1111111111111111    20181018T184340721287
 7      50     1.8870      0.0       0.0     1.7793      0.2    0.8       1.061   27.6   0b1111111111111111    20181018T184340721613
 8      50     1.9013      0.0       0.0     0.3753      0.4    0.8       5.065   27.6   0b1111111111111111    20181018T184340721924
 9      50     1.8908      0.0       0.0     1.7817      0.0    0.0       1.061   27.6   0b1111111111111111    20181018T184340722210
10      50     1.8938      0.0       0.0     0.3725      0.0    0.0       5.084   27.6   0b1111111111111111    20181018T184340722494
11      50     1.8998      0.0       0.0     1.7883      0.0    0.0       1.062   27.6   0b1111111111111111    20181018T184340722799
12      50     1.9155      0.0       0.0     0.3783      0.0    0.0       5.063   27.6   0b1111111111111111    20181018T184340723083
13      50     1.8974      0.2       0.8     1.7817      0.0    0.0       1.065   27.6   0b1111111111111111    20181018T184340723363
14      50     1.9056      0.3       0.8     0.3739      0.4    0.8       5.096   27.6   0b1111111111111111    20181018T184340723642
15      50     1.8953      0.0       0.0     1.7791      0.3    0.8       1.065   27.6   0b1111111111111111    20181018T184340723940
 0      40     1.8345      0.0       0.0     0.3600      0.0    0.0       5.096   27.6   0b1111111111111111    20181018T184344155044
 1      40     1.8195      0.0       0.0     1.7210      1.2    3.3       1.057   27.6   0b1111111111111111    20181018T184344155382
 2      40     1.8360      0.0       0.0     0.3600      0.0    0.0       5.100   27.6   0b1111111111111111    20181018T184344155655
 3      40     1.8210      0.0       0.0     1.7113      0.4    0.8       1.064   27.6   0b1111111111111111    20181018T184344155923
 4      40     1.8382      0.0       0.0     0.3632      0.2    0.8       5.061   27.6   0b1111111111111111    20181018T184344156175
 5      40     1.8269      0.3       0.7     1.7172      0.5    1.7       1.064   27.6   0b1111111111111111    20181018T184344156427
 6      40     1.8337      0.0       0.0     0.3627      0.3    0.8       5.056   27.6   0b1111111111111111    20181018T184344156673
 7      40     1.8352      0.0       0.0     1.7302      0.3    0.8       1.061   27.6   0b1111111111111111    20181018T184344156943
 8      40     1.8488      0.0       0.0     0.3653      0.4    0.8       5.062   27.6   0b1111111111111111    20181018T184344157197
 9      40     1.8382      0.0       0.0     1.7324      0.2    0.8       1.061   27.6   0b1111111111111111    20181018T184344157460
10      40     1.8413      0.0       0.0     0.3613      0.9    2.5       5.096   27.6   0b1111111111111111    20181018T184344157686
11      40     1.8480      0.0       0.0     1.7392      0.0    0.0       1.063   27.6   0b1111111111111111    20181018T184344157974
12      40     1.8630      0.0       0.0     0.3683      0.0    0.0       5.058   27.6   0b1111111111111111    20181018T184344158223
13      40     1.8450      0.0       0.0     1.7332      1.3    4.2       1.065   27.6   0b1111111111111111    20181018T184344158476
14      40     1.8532      0.0       0.0     0.3627      0.9    2.5       5.110   27.6   0b1111111111111111    20181018T184344158723
15      40     1.8431      0.4       0.8     1.7300      0.0    0.0       1.065   27.6   0b1111111111111111    20181018T184344158992
 0      30     1.7828      0.0       0.0     0.3492      0.0    0.0       5.106   27.7   0b1111111111111111    20181018T184347589590
 1      30     1.7706      0.3       0.7     1.6757      0.3    0.8       1.057   27.7   0b1111111111111111    20181018T184347590029
 2      30     1.7857      0.0       0.0     0.3500      0.0    0.0       5.102   27.7   0b1111111111111111    20181018T184347590349
 3      30     1.7704      0.4       0.7     1.6633      0.0    0.0       1.064   27.7   0b1111111111111111    20181018T184347590646
 4      30     1.7857      0.0       0.0     0.3525      0.0    0.0       5.066   27.7   0b1111111111111111    20181018T184347590957
 5      30     1.7760      0.0       0.0     1.6696      0.4    0.8       1.064   27.7   0b1111111111111111    20181018T184347591247
 6      30     1.7833      0.3       0.8     0.3525      0.0    0.0       5.059   27.7   0b1111111111111111    20181018T184347591533
 7      30     1.7843      0.0       0.0     1.6819      0.4    0.8       1.061   27.7   0b1111111111111111    20181018T184347591839
 8      30     1.7955      0.0       0.0     0.3547      0.4    0.8       5.063   27.7   0b1111111111111111    20181018T184347592127
 9      30     1.7865      0.0       0.0     1.6837      0.4    0.8       1.061   27.7   0b1111111111111111    20181018T184347592449
10      30     1.7902      0.2       0.8     0.3519      0.4    0.8       5.087   27.7   0b1111111111111111    20181018T184347592730
11      30     1.7945      0.4       0.7     1.6887      0.4    0.8       1.063   27.7   0b1111111111111111    20181018T184347593035
12      30     1.8097      0.0       0.0     0.3575      0.0    0.0       5.062   27.7   0b1111111111111111    20181018T184347593316
13      30     1.7925      0.0       0.0     1.6833      0.0    0.0       1.065   27.7   0b1111111111111111    20181018T184347593596
14      30     1.8008      0.0       0.0     0.3532      0.3    0.8       5.099   27.7   0b1111111111111111    20181018T184347593900
15      30     1.7917      0.0       0.0     1.6817      0.0    0.0       1.065   27.7   0b1111111111111111    20181018T184347594183
 0      20     1.7319      0.3       0.8     0.3392      0.0    0.0       5.106   27.8   0b1111111111111111    20181018T184351028079
 1      20     1.7197      0.2       0.7     1.6275      0.0    0.0       1.057   27.8   0b1111111111111111    20181018T184351028495
 2      20     1.7348      0.0       0.0     0.3398      0.3    0.8       5.105   27.8   0b1111111111111111    20181018T184351028812
 3      20     1.7193      0.4       0.7     1.6150      0.0    0.0       1.065   27.8   0b1111111111111111    20181018T184351029137
 4      20     1.7355      0.0       0.0     0.3425      0.0    0.0       5.067   27.8   0b1111111111111111    20181018T184351029432
 5      20     1.7258      0.0       0.0     1.6224      0.2    0.8       1.064   27.8   0b1111111111111111    20181018T184351029721
 6      20     1.7325      0.0       0.0     0.3425      0.0    0.0       5.058   27.8   0b1111111111111111    20181018T184351030026
 7      20     1.7332      0.0       0.0     1.6342      0.0    0.0       1.061   27.8   0b1111111111111111    20181018T184351030316
 8      20     1.7430      0.0       0.0     0.3442      0.0    0.0       5.064   27.8   0b1111111111111111    20181018T184351030601
 9      20     1.7348      0.0       0.0     1.6346      0.4    0.8       1.061   27.8   0b1111111111111111    20181018T184351030882
10      20     1.7378      0.0       0.0     0.3417      0.0    0.0       5.086   27.8   0b1111111111111111    20181018T184351031231
11      20     1.7416      0.2       0.8     1.6392      0.0    0.0       1.062   27.8   0b1111111111111111    20181018T184351031519
12      20     1.7565      0.0       0.0     0.3467      0.0    0.0       5.067   27.8   0b1111111111111111    20181018T184351031801
13      20     1.7400      0.0       0.0     1.6341      0.2    0.8       1.065   27.8   0b1111111111111111    20181018T184351032104
14      20     1.7483      0.0       0.0     0.3425      0.0    0.0       5.104   27.8   0b1111111111111111    20181018T184351032387
15      20     1.7393      0.0       0.0     1.6324      0.2    0.8       1.065   27.8   0b1111111111111111    20181018T184351032667
 0      10     1.6815      0.0       0.0     0.3292      0.3    0.8       5.107   27.9   0b1111111111111111    20181018T184354471181
 1      10     1.6694      0.2       0.8     1.5800      0.0    0.0       1.057   27.9   0b1111111111111111    20181018T184354471584
 2      10     1.6839      0.3       0.8     0.3298      0.3    0.8       5.105   27.9   0b1111111111111111    20181018T184354471893
 3      10     1.6695      0.0       0.0     1.5683      0.3    0.8       1.065   27.9   0b1111111111111111    20181018T184354472209
 4      10     1.6851      0.3       0.8     0.3325      0.0    0.0       5.068   27.9   0b1111111111111111    20181018T184354472503
 5      10     1.6756      0.2       0.8     1.5751      0.2    0.8       1.064   27.9   0b1111111111111111    20181018T184354472789
 6      10     1.6824      0.3       0.8     0.3325      0.0    0.0       5.060   27.9   0b1111111111111111    20181018T184354473096
 7      10     1.6830      0.0       0.0     1.5867      0.0    0.0       1.061   27.9   0b1111111111111111    20181018T184354473382
 8      10     1.6905      0.0       0.0     0.3339      0.4    0.8       5.063   27.9   0b1111111111111111    20181018T184354473664
 9      10     1.6826      0.4       0.8     1.5854      0.4    0.8       1.061   27.9   0b1111111111111111    20181018T184354473987
10      10     1.6853      0.2       0.8     0.3315      0.3    0.8       5.084   27.9   0b1111111111111111    20181018T184354474301
11      10     1.6895      0.3       0.8     1.5900      0.0    0.0       1.063   27.9   0b1111111111111111    20181018T184354474583
12      10     1.7040      0.0       0.0     0.3364      0.4    0.8       5.065   27.9   0b1111111111111111    20181018T184354474864
13      10     1.6875      0.0       0.0     1.5850      0.0    0.0       1.065   27.9   0b1111111111111111    20181018T184354475168
14      10     1.6957      0.0       0.0     0.3325      0.0    0.0       5.100   27.9   0b1111111111111111    20181018T184354475451
15      10     1.6868      0.2       0.8     1.5833      0.0    0.0       1.065   27.9   0b1111111111111111    20181018T184354475732
 0       0     1.6308      0.4       0.8     0.3192      0.0    0.0       5.110   28.0   0b1111111111111111    20181018T184357920035
 1       0     1.6189      0.4       0.7     1.5322      0.4    0.8       1.057   28.0   0b1111111111111111    20181018T184357920454
 2       0     1.6334      0.2       0.8     0.3198      0.4    0.8       5.108   28.0   0b1111111111111111    20181018T184357920844
 3       0     1.6192      0.0       0.0     1.5215      0.3    0.8       1.064   28.0   0b1111111111111111    20181018T184357921146
 4       0     1.6350      0.0       0.0     0.3225      0.0    0.0       5.070   28.0   0b1111111111111111    20181018T184357921435
 5       0     1.6252      0.0       0.0     1.5275      0.0    0.0       1.064   28.0   0b1111111111111111    20181018T184357921780
 6       0     1.6320      0.0       0.0     0.3225      0.0    0.0       5.060   28.0   0b1111111111111111    20181018T184357922073
 7       0     1.6328      0.0       0.0     1.5392      0.0    0.0       1.061   28.0   0b1111111111111111    20181018T184357922356
 8       0     1.6384      0.4       0.8     0.3233      0.0    0.0       5.067   28.0   0b1111111111111111    20181018T184357922673
 9       0     1.6305      0.0       0.0     1.5364      0.4    0.8       1.061   28.0   0b1111111111111111    20181018T184357922977
10       0     1.6335      0.0       0.0     0.3210      0.3    0.8       5.089   28.0   0b1111111111111111    20181018T184357923257
11       0     1.6373      0.0       0.0     1.5406      0.4    0.8       1.063   28.0   0b1111111111111111    20181018T184357923540
12       0     1.6507      0.0       0.0     0.3257      0.3    0.8       5.068   28.0   0b1111111111111111    20181018T184357923867
13       0     1.6357      0.0       0.0     1.5357      0.2    0.8       1.065   28.0   0b1111111111111111    20181018T184357924152
14       0     1.6425      0.0       0.0     0.3221      0.4    0.8       5.100   28.0   0b1111111111111111    20181018T184357924433
15       0     1.6350      0.0       0.0     1.5342      0.0    0.0       1.066   28.0   0b1111111111111111    20181018T184357924768
