CH# Vset[DAC]   V[V]    dVRMS[mV] dVpp[mV]    I[A]  dIRMS[mA] dIpp[mA]   R[ohm]   T[C]   State                Timestamp
 0     250     2.8508      0.0       0.0     0.1297      0.6    1.7      21.985   25.5   0b1111111111111111    20190604T151025545173
 1     250     2.8455      0.0       0.0     0.5603      0.5    1.7       5.079   25.5   0b1111111111111111    20190604T151025545668
 2     250     2.8612      0.0       0.0     0.1311      0.5    1.7      21.828   25.5   0b1111111111111111    20190604T151025546008
 3     250     2.8335      0.0       0.0     0.5591      0.4    1.7       5.068   25.5   0b1111111111111111    20190604T151025546378
 4     250     2.8320      0.0       0.0     0.1302      0.3    0.8      21.757   25.5   0b1111111111111111    20190604T151025546677
 5     250     2.8380      0.0       0.0     0.5622      0.4    0.8       5.048   25.5   0b1111111111111111    20190604T151025546965
 6     250     2.8425      0.0       0.0     0.1294      0.4    0.8      21.964   25.5   0b1111111111111111    20190604T151025547309
 7     250     2.8313      0.0       0.0     0.5636      0.5    1.7       5.024   25.5   0b1111111111111111    20190604T151025547597
 8     250     2.8523      0.0       0.0     0.1319      0.4    0.8      21.622   25.5   0b1111111111111111    20190604T151025547877
 9     250     2.8627      0.0       0.0     0.5672      0.4    0.8       5.047   25.5   0b1111111111111111    20190604T151025548205
10     250     2.8785      0.0       0.0     0.1327      0.5    1.7      21.697   25.5   0b1111111111111111    20190604T151025548458
11     250     2.8828      0.3       0.8     0.5712      0.4    0.8       5.047   25.5   0b1111111111111111    20190604T151025548595
12     250     2.8364      0.2       0.8     0.1292      0.5    1.7      21.959   25.5   0b1111111111111111    20190604T151025548731
13     250     2.8440      0.0       0.0     0.5610      0.5    1.7       5.070   25.5   0b1111111111111111    20190604T151025548866
14     250     2.8230      0.0       0.0     0.1295      0.4    0.8      21.799   25.5   0b1111111111111111    20190604T151025549001
15     250     2.8498      0.3       0.8     0.5678      0.4    0.8       5.019   25.5   0b1111111111111111    20190604T151025549136
 0     240     2.8030      0.4       0.8     0.1275      0.0    0.0      21.985   25.5   0b1111111111111111    20190604T151028990694
 1     240     2.7975      0.0       0.0     0.5505      0.4    0.8       5.082   25.5   0b1111111111111111    20190604T151028991079
 2     240     2.8133      0.0       0.0     0.1289      0.4    0.8      21.822   25.5   0b1111111111111111    20190604T151028991388
 3     240     2.7857      0.3       0.8     0.5495      0.4    0.8       5.070   25.5   0b1111111111111111    20190604T151028991750
 4     240     2.7840      0.0       0.0     0.1279      0.4    0.8      21.764   25.5   0b1111111111111111    20190604T151028992044
 5     240     2.7900      0.0       0.0     0.5528      0.4    0.8       5.047   25.5   0b1111111111111111    20190604T151028992334
 6     240     2.7945      0.0       0.0     0.1267      0.4    1.7      22.062   25.5   0b1111111111111111    20190604T151028992671
 7     240     2.7832      0.0       0.0     0.5540      0.3    0.8       5.024   25.5   0b1111111111111111    20190604T151028992987
 8     240     2.8035      0.0       0.0     0.1298      0.3    0.8      21.593   25.5   0b1111111111111111    20190604T151028993273
 9     240     2.8140      0.0       0.0     0.5575      0.4    1.7       5.048   25.5   0b1111111111111111    20190604T151028993619
10     240     2.8290      0.0       0.0     0.1307      0.6    2.5      21.651   25.5   0b1111111111111111    20190604T151028993965
11     240     2.8335      0.0       0.0     0.5612      0.4    0.8       5.049   25.5   0b1111111111111111    20190604T151028994256
12     240     2.7885      0.0       0.0     0.1269      0.4    0.8      21.971   25.5   0b1111111111111111    20190604T151028994607
13     240     2.7960      0.0       0.0     0.5518      0.3    0.8       5.067   25.5   0b1111111111111111    20190604T151028994895
14     240     2.7757      0.0       0.0     0.1273      0.4    0.8      21.813   25.5   0b1111111111111111    20190604T151028995188
15     240     2.8020      0.0       0.0     0.5578      0.4    0.8       5.023   25.5   0b1111111111111111    20190604T151028995495
 0     230     2.7563      0.0       0.0     0.1253      0.4    0.8      22.006   25.6   0b1111111111111111    20190604T151032436396
 1     230     2.7510      0.0       0.0     0.5415      0.5    1.7       5.080   25.6   0b1111111111111111    20190604T151032436808
 2     230     2.7668      0.0       0.0     0.1261      0.5    1.7      21.944   25.6   0b1111111111111111    20190604T151032437119
 3     230     2.7398      0.0       0.0     0.5402      0.3    0.8       5.072   25.6   0b1111111111111111    20190604T151032437463
 4     230     2.7375      0.0       0.0     0.1257      0.3    0.8      21.784   25.6   0b1111111111111111    20190604T151032437758
 5     230     2.7428      0.0       0.0     0.5434      0.2    0.8       5.047   25.6   0b1111111111111111    20190604T151032438048
 6     230     2.7473      0.0       0.0     0.1247      0.4    0.8      22.022   25.6   0b1111111111111111    20190604T151032438377
 7     230     2.7366      0.3       0.7     0.5450      0.4    1.7       5.021   25.6   0b1111111111111111    20190604T151032438520
 8     230     2.7556      0.2       0.8     0.1273      0.3    0.8      21.641   25.6   0b1111111111111111    20190604T151032438658
 9     230     2.7660      0.0       0.0     0.5479      0.4    0.8       5.048   25.6   0b1111111111111111    20190604T151032438820
10     230     2.7810      0.0       0.0     0.1284      0.2    0.8      21.656   25.6   0b1111111111111111    20190604T151032438964
11     230     2.7850      0.4       0.7     0.5514      0.5    1.7       5.051   25.6   0b1111111111111111    20190604T151032439101
12     230     2.7428      0.0       0.0     0.1249      0.2    0.8      21.957   25.6   0b1111111111111111    20190604T151032439269
13     230     2.7495      0.0       0.0     0.5426      0.3    0.8       5.067   25.6   0b1111111111111111    20190604T151032439410
14     230     2.7300      0.0       0.0     0.1251      0.4    1.7      21.825   25.6   0b1111111111111111    20190604T151032439546
15     230     2.7555      0.0       0.0     0.5490      0.3    0.8       5.019   25.6   0b1111111111111111    20190604T151032439680
 0     220     2.7083      0.0       0.0     0.1232      0.3    0.8      21.988   25.6   0b1111111111111111    20190604T151035884274
 1     220     2.7037      0.2       0.8     0.5321      0.4    0.8       5.081   25.6   0b1111111111111111    20190604T151035884749
 2     220     2.7180      0.0       0.0     0.1238      0.4    0.8      21.964   25.6   0b1111111111111111    20190604T151035885069
 3     220     2.6925      0.0       0.0     0.5310      0.3    0.8       5.071   25.6   0b1111111111111111    20190604T151035885364
 4     220     2.6887      0.0       0.0     0.1234      0.2    0.8      21.786   25.6   0b1111111111111111    20190604T151035885698
 5     220     2.6950      0.3       0.8     0.5340      0.3    0.8       5.047   25.6   0b1111111111111111    20190604T151035885989
 6     220     2.7000      0.0       0.0     0.1226      0.3    0.8      22.026   25.6   0b1111111111111111    20190604T151035886274
 7     220     2.6880      0.0       0.0     0.5351      0.2    0.8       5.024   25.6   0b1111111111111111    20190604T151035886661
 8     220     2.7062      0.3       0.8     0.1250      0.0    0.0      21.649   25.6   0b1111111111111111    20190604T151035886960
 9     220     2.7166      0.2       0.8     0.5383      0.0    0.0       5.046   25.6   0b1111111111111111    20190604T151035887243
10     220     2.7315      0.0       0.0     0.1261      0.4    0.8      21.664   25.6   0b1111111111111111    20190604T151035887591
11     220     2.7355      0.3       0.8     0.5418      0.3    0.8       5.049   25.6   0b1111111111111111    20190604T151035887880
12     220     2.6944      0.4       0.8     0.1225      0.0    0.0      21.995   25.6   0b1111111111111111    20190604T151035888159
13     220     2.7016      0.2       0.8     0.5333      0.0    0.0       5.065   25.6   0b1111111111111111    20190604T151035888450
14     220     2.6820      0.0       0.0     0.1230      0.4    0.8      21.805   25.6   0b1111111111111111    20190604T151035888702
15     220     2.7072      0.4       0.8     0.5392      0.0    0.0       5.021   25.6   0b1111111111111111    20190604T151035888838
 0     210     2.6596      0.2       0.8     0.1208      0.0    0.0      22.010   25.6   0b1111111111111111    20190604T151039326226
 1     210     2.6550      0.0       0.0     0.5225      0.0    0.0       5.081   25.6   0b1111111111111111    20190604T151039326709
 2     210     2.6693      0.0       0.0     0.1217      0.0    0.0      21.939   25.6   0b1111111111111111    20190604T151039327033
 3     210     2.6445      0.0       0.0     0.5216      0.2    0.8       5.070   25.6   0b1111111111111111    20190604T151039327330
 4     210     2.6402      0.3       0.7     0.1211      0.4    0.8      21.805   25.6   0b1111111111111111    20190604T151039327674
 5     210     2.6468      0.0       0.0     0.5243      0.3    0.8       5.048   25.6   0b1111111111111111    20190604T151039327968
 6     210     2.6513      0.0       0.0     0.1201      0.2    0.8      22.078   25.6   0b1111111111111111    20190604T151039328287
 7     210     2.6393      0.0       0.0     0.5256      0.4    0.8       5.022   25.6   0b1111111111111111    20190604T151039328627
 8     210     2.6565      0.0       0.0     0.1227      0.4    0.8      21.642   25.6   0b1111111111111111    20190604T151039328769
 9     210     2.6678      0.0       0.0     0.5284      0.3    0.8       5.049   25.6   0b1111111111111111    20190604T151039328906
10     210     2.6815      0.3       0.8     0.1237      0.4    0.8      21.683   25.6   0b1111111111111111    20190604T151039329042
11     210     2.6857      0.0       0.0     0.5318      0.3    0.8       5.050   25.6   0b1111111111111111    20190604T151039329179
12     210     2.6468      0.0       0.0     0.1203      0.4    0.8      21.995   25.6   0b1111111111111111    20190604T151039329323
13     210     2.6535      0.0       0.0     0.5237      0.4    0.8       5.067   25.6   0b1111111111111111    20190604T151039329522
14     210     2.6340      0.0       0.0     0.1208      0.4    1.7      21.799   25.6   0b1111111111111111    20190604T151039329663
15     210     2.6588      0.0       0.0     0.5296      0.4    0.8       5.020   25.6   0b1111111111111111    20190604T151039329800
 0     200     2.6114      0.2       0.8     0.1186      0.4    0.8      22.022   25.6   0b1111111111111111    20190604T151042776076
 1     200     2.6062      0.0       0.0     0.5132      0.2    0.8       5.078   25.6   0b1111111111111111    20190604T151042776535
 2     200     2.6205      0.0       0.0     0.1193      0.3    0.8      21.959   25.6   0b1111111111111111    20190604T151042776880
 3     200     2.5961      0.4       0.8     0.5120      0.4    0.8       5.071   25.6   0b1111111111111111    20190604T151042777216
 4     200     2.5920      0.0       0.0     0.1188      0.4    0.8      21.812   25.6   0b1111111111111111    20190604T151042777575
 5     200     2.5980      0.0       0.0     0.5146      0.4    0.8       5.049   25.6   0b1111111111111111    20190604T151042777873
 6     200     2.6025      0.0       0.0     0.1178      0.4    0.8      22.086   25.6   0b1111111111111111    20190604T151042778160
 7     200     2.5911      0.3       0.8     0.5159      0.3    0.8       5.022   25.6   0b1111111111111111    20190604T151042778443
 8     200     2.6070      0.0       0.0     0.1205      0.4    0.8      21.635   25.6   0b1111111111111111    20190604T151042778696
 9     200     2.6175      0.0       0.0     0.5183      0.0    0.0       5.050   25.6   0b1111111111111111    20190604T151042778834
10     200     2.6318      0.0       0.0     0.1216      0.2    0.8      21.646   25.6   0b1111111111111111    20190604T151042778970
11     200     2.6355      0.0       0.0     0.5217      0.0    0.0       5.052   25.6   0b1111111111111111    20190604T151042779106
12     200     2.5986      0.3       0.8     0.1182      0.3    0.8      21.991   25.6   0b1111111111111111    20190604T151042779279
13     200     2.6049      0.3       0.8     0.5142      0.0    0.0       5.066   25.6   0b1111111111111111    20190604T151042779425
14     200     2.5860      0.0       0.0     0.1183      0.0    0.0      21.854   25.6   0b1111111111111111    20190604T151042779589
15     200     2.6106      0.3       0.8     0.5200      0.0    0.0       5.020   25.6   0b1111111111111111    20190604T151042779728
 0     190     2.5650      0.0       0.0     0.1165      0.3    0.8      22.017   25.6   0b1111111111111111    20190604T151046249775
 1     190     2.5600      0.3       0.8     0.5038      0.4    0.8       5.082   25.6   0b1111111111111111    20190604T151046250173
 2     190     2.5740      0.0       0.0     0.1173      0.4    0.8      21.953   25.6   0b1111111111111111    20190604T151046250546
 3     190     2.5478      0.2       0.8     0.5025      0.0    0.0       5.070   25.6   0b1111111111111111    20190604T151046250873
 4     190     2.5455      0.0       0.0     0.1167      0.0    0.0      21.819   25.6   0b1111111111111111    20190604T151046251162
 5     190     2.5508      0.0       0.0     0.5050      0.0    0.0       5.051   25.6   0b1111111111111111    20190604T151046251448
 6     190     2.5559      0.2       0.8     0.1158      0.0    0.0      22.066   25.6   0b1111111111111111    20190604T151046251786
 7     190     2.5448      0.0       0.0     0.5067      0.0    0.0       5.023   25.6   0b1111111111111111    20190604T151046252070
 8     190     2.5598      0.0       0.0     0.1183      0.2    0.8      21.647   25.6   0b1111111111111111    20190604T151046252400
 9     190     2.5695      0.0       0.0     0.5090      0.3    0.8       5.048   25.6   0b1111111111111111    20190604T151046252736
10     190     2.5836      0.3       0.8     0.1192      0.3    0.8      21.665   25.6   0b1111111111111111    20190604T151046253049
11     190     2.5867      0.0       0.0     0.5123      0.4    0.8       5.050   25.6   0b1111111111111111    20190604T151046253332
12     190     2.5523      0.0       0.0     0.1158      0.0    0.0      22.034   25.6   0b1111111111111111    20190604T151046253678
13     190     2.5590      0.0       0.0     0.5050      0.0    0.0       5.067   25.6   0b1111111111111111    20190604T151046253966
14     190     2.5417      0.0       0.0     0.1167      0.0    0.0      21.786   25.6   0b1111111111111111    20190604T151046254245
15     190     2.5640      0.3       0.8     0.5107      0.3    0.8       5.021   25.6   0b1111111111111111    20190604T151046254578
 0     180     2.5169      0.2       0.8     0.1142      0.0    0.0      22.046   25.6   0b1111111111111111    20190604T151049692330
 1     180     2.5117      0.0       0.0     0.4942      0.0    0.0       5.083   25.6   0b1111111111111111    20190604T151049692739
 2     180     2.5258      0.3       0.7     0.1150      0.0    0.0      21.964   25.6   0b1111111111111111    20190604T151049693054
 3     180     2.5000      0.3       0.8     0.4930      0.4    0.8       5.071   25.6   0b1111111111111111    20190604T151049693409
 4     180     2.4975      0.0       0.0     0.1143      0.3    0.8      21.844   25.6   0b1111111111111111    20190604T151049693706
 5     180     2.5027      0.0       0.0     0.4958      0.3    0.8       5.048   25.6   0b1111111111111111    20190604T151049693997
 6     180     2.5072      0.0       0.0     0.1133      0.0    0.0      22.123   25.6   0b1111111111111111    20190604T151049694339
 7     180     2.4965      0.3       0.8     0.4971      0.4    0.8       5.022   25.6   0b1111111111111111    20190604T151049694628
 8     180     2.5102      0.0       0.0     0.1159      0.3    0.8      21.656   25.6   0b1111111111111111    20190604T151049694913
 9     180     2.5202      0.3       0.7     0.4992      0.0    0.0       5.049   25.6   0b1111111111111111    20190604T151049695308
10     180     2.5335      0.0       0.0     0.1168      0.3    0.8      21.685   25.6   0b1111111111111111    20190604T151049695602
11     180     2.5372      0.0       0.0     0.5023      0.3    0.8       5.051   25.6   0b1111111111111111    20190604T151049695896
12     180     2.5042      0.0       0.0     0.1136      0.4    0.8      22.048   25.6   0b1111111111111111    20190604T151049696175
13     180     2.5110      0.0       0.0     0.4953      0.4    0.8       5.069   25.6   0b1111111111111111    20190604T151049696523
14     180     2.4937      0.0       0.0     0.1142      0.0    0.0      21.843   25.6   0b1111111111111111    20190604T151049696806
15     180     2.5155      0.0       0.0     0.5010      0.3    0.8       5.021   25.6   0b1111111111111111    20190604T151049697085
 0     170     2.4683      0.0       0.0     0.1119      0.4    0.8      22.054   25.6   0b1111111111111111    20190604T151053134530
 1     170     2.4638      0.0       0.0     0.4848      0.3    0.8       5.082   25.6   0b1111111111111111    20190604T151053134934
 2     170     2.4773      0.0       0.0     0.1125      0.0    0.0      22.020   25.6   0b1111111111111111    20190604T151053135314
 3     170     2.4524      0.2       0.8     0.4833      0.0    0.0       5.074   25.6   0b1111111111111111    20190604T151053135640
 4     170     2.4488      0.2       0.8     0.1122      0.4    0.8      21.832   25.6   0b1111111111111111    20190604T151053135933
 5     170     2.4542      0.3       0.8     0.4860      0.3    0.8       5.050   25.6   0b1111111111111111    20190604T151053136248
 6     170     2.4585      0.0       0.0     0.1109      0.2    0.8      22.165   25.6   0b1111111111111111    20190604T151053136556
 7     170     2.4481      0.2       0.7     0.4875      0.0    0.0       5.022   25.6   0b1111111111111111    20190604T151053136923
 8     170     2.4608      0.0       0.0     0.1138      0.4    0.8      21.617   25.6   0b1111111111111111    20190604T151053137239
 9     170     2.4707      0.3       0.8     0.4893      0.2    0.8       5.050   25.6   0b1111111111111111    20190604T151053137558
10     170     2.4839      0.2       0.7     0.1144      0.4    0.8      21.709   25.6   0b1111111111111111    20190604T151053137840
11     170     2.4870      0.0       0.0     0.4923      0.4    0.8       5.052   25.6   0b1111111111111111    20190604T151053138119
12     170     2.4568      0.3       0.8     0.1115      0.3    0.8      22.034   25.6   0b1111111111111111    20190604T151053138455
13     170     2.4630      0.0       0.0     0.4858      0.2    0.8       5.071   25.6   0b1111111111111111    20190604T151053138741
14     170     2.4465      0.0       0.0     0.1117      0.3    0.8      21.893   25.6   0b1111111111111111    20190604T151053139020
15     170     2.4675      0.0       0.0     0.4916      0.2    0.8       5.019   25.6   0b1111111111111111    20190604T151053139354
 0     160     2.4202      0.0       0.0     0.1099      0.2    0.8      22.019   25.7   0b1111111111111111    20190604T151056580510
 1     160     2.4150      0.0       0.0     0.4751      0.2    0.8       5.083   25.7   0b1111111111111111    20190604T151056580919
 2     160     2.4289      0.4       0.7     0.1103      0.4    0.8      22.015   25.7   0b1111111111111111    20190604T151056581294
 3     160     2.4045      0.0       0.0     0.4740      0.3    0.8       5.073   25.7   0b1111111111111111    20190604T151056581621
 4     160     2.4007      0.0       0.0     0.1099      0.2    0.8      21.842   25.7   0b1111111111111111    20190604T151056581914
 5     160     2.4055      0.4       0.7     0.4764      0.4    0.8       5.049   25.7   0b1111111111111111    20190604T151056582203
 6     160     2.4097      0.0       0.0     0.1089      0.4    0.8      22.125   25.7   0b1111111111111111    20190604T151056582544
 7     160     2.4000      0.0       0.0     0.4775      0.0    0.0       5.026   25.7   0b1111111111111111    20190604T151056582828
 8     160     2.4112      0.0       0.0     0.1115      0.3    0.8      21.626   25.7   0b1111111111111111    20190604T151056583110
 9     160     2.4210      0.0       0.0     0.4794      0.4    0.8       5.050   25.7   0b1111111111111111    20190604T151056583442
10     160     2.4338      0.0       0.0     0.1122      0.4    0.8      21.698   25.7   0b1111111111111111    20190604T151056583791
11     160     2.4375      0.0       0.0     0.4825      0.0    0.0       5.052   25.7   0b1111111111111111    20190604T151056584081
12     160     2.4090      0.0       0.0     0.1091      0.3    0.8      22.084   25.7   0b1111111111111111    20190604T151056584424
13     160     2.4150      0.0       0.0     0.4766      0.3    0.8       5.067   25.7   0b1111111111111111    20190604T151056584714
14     160     2.3985      0.0       0.0     0.1099      0.2    0.8      21.821   25.7   0b1111111111111111    20190604T151056584994
15     160     2.4195      0.0       0.0     0.4817      0.3    0.8       5.022   25.7   0b1111111111111111    20190604T151056585327
 0     150     2.3744      0.2       0.8     0.1075      0.0    0.0      22.088   25.7   0b1111111111111111    20190604T151100029951
 1     150     2.3700      0.0       0.0     0.4662      0.4    0.8       5.083   25.7   0b1111111111111111    20190604T151100030620
 2     150     2.3828      0.0       0.0     0.1082      0.2    0.8      22.012   25.7   0b1111111111111111    20190604T151100030929
 3     150     2.3595      0.0       0.0     0.4651      0.2    0.8       5.073   25.7   0b1111111111111111    20190604T151100031272
 4     150     2.3550      0.0       0.0     0.1075      0.0    0.0      21.907   25.7   0b1111111111111111    20190604T151100031636
 5     150     2.3595      0.0       0.0     0.4673      0.3    0.8       5.049   25.7   0b1111111111111111    20190604T151100031941
 6     150     2.3633      0.0       0.0     0.1067      0.0    0.0      22.155   25.7   0b1111111111111111    20190604T151100032277
 7     150     2.3536      0.2       0.8     0.4684      0.2    0.8       5.025   25.7   0b1111111111111111    20190604T151100032578
 8     150     2.3648      0.0       0.0     0.1092      0.0    0.0      21.662   25.7   0b1111111111111111    20190604T151100032862
 9     150     2.3739      0.3       0.8     0.4700      0.0    0.0       5.051   25.7   0b1111111111111111    20190604T151100033142
10     150     2.3858      0.0       0.0     0.1100      0.0    0.0      21.689   25.7   0b1111111111111111    20190604T151100033465
11     150     2.3895      0.0       0.0     0.4727      0.3    0.8       5.055   25.7   0b1111111111111111    20190604T151100033749
12     150     2.3633      0.0       0.0     0.1070      0.4    0.8      22.086   25.7   0b1111111111111111    20190604T151100034270
13     150     2.3693      0.0       0.0     0.4674      0.3    0.8       5.069   25.7   0b1111111111111111    20190604T151100034654
14     150     2.3531      0.4       0.8     0.1075      0.0    0.0      21.889   25.7   0b1111111111111111    20190604T151100034936
15     150     2.3730      0.0       0.0     0.4725      0.0    0.0       5.022   25.7   0b1111111111111111    20190604T151100035243
 0     140     2.3265      0.0       0.0     0.1051      0.3    0.8      22.140   25.7   0b1111111111111111    20190604T151103478488
 1     140     2.3220      0.0       0.0     0.4567      0.0    0.0       5.085   25.7   0b1111111111111111    20190604T151103478885
 2     140     2.3348      0.0       0.0     0.1058      0.0    0.0      22.061   25.7   0b1111111111111111    20190604T151103479195
 3     140     2.3122      0.0       0.0     0.4558      0.2    0.8       5.074   25.7   0b1111111111111111    20190604T151103479550
 4     140     2.3070      0.0       0.0     0.1053      0.4    0.8      21.902   25.7   0b1111111111111111    20190604T151103479841
 5     140     2.3116      0.3       0.8     0.4575      0.0    0.0       5.053   25.7   0b1111111111111111    20190604T151103480129
 6     140     2.3152      0.0       0.0     0.1042      0.2    0.8      22.209   25.7   0b1111111111111111    20190604T151103480462
 7     140     2.3061      0.3       0.8     0.4592      0.0    0.0       5.022   25.7   0b1111111111111111    20190604T151103480749
 8     140     2.3159      0.2       0.8     0.1067      0.0    0.0      21.712   25.7   0b1111111111111111    20190604T151103481040
 9     140     2.3250      0.0       0.0     0.4601      0.2    0.8       5.053   25.7   0b1111111111111111    20190604T151103481384
10     140     2.3363      0.0       0.0     0.1075      0.0    0.0      21.733   25.7   0b1111111111111111    20190604T151103481715
11     140     2.3400      0.0       0.0     0.4629      0.4    0.8       5.055   25.7   0b1111111111111111    20190604T151103481997
12     140     2.3159      0.2       0.8     0.1048      0.3    0.8      22.091   25.7   0b1111111111111111    20190604T151103482339
13     140     2.3217      0.4       0.8     0.4578      0.4    0.8       5.071   25.7   0b1111111111111111    20190604T151103482629
14     140     2.3061      0.3       0.8     0.1051      0.3    0.8      21.945   25.7   0b1111111111111111    20190604T151103482908
15     140     2.3252      0.3       0.8     0.4632      0.3    0.8       5.020   25.7   0b1111111111111111    20190604T151103483186
 0     130     2.2785      0.0       0.0     0.1028      0.4    0.8      22.175   25.7   0b1111111111111111    20190604T151106928693
 1     130     2.2748      0.0       0.0     0.4472      0.4    0.8       5.087   25.7   0b1111111111111111    20190604T151106929104
 2     130     2.2871      0.4       0.8     0.1035      0.3    0.8      22.098   25.7   0b1111111111111111    20190604T151106929499
 3     130     2.2650      0.0       0.0     0.4462      0.4    0.8       5.077   25.7   0b1111111111111111    20190604T151106929807
 4     130     2.2590      0.0       0.0     0.1033      0.2    0.8      21.879   25.7   0b1111111111111111    20190604T151106930102
 5     130     2.2635      0.0       0.0     0.4481      0.4    0.8       5.052   25.7   0b1111111111111111    20190604T151106930440
 6     130     2.2673      0.0       0.0     0.1021      0.4    0.8      22.210   25.7   0b1111111111111111    20190604T151106930731
 7     130     2.2582      0.0       0.0     0.4494      0.4    0.8       5.025   25.7   0b1111111111111111    20190604T151106931014
 8     130     2.2673      0.0       0.0     0.1044      0.4    0.8      21.713   25.7   0b1111111111111111    20190604T151106931391
 9     130     2.2763      0.0       0.0     0.4503      0.4    0.8       5.055   25.7   0b1111111111111111    20190604T151106931685
10     130     2.2874      0.2       0.8     0.1051      0.3    0.8      21.768   25.7   0b1111111111111111    20190604T151106931966
11     130     2.2905      0.0       0.0     0.4532      0.3    0.8       5.054   25.7   0b1111111111111111    20190604T151106932316
12     130     2.2688      0.0       0.0     0.1025      0.0    0.0      22.134   25.7   0b1111111111111111    20190604T151106932605
13     130     2.2740      0.0       0.0     0.4483      0.0    0.0       5.072   25.7   0b1111111111111111    20190604T151106932886
14     130     2.2590      0.0       0.0     0.1032      0.3    0.8      21.897   25.7   0b1111111111111111    20190604T151106933164
15     130     2.2778      0.0       0.0     0.4533      0.0    0.0       5.024   25.7   0b1111111111111111    20190604T151106933493
 0     120     2.2312      0.0       0.0     0.1008      0.0    0.0      22.128   25.7   0b1111111111111111    20190604T151110373299
 1     120     2.2275      0.0       0.0     0.4378      0.4    0.8       5.088   25.7   0b1111111111111111    20190604T151110373706
 2     120     2.2388      0.0       0.0     0.1012      0.4    0.8      22.111   25.7   0b1111111111111111    20190604T151110374021
 3     120     2.2185      0.0       0.0     0.4369      0.4    0.8       5.078   25.7   0b1111111111111111    20190604T151110374380
 4     120     2.2111      0.2       0.8     0.1008      0.0    0.0      21.928   25.7   0b1111111111111111    20190604T151110374679
 5     120     2.2155      0.0       0.0     0.4383      0.0    0.0       5.054   25.7   0b1111111111111111    20190604T151110374968
 6     120     2.2200      0.0       0.0     0.0999      0.2    0.8      22.219   25.7   0b1111111111111111    20190604T151110375310
 7     120     2.2102      0.0       0.0     0.4400      0.0    0.0       5.023   25.7   0b1111111111111111    20190604T151110375612
 8     120     2.2185      0.0       0.0     0.1023      0.3    0.8      21.679   25.7   0b1111111111111111    20190604T151110375924
 9     120     2.2275      0.0       0.0     0.4408      0.0    0.0       5.053   25.7   0b1111111111111111    20190604T151110376352
10     120     2.2388      0.0       0.0     0.1031      0.4    0.8      21.718   25.7   0b1111111111111111    20190604T151110376645
11     120     2.2410      0.0       0.0     0.4433      0.0    0.0       5.055   25.7   0b1111111111111111    20190604T151110376928
12     120     2.2213      0.3       0.8     0.1000      0.0    0.0      22.213   25.7   0b1111111111111111    20190604T151110377207
13     120     2.2282      0.0       0.0     0.4392      0.0    0.0       5.074   25.7   0b1111111111111111    20190604T151110377545
14     120     2.2118      0.2       0.8     0.1008      0.0    0.0      21.935   25.7   0b1111111111111111    20190604T151110377825
15     120     2.2305      0.0       0.0     0.4441      0.2    0.8       5.023   25.7   0b1111111111111111    20190604T151110378103
 0     110     2.1857      0.3       0.8     0.0985      0.3    0.8      22.190   25.7   0b1111111111111111    20190604T151113818251
 1     110     2.1819      0.3       0.8     0.4290      0.3    0.8       5.086   25.7   0b1111111111111111    20190604T151113818694
 2     110     2.1936      0.3       0.8     0.0992      0.0    0.0      22.120   25.7   0b1111111111111111    20190604T151113819008
 3     110     2.1735      0.0       0.0     0.4281      0.4    0.8       5.077   25.7   0b1111111111111111    20190604T151113819368
 4     110     2.1655      0.3       0.8     0.0984      0.3    0.8      22.003   25.7   0b1111111111111111    20190604T151113819667
 5     110     2.1699      0.3       0.8     0.4292      0.0    0.0       5.056   25.7   0b1111111111111111    20190604T151113819955
 6     110     2.1742      0.2       0.8     0.0976      0.2    0.8      22.280   25.7   0b1111111111111111    20190604T151113820291
 7     110     2.1645      0.0       0.0     0.4308      0.0    0.0       5.024   25.7   0b1111111111111111    20190604T151113820580
 8     110     2.1715      0.3       0.8     0.1000      0.0    0.0      21.715   25.7   0b1111111111111111    20190604T151113820862
 9     110     2.1810      0.0       0.0     0.4316      0.2    0.8       5.053   25.7   0b1111111111111111    20190604T151113821187
10     110     2.1915      0.0       0.0     0.1008      0.0    0.0      21.734   25.7   0b1111111111111111    20190604T151113821535
11     110     2.1941      0.4       0.8     0.4338      0.4    0.8       5.059   25.7   0b1111111111111111    20190604T151113821819
12     110     2.1758      0.2       0.8     0.0983      0.0    0.0      22.127   25.7   0b1111111111111111    20190604T151113822098
13     110     2.1825      0.0       0.0     0.4300      0.0    0.0       5.076   25.7   0b1111111111111111    20190604T151113822433
14     110     2.1667      0.0       0.0     0.0985      0.3    0.8      21.997   25.7   0b1111111111111111    20190604T151113822718
15     110     2.1848      0.0       0.0     0.4349      0.2    0.8       5.023   25.7   0b1111111111111111    20190604T151113822997
 0     100     2.1382      0.0       0.0     0.0966      0.2    0.8      22.139   25.7   0b1111111111111111    20190604T151117261619
 1     100     2.1345      0.0       0.0     0.4192      0.0    0.0       5.092   25.7   0b1111111111111111    20190604T151117262022
 2     100     2.1458      0.0       0.0     0.0968      0.2    0.8      22.178   25.7   0b1111111111111111    20190604T151117262424
 3     100     2.1262      0.0       0.0     0.4183      0.0    0.0       5.083   25.7   0b1111111111111111    20190604T151117262734
 4     100     2.1172      0.0       0.0     0.0964      0.4    0.8      21.959   25.7   0b1111111111111111    20190604T151117263024
 5     100     2.1218      0.2       0.8     0.4199      0.3    0.8       5.053   25.7   0b1111111111111111    20190604T151117263370
 6     100     2.1255      0.0       0.0     0.0956      0.4    0.8      22.237   25.7   0b1111111111111111    20190604T151117263672
 7     100     2.1165      0.0       0.0     0.4211      0.4    0.8       5.026   25.7   0b1111111111111111    20190604T151117264006
 8     100     2.1225      0.0       0.0     0.0976      0.2    0.8      21.751   25.7   0b1111111111111111    20190604T151117264366
 9     100     2.1315      0.0       0.0     0.4216      0.2    0.8       5.056   25.7   0b1111111111111111    20190604T151117264657
10     100     2.1420      0.0       0.0     0.0983      0.0    0.0      21.783   25.7   0b1111111111111111    20190604T151117264939
11     100     2.1448      0.3       0.8     0.4239      0.4    0.8       5.059   25.7   0b1111111111111111    20190604T151117265249
12     100     2.1283      0.3       0.8     0.0958      0.0    0.0      22.209   25.7   0b1111111111111111    20190604T151117265554
13     100     2.1345      0.0       0.0     0.4208      0.0    0.0       5.072   25.7   0b1111111111111111    20190604T151117265833
14     100     2.1187      0.0       0.0     0.0966      0.2    0.8      21.937   25.7   0b1111111111111111    20190604T151117266109
15     100     2.1368      0.2       0.8     0.4250      0.0    0.0       5.028   25.7   0b1111111111111111    20190604T151117266433
 0      90     2.0903      0.0       0.0     0.0942      0.0    0.0      22.197   25.7   0b1111111111111111    20190604T151120708978
 1      90     2.0871      0.3       0.8     0.4100      0.0    0.0       5.090   25.7   0b1111111111111111    20190604T151120709327
 2      90     2.0978      0.0       0.0     0.0946      0.4    0.8      22.179   25.7   0b1111111111111111    20190604T151120709607
 3      90     2.0775      0.0       0.0     0.4090      0.3    0.8       5.079   25.7   0b1111111111111111    20190604T151120709873
 4      90     2.0692      0.0       0.0     0.0942      0.0    0.0      21.974   25.7   0b1111111111111111    20190604T151120710136
 5      90     2.0745      0.0       0.0     0.4100      0.0    0.0       5.060   25.7   0b1111111111111111    20190604T151120710407
 6      90     2.0768      0.0       0.0     0.0933      0.2    0.8      22.271   25.7   0b1111111111111111    20190604T151120710664
 7      90     2.0678      0.0       0.0     0.4115      0.3    0.8       5.025   25.7   0b1111111111111111    20190604T151120710902
 8      90     2.0730      0.0       0.0     0.0953      0.4    0.8      21.745   25.7   0b1111111111111111    20190604T151120711147
 9      90     2.0820      0.0       0.0     0.4117      0.0    0.0       5.057   25.7   0b1111111111111111    20190604T151120711407
10      90     2.0915      0.4       0.8     0.0958      0.0    0.0      21.824   25.7   0b1111111111111111    20190604T151120711836
11      90     2.0948      0.0       0.0     0.4141      0.3    0.8       5.059   25.7   0b1111111111111111    20190604T151120712092
12      90     2.0800      0.3       0.8     0.0936      0.4    0.8      22.226   25.7   0b1111111111111111    20190604T151120712402
13      90     2.0870      0.3       0.8     0.4111      0.4    0.8       5.077   25.7   0b1111111111111111    20190604T151120712652
14      90     2.0705      0.3       0.7     0.0942      0.0    0.0      21.988   25.7   0b1111111111111111    20190604T151120712897
15      90     2.0888      0.0       0.0     0.4153      0.4    0.8       5.029   25.7   0b1111111111111111    20190604T151120713125
 0      80     2.0414      0.2       0.8     0.0917      0.0    0.0      22.270   25.8   0b1111111111111111    20190604T151124149631
 1      80     2.0377      0.2       0.8     0.4000      0.0    0.0       5.094   25.8   0b1111111111111111    20190604T151124150029
 2      80     2.0484      0.3       0.8     0.0925      0.0    0.0      22.145   25.8   0b1111111111111111    20190604T151124150426
 3      80     2.0287      0.0       0.0     0.3992      0.0    0.0       5.082   25.8   0b1111111111111111    20190604T151124150734
 4      80     2.0197      0.0       0.0     0.0917      0.0    0.0      22.034   25.8   0b1111111111111111    20190604T151124151026
 5      80     2.0250      0.0       0.0     0.4001      0.2    0.8       5.061   25.8   0b1111111111111111    20190604T151124151382
 6      80     2.0272      0.2       0.8     0.0908      0.0    0.0      22.318   25.8   0b1111111111111111    20190604T151124151672
 7      80     2.0183      0.0       0.0     0.4017      0.0    0.0       5.025   25.8   0b1111111111111111    20190604T151124151955
 8      80     2.0220      0.0       0.0     0.0930      0.4    0.8      21.742   25.8   0b1111111111111111    20190604T151124152288
 9      80     2.0310      0.0       0.0     0.4017      0.0    0.0       5.056   25.8   0b1111111111111111    20190604T151124152639
10      80     2.0400      0.0       0.0     0.0933      0.0    0.0      21.857   25.8   0b1111111111111111    20190604T151124152928
11      80     2.0437      0.0       0.0     0.4040      0.3    0.8       5.059   25.8   0b1111111111111111    20190604T151124153236
12      80     2.0295      0.0       0.0     0.0913      0.4    0.8      22.221   25.8   0b1111111111111111    20190604T151124153553
13      80     2.0362      0.0       0.0     0.4009      0.2    0.8       5.079   25.8   0b1111111111111111    20190604T151124153834
14      80     2.0205      0.0       0.0     0.0918      0.3    0.8      22.002   25.8   0b1111111111111111    20190604T151124154113
15      80     2.0385      0.0       0.0     0.4054      0.4    0.8       5.028   25.8   0b1111111111111111    20190604T151124154434
 0      70     1.9913      0.0       0.0     0.0892      0.0    0.0      22.332   25.8   0b1111111111111111    20190604T151127597787
 1      70     1.9883      0.0       0.0     0.3900      0.0    0.0       5.098   25.8   0b1111111111111111    20190604T151127598202
 2      70     1.9989      0.3       0.8     0.0900      0.0    0.0      22.210   25.8   0b1111111111111111    20190604T151127598604
 3      70     1.9786      0.2       0.8     0.3892      0.2    0.8       5.083   25.8   0b1111111111111111    20190604T151127598907
 4      70     1.9703      0.0       0.0     0.0893      0.3    0.8      22.055   25.8   0b1111111111111111    20190604T151127599200
 5      70     1.9754      0.2       0.7     0.3905      0.4    0.8       5.059   25.8   0b1111111111111111    20190604T151127599542
 6      70     1.9770      0.0       0.0     0.0883      0.0    0.0      22.381   25.8   0b1111111111111111    20190604T151127599827
 7      70     1.9688      0.0       0.0     0.3917      0.0    0.0       5.027   25.8   0b1111111111111111    20190604T151127600111
 8      70     1.9708      0.3       0.8     0.0904      0.4    0.8      21.797   25.8   0b1111111111111111    20190604T151127600497
 9      70     1.9800      0.0       0.0     0.3912      0.4    0.8       5.061   25.8   0b1111111111111111    20190604T151127600795
10      70     1.9890      0.0       0.0     0.0911      0.4    0.8      21.837   25.8   0b1111111111111111    20190604T151127601077
11      70     1.9928      0.0       0.0     0.3934      0.3    0.8       5.065   25.8   0b1111111111111111    20190604T151127601426
12      70     1.9792      0.0       0.0     0.0891      0.2    0.8      22.218   25.8   0b1111111111111111    20190604T151127601716
13      70     1.9860      0.0       0.0     0.3909      0.3    0.8       5.080   25.8   0b1111111111111111    20190604T151127601997
14      70     1.9697      0.3       0.8     0.0894      0.4    0.8      22.029   25.8   0b1111111111111111    20190604T151127602337
15      70     1.9875      0.0       0.0     0.3950      0.0    0.0       5.032   25.8   0b1111111111111111    20190604T151127602623
 0      60     1.9403      0.0       0.0     0.0870      0.4    0.8      22.302   25.8   0b1111111111111111    20190604T151131080644
 1      60     1.9373      0.0       0.0     0.3800      0.0    0.0       5.098   25.8   0b1111111111111111    20190604T151131081049
 2      60     1.9470      0.0       0.0     0.0875      0.0    0.0      22.251   25.8   0b1111111111111111    20190604T151131081398
 3      60     1.9282      0.0       0.0     0.3792      0.0    0.0       5.085   25.8   0b1111111111111111    20190604T151131081700
 4      60     1.9192      0.0       0.0     0.0868      0.3    0.8      22.103   25.8   0b1111111111111111    20190604T151131082063
 5      60     1.9252      0.0       0.0     0.3807      0.3    0.8       5.058   25.8   0b1111111111111111    20190604T151131082386
 6      60     1.9267      0.0       0.0     0.0860      0.3    0.8      22.404   25.8   0b1111111111111111    20190604T151131082674
 7      60     1.9184      0.3       0.8     0.3813      0.4    0.8       5.031   25.8   0b1111111111111111    20190604T151131082958
 8      60     1.9175      0.3       0.8     0.0881      0.4    0.8      21.769   25.8   0b1111111111111111    20190604T151131083241
 9      60     1.9282      0.0       0.0     0.3808      0.0    0.0       5.063   25.8   0b1111111111111111    20190604T151131083542
10      60     1.9365      0.0       0.0     0.0885      0.3    0.8      21.881   25.8   0b1111111111111111    20190604T151131083822
11      60     1.9395      0.0       0.0     0.3829      0.4    0.8       5.065   25.8   0b1111111111111111    20190604T151131084101
12      60     1.9275      0.0       0.0     0.0864      0.4    0.8      22.305   25.8   0b1111111111111111    20190604T151131084403
13      60     1.9353      0.4       0.8     0.3808      0.0    0.0       5.082   25.8   0b1111111111111111    20190604T151131084684
14      60     1.9196      0.4       0.8     0.0872      0.4    0.8      22.022   25.8   0b1111111111111111    20190604T151131084962
15      60     1.9365      0.0       0.0     0.3850      0.0    0.0       5.030   25.8   0b1111111111111111    20190604T151131085239
 0      50     1.8886      0.2       0.8     0.0849      0.3    0.8      22.240   25.8   0b1111111111111111    20190604T151134543447
 1      50     1.8855      0.0       0.0     0.3700      0.0    0.0       5.096   25.8   0b1111111111111111    20190604T151134543849
 2      50     1.8957      0.4       0.8     0.0850      0.0    0.0      22.302   25.8   0b1111111111111111    20190604T151134544163
 3      50     1.8773      0.2       0.8     0.3692      0.0    0.0       5.085   25.8   0b1111111111111111    20190604T151134544535
 4      50     1.8683      0.0       0.0     0.0847      0.4    0.8      22.066   25.8   0b1111111111111111    20190604T151134544832
 5      50     1.8743      0.2       0.8     0.3705      0.4    0.8       5.059   25.8   0b1111111111111111    20190604T151134545118
 6      50     1.8755      0.3       0.8     0.0834      0.2    0.8      22.484   25.8   0b1111111111111111    20190604T151134545448
 7      50     1.8675      0.0       0.0     0.3712      0.4    0.8       5.030   25.8   0b1111111111111111    20190604T151134545737
 8      50     1.8653      0.0       0.0     0.0856      0.4    0.8      21.795   25.8   0b1111111111111111    20190604T151134546034
 9      50     1.8765      0.0       0.0     0.3708      0.0    0.0       5.060   25.8   0b1111111111111111    20190604T151134546418
10      50     1.8840      0.0       0.0     0.0859      0.2    0.8      21.928   25.8   0b1111111111111111    20190604T151134546707
11      50     1.8870      0.0       0.0     0.3724      0.2    0.8       5.067   25.8   0b1111111111111111    20190604T151134546987
12      50     1.8765      0.0       0.0     0.0842      0.0    0.0      22.295   25.8   0b1111111111111111    20190604T151134547328
13      50     1.8840      0.0       0.0     0.3708      0.0    0.0       5.080   25.8   0b1111111111111111    20190604T151134547613
14      50     1.8690      0.0       0.0     0.0849      0.3    0.8      22.010   25.8   0b1111111111111111    20190604T151134547891
15      50     1.8854      0.2       0.8     0.3744      0.4    0.8       5.036   25.8   0b1111111111111111    20190604T151134548170
 0      40     1.8374      0.2       0.8     0.0824      0.2    0.8      22.294   25.8   0b1111111111111111    20190604T151138003119
 1      40     1.8337      0.0       0.0     0.3598      0.3    0.8       5.096   25.8   0b1111111111111111    20190604T151138003523
 2      40     1.8435      0.0       0.0     0.0825      0.0    0.0      22.345   25.8   0b1111111111111111    20190604T151138003847
 3      40     1.8263      0.0       0.0     0.3591      0.2    0.8       5.086   25.8   0b1111111111111111    20190604T151138004177
 4      40     1.8173      0.0       0.0     0.0821      0.4    0.8      22.139   25.8   0b1111111111111111    20190604T151138004480
 5      40     1.8233      0.0       0.0     0.3601      0.2    0.8       5.063   25.8   0b1111111111111111    20190604T151138004770
 6      40     1.8240      0.0       0.0     0.0813      0.4    0.8      22.449   25.8   0b1111111111111111    20190604T151138005054
 7      40     1.8165      0.0       0.0     0.3608      0.0    0.0       5.034   25.8   0b1111111111111111    20190604T151138005370
 8      40     1.8135      0.0       0.0     0.0833      0.2    0.8      21.784   25.8   0b1111111111111111    20190604T151138005652
 9      40     1.8240      0.0       0.0     0.3601      0.2    0.8       5.065   25.8   0b1111111111111111    20190604T151138005933
10      40     1.8310      0.4       0.8     0.0834      0.2    0.8      21.951   25.8   0b1111111111111111    20190604T151138006221
11      40     1.8352      0.0       0.0     0.3618      0.3    0.8       5.072   25.8   0b1111111111111111    20190604T151138006510
12      40     1.8255      0.0       0.0     0.0817      0.0    0.0      22.353   25.8   0b1111111111111111    20190604T151138006789
13      40     1.8327      0.4       0.8     0.3608      0.2    0.8       5.080   25.8   0b1111111111111111    20190604T151138007068
14      40     1.8184      0.4       0.8     0.0825      0.0    0.0      22.042   25.8   0b1111111111111111    20190604T151138007384
15      40     1.8337      0.0       0.0     0.3642      0.0    0.0       5.035   25.8   0b1111111111111111    20190604T151138007663
 0      30     1.7857      0.0       0.0     0.0799      0.2    0.8      22.345   25.8   0b1111111111111111    20190604T151141477661
 1      30     1.7850      0.0       0.0     0.3500      0.0    0.0       5.100   25.8   0b1111111111111111    20190604T151141478067
 2      30     1.7933      0.0       0.0     0.0801      0.2    0.8      22.392   25.8   0b1111111111111111    20190604T151141478376
 3      30     1.7760      0.0       0.0     0.3492      0.0    0.0       5.086   25.8   0b1111111111111111    20190604T151141478681
 4      30     1.7685      0.0       0.0     0.0799      0.2    0.8      22.129   25.8   0b1111111111111111    20190604T151141478827
 5      30     1.7723      0.0       0.0     0.3500      0.0    0.0       5.064   25.8   0b1111111111111111    20190604T151141478968
 6      30     1.7745      0.0       0.0     0.0788      0.4    0.8      22.533   25.8   0b1111111111111111    20190604T151141479107
 7      30     1.7670      0.0       0.0     0.3509      0.3    0.8       5.035   25.8   0b1111111111111111    20190604T151141479245
 8      30     1.7632      0.0       0.0     0.0808      0.0    0.0      21.813   25.8   0b1111111111111111    20190604T151141479381
 9      30     1.7732      0.3       0.8     0.3500      0.0    0.0       5.066   25.8   0b1111111111111111    20190604T151141479549
10      30     1.7812      0.0       0.0     0.0810      0.3    0.8      21.991   25.8   0b1111111111111111    20190604T151141479689
11      30     1.7828      0.0       0.0     0.3516      0.3    0.8       5.071   25.8   0b1111111111111111    20190604T151141479825
12      30     1.7760      0.0       0.0     0.0792      0.0    0.0      22.434   25.8   0b1111111111111111    20190604T151141479961
13      30     1.7835      0.0       0.0     0.3509      0.3    0.8       5.082   25.8   0b1111111111111111    20190604T151141480096
14      30     1.7692      0.0       0.0     0.0800      0.0    0.0      22.116   25.8   0b1111111111111111    20190604T151141480232
15      30     1.7835      0.0       0.0     0.3542      0.2    0.8       5.035   25.8   0b1111111111111111    20190604T151141480368
 0      20     1.7355      0.0       0.0     0.0774      0.2    0.8      22.418   25.8   0b1111111111111111    20190604T151144924818
 1      20     1.7344      0.4       0.8     0.3400      0.0    0.0       5.101   25.8   0b1111111111111111    20190604T151144925289
 2      20     1.7430      0.0       0.0     0.0775      0.0    0.0      22.490   25.8   0b1111111111111111    20190604T151144925635
 3      20     1.7258      0.2       0.8     0.3390      0.3    0.8       5.091   25.8   0b1111111111111111    20190604T151144925935
 4      20     1.7182      0.0       0.0     0.0775      0.0    0.0      22.171   25.8   0b1111111111111111    20190604T151144926263
 5      20     1.7228      0.0       0.0     0.3400      0.0    0.0       5.067   25.8   0b1111111111111111    20190604T151144926575
 6      20     1.7242      0.2       0.8     0.0767      0.0    0.0      22.489   25.8   0b1111111111111111    20190604T151144926861
 7      20     1.7168      0.2       0.8     0.3410      0.3    0.8       5.035   25.8   0b1111111111111111    20190604T151144927144
 8      20     1.7123      0.0       0.0     0.0783      0.0    0.0      21.859   25.8   0b1111111111111111    20190604T151144927470
 9      20     1.7223      0.4       0.8     0.3400      0.0    0.0       5.066   25.8   0b1111111111111111    20190604T151144927812
10      20     1.7295      0.0       0.0     0.0789      0.4    0.8      21.916   25.8   0b1111111111111111    20190604T151144928101
11      20     1.7311      0.2       0.7     0.3411      0.4    0.8       5.075   25.8   0b1111111111111111    20190604T151144928402
12      20     1.7258      0.0       0.0     0.0767      0.0    0.0      22.510   25.8   0b1111111111111111    20190604T151144928542
13      20     1.7332      0.0       0.0     0.3408      0.0    0.0       5.085   25.8   0b1111111111111111    20190604T151144928679
14      20     1.7198      0.2       0.8     0.0777      0.3    0.8      22.144   25.8   0b1111111111111111    20190604T151144928814
15      20     1.7332      0.0       0.0     0.3442      0.0    0.0       5.036   25.8   0b1111111111111111    20190604T151144928950
 0      10     1.6848      0.4       0.8     0.0750      0.0    0.0      22.464   25.8   0b1111111111111111    20190604T151148373610
 1      10     1.6844      0.2       0.8     0.3300      0.0    0.0       5.104   25.8   0b1111111111111111    20190604T151148373994
 2      10     1.6928      0.0       0.0     0.0755      0.4    0.8      22.421   25.8   0b1111111111111111    20190604T151148374325
 3      10     1.6763      0.0       0.0     0.3292      0.0    0.0       5.092   25.8   0b1111111111111111    20190604T151148374616
 4      10     1.6687      0.0       0.0     0.0750      0.0    0.0      22.250   25.8   0b1111111111111111    20190604T151148374899
 5      10     1.6725      0.0       0.0     0.3300      0.0    0.0       5.068   25.8   0b1111111111111111    20190604T151148375204
 6      10     1.6740      0.0       0.0     0.0742      0.0    0.0      22.571   25.8   0b1111111111111111    20190604T151148375579
 7      10     1.6672      0.0       0.0     0.3308      0.0    0.0       5.040   25.8   0b1111111111111111    20190604T151148375882
 8      10     1.6613      0.0       0.0     0.0758      0.0    0.0      21.907   25.8   0b1111111111111111    20190604T151148376187
 9      10     1.6711      0.3       0.8     0.3298      0.4    0.8       5.068   25.8   0b1111111111111111    20190604T151148376471
10      10     1.6784      0.3       0.8     0.0766      0.2    0.8      21.915   25.8   0b1111111111111111    20190604T151148376751
11      10     1.6800      0.0       0.0     0.3309      0.3    0.8       5.077   25.8   0b1111111111111111    20190604T151148377029
12      10     1.6763      0.0       0.0     0.0744      0.4    0.8      22.525   25.8   0b1111111111111111    20190604T151148377333
13      10     1.6836      0.3       0.7     0.3308      0.0    0.0       5.089   25.8   0b1111111111111111    20190604T151148377614
14      10     1.6707      0.4       0.8     0.0757      0.3    0.8      22.080   25.8   0b1111111111111111    20190604T151148377892
15      10     1.6832      0.3       0.7     0.3342      0.0    0.0       5.037   25.8   0b1111111111111111    20190604T151148378202
 0       0     1.6343      0.0       0.0     0.0726      0.2    0.8      22.515   25.8   0b1111111111111111    20190604T151151848021
 1       0     1.6338      0.4       0.8     0.3200      0.0    0.0       5.106   25.8   0b1111111111111111    20190604T151151848504
 2       0     1.6418      0.0       0.0     0.0731      0.4    0.8      22.464   25.8   0b1111111111111111    20190604T151151848828
 3       0     1.6260      0.0       0.0     0.3192      0.0    0.0       5.095   25.8   0b1111111111111111    20190604T151151849126
 4       0     1.6185      0.0       0.0     0.0726      0.2    0.8      22.299   25.8   0b1111111111111111    20190604T151151849464
 5       0     1.6222      0.2       0.8     0.3200      0.0    0.0       5.069   25.8   0b1111111111111111    20190604T151151849759
 6       0     1.6234      0.4       0.8     0.0718      0.2    0.8      22.625   25.8   0b1111111111111111    20190604T151151850044
 7       0     1.6170      0.0       0.0     0.3208      0.0    0.0       5.040   25.8   0b1111111111111111    20190604T151151850419
 8       0     1.6103      0.0       0.0     0.0733      0.0    0.0      21.958   25.8   0b1111111111111111    20190604T151151850709
 9       0     1.6200      0.0       0.0     0.3193      0.3    0.8       5.073   25.8   0b1111111111111111    20190604T151151850991
10       0     1.6267      0.0       0.0     0.0740      0.3    0.8      21.983   25.8   0b1111111111111111    20190604T151151851338
11       0     1.6282      0.0       0.0     0.3208      0.0    0.0       5.075   25.8   0b1111111111111111    20190604T151151851628
12       0     1.6267      0.0       0.0     0.0723      0.4    0.8      22.516   25.8   0b1111111111111111    20190604T151151851908
13       0     1.6335      0.0       0.0     0.3208      0.0    0.0       5.091   25.8   0b1111111111111111    20190604T151151852186
14       0     1.6210      0.3       0.8     0.0732      0.2    0.8      22.129   25.8   0b1111111111111111    20190604T151151852526
15       0     1.6335      0.0       0.0     0.3242      0.0    0.0       5.039   25.8   0b1111111111111111    20190604T151151852807
