CH# Vset[DAC]   V[V]    dVRMS[mV] dVpp[mV]    I[A]  dIRMS[mA] dIpp[mA]   R[ohm]   T[C]   State                Timestamp
 0     250     2.8560      0.0       0.0     0.1304      0.7    2.5      21.899   24.3   0b1111111111111111    20190530T160627944089
 1     250     2.8529      0.2       0.8     0.5626      0.4    1.7       5.071   24.3   0b1111111111111111    20190530T160627944606
 2     250     2.8687      0.0       0.0     0.1313      0.4    0.8      21.857   24.3   0b1111111111111111    20190530T160627946134
 3     250     2.8717      0.0       0.0     0.5685      0.8    2.5       5.051   24.3   0b1111111111111111    20190530T160627946545
 4     250     2.8268      0.2       0.8     0.1296      0.6    1.7      21.815   24.3   0b1111111111111111    20190530T160627946886
 5     250     2.8470      0.0       0.0     0.5643      0.6    2.5       5.045   24.3   0b1111111111111111    20190530T160627947181
 6     250     2.8493      0.0       0.0     0.1295      0.6    1.7      22.002   24.3   0b1111111111111111    20190530T160627947521
 7     250     2.8508      0.0       0.0     0.5663      0.6    1.7       5.034   24.3   0b1111111111111111    20190530T160627947813
 8     250     2.8301      0.4       0.7     0.1308      0.5    1.7      21.632   24.3   0b1111111111111111    20190530T160627948098
 9     250     2.8215      0.0       0.0     0.5621      0.4    0.8       5.020   24.3   0b1111111111111111    20190530T160627948382
10     250     2.8170      0.0       0.0     0.1296      0.4    0.8      21.739   24.3   0b1111111111111111    20190530T160627948692
11     250     2.8348      0.3       0.8     0.5634      0.2    0.8       5.031   24.3   0b1111111111111111    20190530T160627948975
12     250     2.7982      0.0       0.0     0.1286      0.5    1.7      21.762   24.3   0b1111111111111111    20190530T160627949257
13     250     2.8155      0.0       0.0     0.5568      0.3    0.8       5.056   24.3   0b1111111111111111    20190530T160627949559
14     250     2.8211      0.4       0.7     0.1301      0.4    1.7      21.687   24.3   0b1111111111111111    20190530T160627949841
15     250     2.8156      0.2       0.8     0.5624      0.4    1.7       5.006   24.3   0b1111111111111111    20190530T160627950123
 0     240     2.8072      0.0       0.0     0.1282      0.3    0.8      21.903   24.3   0b1111111111111111    20190530T160631404198
 1     240     2.8043      0.0       0.0     0.5530      0.6    1.7       5.071   24.3   0b1111111111111111    20190530T160631404639
 2     240     2.8200      0.0       0.0     0.1288      0.4    0.8      21.889   24.3   0b1111111111111111    20190530T160631404964
 3     240     2.8230      0.0       0.0     0.5587      0.4    0.8       5.053   24.3   0b1111111111111111    20190530T160631405266
 4     240     2.7792      0.4       0.8     0.1273      0.3    0.8      21.826   24.3   0b1111111111111111    20190530T160631405578
 5     240     2.7990      0.0       0.0     0.5547      0.4    0.8       5.046   24.3   0b1111111111111111    20190530T160631405871
 6     240     2.8013      0.0       0.0     0.1274      0.2    0.8      21.985   24.3   0b1111111111111111    20190530T160631406158
 7     240     2.8027      0.0       0.0     0.5562      0.4    0.8       5.039   24.3   0b1111111111111111    20190530T160631406465
 8     240     2.7825      0.0       0.0     0.1287      0.6    1.7      21.612   24.3   0b1111111111111111    20190530T160631406751
 9     240     2.7735      0.0       0.0     0.5529      0.4    0.8       5.016   24.3   0b1111111111111111    20190530T160631407035
10     240     2.7697      0.2       0.7     0.1274      0.2    0.8      21.737   24.3   0b1111111111111111    20190530T160631407363
11     240     2.7870      0.0       0.0     0.5537      0.4    0.8       5.033   24.3   0b1111111111111111    20190530T160631407623
12     240     2.7517      0.2       0.8     0.1262      0.4    0.8      21.810   24.3   0b1111111111111111    20190530T160631407761
13     240     2.7688      0.3       0.7     0.5475      0.4    1.7       5.057   24.3   0b1111111111111111    20190530T160631407898
14     240     2.7742      0.0       0.0     0.1283      0.2    0.8      21.632   24.3   0b1111111111111111    20190530T160631408043
15     240     2.7688      0.3       0.7     0.5533      0.2    0.8       5.005   24.3   0b1111111111111111    20190530T160631408181
 0     230     2.7600      0.0       0.0     0.1260      0.3    0.8      21.905   24.4   0b1111111111111111    20190530T160634856706
 1     230     2.7572      0.3       0.8     0.5439      0.4    0.8       5.069   24.4   0b1111111111111111    20190530T160634857104
 2     230     2.7727      0.0       0.0     0.1267      0.4    1.7      21.890   24.4   0b1111111111111111    20190530T160634857454
 3     230     2.7750      0.0       0.0     0.5495      0.4    0.8       5.050   24.4   0b1111111111111111    20190530T160634857761
 4     230     2.7329      0.2       0.8     0.1250      0.0    0.0      21.863   24.4   0b1111111111111111    20190530T160634858057
 5     230     2.7522      0.4       0.8     0.5453      0.4    0.8       5.047   24.4   0b1111111111111111    20190530T160634858349
 6     230     2.7542      0.3       0.8     0.1252      0.3    0.8      22.004   24.4   0b1111111111111111    20190530T160634858660
 7     230     2.7560      0.3       0.8     0.5472      0.4    0.8       5.037   24.4   0b1111111111111111    20190530T160634858948
 8     230     2.7356      0.4       0.8     0.1263      0.4    0.8      21.654   24.4   0b1111111111111111    20190530T160634859275
 9     230     2.7271      0.2       0.7     0.5438      0.4    0.8       5.015   24.4   0b1111111111111111    20190530T160634859584
10     230     2.7233      0.0       0.0     0.1250      0.0    0.0      21.786   24.4   0b1111111111111111    20190530T160634859870
11     230     2.7401      0.4       0.8     0.5447      0.4    0.8       5.031   24.4   0b1111111111111111    20190530T160634860154
12     230     2.7060      0.0       0.0     0.1241      0.2    0.8      21.808   24.4   0b1111111111111111    20190530T160634860461
13     230     2.7230      0.3       0.8     0.5385      0.3    0.8       5.057   24.4   0b1111111111111111    20190530T160634860746
14     230     2.7285      0.0       0.0     0.1261      0.4    0.8      21.640   24.4   0b1111111111111111    20190530T160634861055
15     230     2.7225      0.0       0.0     0.5438      0.4    0.8       5.006   24.4   0b1111111111111111    20190530T160634861344
 0     220     2.7121      0.2       0.7     0.1238      0.4    0.8      21.916   24.4   0b1111111111111111    20190530T160638314090
 1     220     2.7090      0.0       0.0     0.5343      0.3    0.8       5.071   24.4   0b1111111111111111    20190530T160638314444
 2     220     2.7233      0.0       0.0     0.1243      0.3    0.8      21.903   24.4   0b1111111111111111    20190530T160638314726
 3     220     2.7262      0.2       0.8     0.5396      0.4    0.8       5.052   24.4   0b1111111111111111    20190530T160638314989
 4     220     2.6850      0.0       0.0     0.1230      0.4    0.8      21.829   24.4   0b1111111111111111    20190530T160638315252
 5     220     2.7045      0.0       0.0     0.5359      0.3    0.8       5.046   24.4   0b1111111111111111    20190530T160638315522
 6     220     2.7067      0.2       0.8     0.1229      0.4    0.8      22.020   24.4   0b1111111111111111    20190530T160638315778
 7     220     2.7075      0.0       0.0     0.5375      0.0    0.0       5.037   24.4   0b1111111111111111    20190530T160638316038
 8     220     2.6887      0.0       0.0     0.1240      0.5    1.7      21.683   24.4   0b1111111111111111    20190530T160638316295
 9     220     2.6811      0.3       0.8     0.5346      0.4    0.8       5.015   24.4   0b1111111111111111    20190530T160638316547
10     220     2.6760      0.0       0.0     0.1229      0.4    0.8      21.771   24.4   0b1111111111111111    20190530T160638316802
11     220     2.6925      0.0       0.0     0.5351      0.2    0.8       5.032   24.4   0b1111111111111111    20190530T160638317155
12     220     2.6595      0.0       0.0     0.1217      0.2    0.8      21.844   24.4   0b1111111111111111    20190530T160638317426
13     220     2.6759      0.2       0.7     0.5292      0.0    0.0       5.057   24.4   0b1111111111111111    20190530T160638317691
14     220     2.6809      0.4       0.8     0.1238      0.4    0.8      21.664   24.4   0b1111111111111111    20190530T160638317935
15     220     2.6752      0.0       0.0     0.5343      0.3    0.8       5.007   24.4   0b1111111111111111    20190530T160638318184
 0     210     2.6633      0.0       0.0     0.1215      0.3    0.8      21.920   24.4   0b1111111111111111    20190530T160641765121
 1     210     2.6603      0.0       0.0     0.5248      0.4    0.8       5.070   24.4   0b1111111111111111    20190530T160641765555
 2     210     2.6740      0.3       0.8     0.1220      0.4    0.8      21.918   24.4   0b1111111111111111    20190530T160641765882
 3     210     2.6767      0.0       0.0     0.5298      0.3    0.8       5.052   24.4   0b1111111111111111    20190530T160641766184
 4     210     2.6368      0.3       0.8     0.1205      0.4    0.8      21.882   24.4   0b1111111111111111    20190530T160641766502
 5     210     2.6558      0.0       0.0     0.5262      0.4    0.8       5.047   24.4   0b1111111111111111    20190530T160641766795
 6     210     2.6580      0.0       0.0     0.1208      0.4    1.7      22.012   24.4   0b1111111111111111    20190530T160641767083
 7     210     2.6588      0.0       0.0     0.5280      0.4    0.8       5.036   24.4   0b1111111111111111    20190530T160641767369
 8     210     2.6400      0.0       0.0     0.1218      0.3    0.8      21.669   24.4   0b1111111111111111    20190530T160641767682
 9     210     2.6332      0.2       0.7     0.5249      0.2    0.8       5.016   24.4   0b1111111111111111    20190530T160641768023
10     210     2.6281      0.2       0.8     0.1208      0.2    0.8      21.765   24.4   0b1111111111111111    20190530T160641768314
11     210     2.6445      0.0       0.0     0.5258      0.3    0.8       5.030   24.4   0b1111111111111111    20190530T160641768625
12     210     2.6125      0.3       0.8     0.1196      0.4    0.8      21.846   24.4   0b1111111111111111    20190530T160641768912
13     210     2.6281      0.2       0.8     0.5198      0.3    0.8       5.056   24.4   0b1111111111111111    20190530T160641769196
14     210     2.6332      0.0       0.0     0.1216      0.2    0.8      21.658   24.4   0b1111111111111111    20190530T160641769499
15     210     2.6278      0.3       0.8     0.5250      0.0    0.0       5.005   24.4   0b1111111111111111    20190530T160641769785
 0     200     2.6143      0.3       0.7     0.1191      0.2    0.8      21.953   24.4   0b1111111111111111    20190530T160645238686
 1     200     2.6114      0.2       0.8     0.5149      0.3    0.8       5.072   24.4   0b1111111111111111    20190530T160645239100
 2     200     2.6250      0.0       0.0     0.1200      0.0    0.0      21.875   24.4   0b1111111111111111    20190530T160645239442
 3     200     2.6273      0.0       0.0     0.5201      0.3    0.8       5.052   24.4   0b1111111111111111    20190530T160645239746
 4     200     2.5882      0.0       0.0     0.1183      0.2    0.8      21.888   24.4   0b1111111111111111    20190530T160645240039
 5     200     2.6070      0.0       0.0     0.5167      0.0    0.0       5.046   24.4   0b1111111111111111    20190530T160645240329
 6     200     2.6092      0.0       0.0     0.1184      0.2    0.8      22.034   24.4   0b1111111111111111    20190530T160645240640
 7     200     2.6100      0.0       0.0     0.5183      0.0    0.0       5.035   24.4   0b1111111111111111    20190530T160645240954
 8     200     2.5920      0.0       0.0     0.1194      0.4    0.8      21.706   24.4   0b1111111111111111    20190530T160645241240
 9     200     2.5845      0.0       0.0     0.5152      0.3    0.8       5.017   24.4   0b1111111111111111    20190530T160645241548
10     200     2.5801      0.3       0.8     0.1183      0.0    0.0      21.804   24.4   0b1111111111111111    20190530T160645241884
11     200     2.5957      0.0       0.0     0.5158      0.0    0.0       5.032   24.4   0b1111111111111111    20190530T160645242175
12     200     2.5650      0.0       0.0     0.1175      0.0    0.0      21.830   24.4   0b1111111111111111    20190530T160645242492
13     200     2.5808      0.0       0.0     0.5103      0.4    0.8       5.058   24.4   0b1111111111111111    20190530T160645242779
14     200     2.5855      0.3       0.8     0.1192      0.3    0.8      21.681   24.4   0b1111111111111111    20190530T160645243064
15     200     2.5800      0.0       0.0     0.5154      0.4    0.8       5.006   24.4   0b1111111111111111    20190530T160645243347
 0     190     2.5665      0.0       0.0     0.1168      0.2    0.8      21.983   24.4   0b1111111111111111    20190530T160648695063
 1     190     2.5635      0.0       0.0     0.5056      0.4    0.8       5.070   24.4   0b1111111111111111    20190530T160648695516
 2     190     2.5770      0.0       0.0     0.1176      0.2    0.8      21.916   24.4   0b1111111111111111    20190530T160648695842
 3     190     2.5800      0.0       0.0     0.5104      0.4    0.8       5.055   24.4   0b1111111111111111    20190530T160648696141
 4     190     2.5417      0.0       0.0     0.1161      0.4    0.8      21.896   24.4   0b1111111111111111    20190530T160648696456
 5     190     2.5605      0.0       0.0     0.5074      0.2    0.8       5.046   24.4   0b1111111111111111    20190530T160648696751
 6     190     2.5620      0.0       0.0     0.1164      0.4    0.8      22.007   24.4   0b1111111111111111    20190530T160648697040
 7     190     2.5628      0.0       0.0     0.5088      0.4    0.8       5.037   24.4   0b1111111111111111    20190530T160648697326
 8     190     2.5463      0.0       0.0     0.1174      0.2    0.8      21.686   24.4   0b1111111111111111    20190530T160648697625
 9     190     2.5372      0.0       0.0     0.5058      0.3    0.8       5.017   24.4   0b1111111111111111    20190530T160648697769
10     190     2.5343      0.0       0.0     0.1162      0.4    0.8      21.816   24.4   0b1111111111111111    20190530T160648697908
11     190     2.5493      0.0       0.0     0.5067      0.4    1.7       5.031   24.4   0b1111111111111111    20190530T160648698047
12     190     2.5205      0.3       0.7     0.1155      0.4    0.8      21.823   24.4   0b1111111111111111    20190530T160648698185
13     190     2.5358      0.0       0.0     0.5017      0.0    0.0       5.055   24.4   0b1111111111111111    20190530T160648698322
14     190     2.5402      0.0       0.0     0.1173      0.3    0.8      21.650   24.4   0b1111111111111111    20190530T160648698473
15     190     2.5343      0.0       0.0     0.5062      0.4    0.8       5.007   24.4   0b1111111111111111    20190530T160648698612
 0     180     2.5177      0.0       0.0     0.1146      0.4    0.8      21.973   24.4   0b1111111111111111    20190530T160652154600
 1     180     2.5147      0.0       0.0     0.4958      0.3    0.8       5.073   24.4   0b1111111111111111    20190530T160652155012
 2     180     2.5281      0.3       0.7     0.1150      0.0    0.0      21.983   24.4   0b1111111111111111    20190530T160652155328
 3     180     2.5305      0.0       0.0     0.5008      0.0    0.0       5.053   24.4   0b1111111111111111    20190530T160652155650
 4     180     2.4937      0.0       0.0     0.1138      0.4    0.8      21.907   24.4   0b1111111111111111    20190530T160652155945
 5     180     2.5121      0.4       0.8     0.4976      0.2    0.8       5.049   24.4   0b1111111111111111    20190530T160652156234
 6     180     2.5132      0.0       0.0     0.1142      0.0    0.0      22.014   24.4   0b1111111111111111    20190530T160652156541
 7     180     2.5141      0.3       0.8     0.4992      0.2    0.8       5.036   24.4   0b1111111111111111    20190530T160652156830
 8     180     2.4981      0.3       0.8     0.1150      0.0    0.0      21.723   24.4   0b1111111111111111    20190530T160652157115
 9     180     2.4892      0.0       0.0     0.4962      0.4    0.8       5.017   24.4   0b1111111111111111    20190530T160652157487
10     180     2.4862      0.0       0.0     0.1140      0.3    0.8      21.809   24.4   0b1111111111111111    20190530T160652157667
11     180     2.5011      0.3       0.8     0.4968      0.3    0.8       5.034   24.4   0b1111111111111111    20190530T160652157815
12     180     2.4735      0.0       0.0     0.1133      0.2    0.8      21.841   24.4   0b1111111111111111    20190530T160652157954
13     180     2.4885      0.0       0.0     0.4924      0.2    0.8       5.054   24.4   0b1111111111111111    20190530T160652158093
14     180     2.4930      0.0       0.0     0.1150      0.0    0.0      21.678   24.4   0b1111111111111111    20190530T160652158230
15     180     2.4870      0.0       0.0     0.4967      0.0    0.0       5.007   24.4   0b1111111111111111    20190530T160652158369
 0     170     2.4690      0.0       0.0     0.1123      0.3    0.8      21.979   24.5   0b1111111111111111    20190530T160655609319
 1     170     2.4660      0.0       0.0     0.4863      0.4    0.8       5.071   24.5   0b1111111111111111    20190530T160655609680
 2     170     2.4787      0.0       0.0     0.1130      0.4    0.8      21.936   24.5   0b1111111111111111    20190530T160655609956
 3     170     2.4815      0.4       0.8     0.4909      0.2    0.8       5.055   24.5   0b1111111111111111    20190530T160655610226
 4     170     2.4457      0.0       0.0     0.1117      0.0    0.0      21.902   24.5   0b1111111111111111    20190530T160655610718
 5     170     2.4638      0.0       0.0     0.4882      0.2    0.8       5.046   24.5   0b1111111111111111    20190530T160655611011
 6     170     2.4652      0.2       0.7     0.1117      0.0    0.0      22.076   24.5   0b1111111111111111    20190530T160655611276
 7     170     2.4660      0.0       0.0     0.4896      0.4    0.8       5.037   24.5   0b1111111111111111    20190530T160655611540
 8     170     2.4495      0.0       0.0     0.1125      0.0    0.0      21.773   24.5   0b1111111111111111    20190530T160655611797
 9     170     2.4412      0.0       0.0     0.4869      0.4    0.8       5.014   24.5   0b1111111111111111    20190530T160655612050
10     170     2.4388      0.3       0.8     0.1117      0.0    0.0      21.840   24.5   0b1111111111111111    20190530T160655612360
11     170     2.4525      0.0       0.0     0.4875      0.0    0.0       5.031   24.5   0b1111111111111111    20190530T160655612631
12     170     2.4263      0.0       0.0     0.1108      0.0    0.0      21.891   24.5   0b1111111111111111    20190530T160655612887
13     170     2.4412      0.0       0.0     0.4827      0.3    0.8       5.058   24.5   0b1111111111111111    20190530T160655613139
14     170     2.4455      0.4       0.7     0.1127      0.3    0.8      21.705   24.5   0b1111111111111111    20190530T160655613396
15     170     2.4398      0.0       0.0     0.4872      0.4    0.8       5.007   24.5   0b1111111111111111    20190530T160655613637
 0     160     2.4199      0.4       0.8     0.1101      0.2    0.8      21.982   24.5   0b1111111111111111    20190530T160659065312
 1     160     2.4172      0.0       0.0     0.4767      0.0    0.0       5.071   24.5   0b1111111111111111    20190530T160659065734
 2     160     2.4298      0.3       0.7     0.1106      0.4    0.8      21.973   24.5   0b1111111111111111    20190530T160659066039
 3     160     2.4320      0.3       0.7     0.4809      0.3    0.8       5.057   24.5   0b1111111111111111    20190530T160659066333
 4     160     2.3975      0.4       0.8     0.1092      0.0    0.0      21.961   24.5   0b1111111111111111    20190530T160659066631
 5     160     2.4154      0.4       0.8     0.4784      0.3    0.8       5.049   24.5   0b1111111111111111    20190530T160659066941
 6     160     2.4165      0.0       0.0     0.1093      0.3    0.8      22.102   24.5   0b1111111111111111    20190530T160659067226
 7     160     2.4172      0.0       0.0     0.4799      0.2    0.8       5.037   24.5   0b1111111111111111    20190530T160659067528
 8     160     2.4015      0.0       0.0     0.1107      0.3    0.8      21.700   24.5   0b1111111111111111    20190530T160659067823
 9     160     2.3935      0.4       0.8     0.4773      0.3    0.8       5.014   24.5   0b1111111111111111    20190530T160659067962
10     160     2.3910      0.0       0.0     0.1092      0.0    0.0      21.902   24.5   0b1111111111111111    20190530T160659068127
11     160     2.4045      0.0       0.0     0.4777      0.3    0.8       5.034   24.5   0b1111111111111111    20190530T160659068273
12     160     2.3795      0.4       0.7     0.1087      0.4    0.8      21.897   24.5   0b1111111111111111    20190530T160659068416
13     160     2.3938      0.3       0.8     0.4733      0.0    0.0       5.057   24.5   0b1111111111111111    20190530T160659068554
14     160     2.3978      0.0       0.0     0.1105      0.4    0.8      21.699   24.5   0b1111111111111111    20190530T160659068702
15     160     2.3918      0.0       0.0     0.4775      0.0    0.0       5.009   24.5   0b1111111111111111    20190530T160659068840
 0     150     2.3738      0.0       0.0     0.1078      0.4    0.8      22.013   24.5   0b1111111111111111    20190530T160702520790
 1     150     2.3706      0.3       0.8     0.4673      0.4    0.8       5.074   24.5   0b1111111111111111    20190530T160702521229
 2     150     2.3828      0.0       0.0     0.1083      0.0    0.0      21.995   24.5   0b1111111111111111    20190530T160702521783
 3     150     2.3850      0.0       0.0     0.4718      0.3    0.8       5.055   24.5   0b1111111111111111    20190530T160702522280
 4     150     2.3513      0.2       0.7     0.1072      0.4    0.8      21.941   24.5   0b1111111111111111    20190530T160702522816
 5     150     2.3685      0.0       0.0     0.4692      0.0    0.0       5.048   24.5   0b1111111111111111    20190530T160702523309
 6     150     2.3700      0.0       0.0     0.1074      0.2    0.8      22.064   24.5   0b1111111111111111    20190530T160702523835
 7     150     2.3708      0.0       0.0     0.4705      0.4    0.8       5.039   24.5   0b1111111111111111    20190530T160702524366
 8     150     2.3558      0.2       0.8     0.1082      0.2    0.8      21.763   24.5   0b1111111111111111    20190530T160702524717
 9     150     2.3490      0.0       0.0     0.4683      0.0    0.0       5.016   24.5   0b1111111111111111    20190530T160702525009
10     150     2.3453      0.0       0.0     0.1073      0.3    0.8      21.850   24.5   0b1111111111111111    20190530T160702525297
11     150     2.3581      0.2       0.7     0.4685      0.3    0.8       5.033   24.5   0b1111111111111111    20190530T160702525603
12     150     2.3348      0.0       0.0     0.1067      0.0    0.0      21.888   24.5   0b1111111111111111    20190530T160702525986
13     150     2.3484      0.3       0.8     0.4642      0.0    0.0       5.059   24.5   0b1111111111111111    20190530T160702526275
14     150     2.3520      0.0       0.0     0.1083      0.0    0.0      21.711   24.5   0b1111111111111111    20190530T160702526579
15     150     2.3468      0.0       0.0     0.4687      0.4    0.8       5.007   24.5   0b1111111111111111    20190530T160702526869
 0     140     2.3257      0.0       0.0     0.1055      0.4    0.8      22.045   24.5   0b1111111111111111    20190530T160705978557
 1     140     2.3220      0.0       0.0     0.4575      0.0    0.0       5.075   24.5   0b1111111111111111    20190530T160705978960
 2     140     2.3344      0.4       0.8     0.1060      0.3    0.8      22.023   24.5   0b1111111111111111    20190530T160705979272
 3     140     2.3363      0.0       0.0     0.4621      0.4    0.8       5.056   24.5   0b1111111111111111    20190530T160705979624
 4     140     2.3040      0.0       0.0     0.1048      0.3    0.8      21.978   24.5   0b1111111111111111    20190530T160705979927
 5     140     2.3205      0.0       0.0     0.4597      0.4    0.8       5.048   24.5   0b1111111111111111    20190530T160705980216
 6     140     2.3220      0.0       0.0     0.1050      0.0    0.0      22.114   24.5   0b1111111111111111    20190530T160705980524
 7     140     2.3227      0.0       0.0     0.4608      0.0    0.0       5.040   24.5   0b1111111111111111    20190530T160705980813
 8     140     2.3085      0.0       0.0     0.1059      0.2    0.8      21.795   24.5   0b1111111111111111    20190530T160705981128
 9     140     2.3010      0.0       0.0     0.4586      0.4    0.8       5.018   24.5   0b1111111111111111    20190530T160705981437
10     140     2.2980      0.0       0.0     0.1050      0.0    0.0      21.886   24.5   0b1111111111111111    20190530T160705981811
11     140     2.3107      0.0       0.0     0.4589      0.4    0.8       5.035   24.5   0b1111111111111111    20190530T160705982103
12     140     2.2883      0.0       0.0     0.1045      0.4    0.8      21.897   24.5   0b1111111111111111    20190530T160705982431
13     140     2.3017      0.0       0.0     0.4550      0.0    0.0       5.059   24.5   0b1111111111111111    20190530T160705982756
14     140     2.3048      0.2       0.8     0.1061      0.4    0.8      21.727   24.5   0b1111111111111111    20190530T160705983054
15     140     2.2996      0.2       0.8     0.4592      0.0    0.0       5.008   24.5   0b1111111111111111    20190530T160705983351
 0     130     2.2770      0.0       0.0     0.1033      0.0    0.0      22.035   24.5   0b1111111111111111    20190530T160709434953
 1     130     2.2740      0.0       0.0     0.4481      0.4    0.8       5.075   24.5   0b1111111111111111    20190530T160709435361
 2     130     2.2860      0.0       0.0     0.1038      0.4    0.8      22.016   24.5   0b1111111111111111    20190530T160709435714
 3     130     2.2875      0.0       0.0     0.4525      0.0    0.0       5.055   24.5   0b1111111111111111    20190530T160709436014
 4     130     2.2560      0.0       0.0     0.1025      0.0    0.0      22.010   24.5   0b1111111111111111    20190530T160709436304
 5     130     2.2725      0.0       0.0     0.4500      0.0    0.0       5.050   24.5   0b1111111111111111    20190530T160709436615
 6     130     2.2740      0.0       0.0     0.1027      0.3    0.8      22.149   24.5   0b1111111111111111    20190530T160709436903
 7     130     2.2748      0.0       0.0     0.4514      0.4    0.8       5.039   24.5   0b1111111111111111    20190530T160709437189
 8     130     2.2605      0.0       0.0     0.1039      0.4    0.8      21.753   24.5   0b1111111111111111    20190530T160709437547
 9     130     2.2538      0.0       0.0     0.4492      0.0    0.0       5.018   24.5   0b1111111111111111    20190530T160709437699
10     130     2.2508      0.0       0.0     0.1026      0.2    0.8      21.941   24.5   0b1111111111111111    20190530T160709437838
11     130     2.2628      0.0       0.0     0.4492      0.0    0.0       5.038   24.5   0b1111111111111111    20190530T160709437977
12     130     2.2417      0.2       0.8     0.1024      0.3    0.8      21.888   24.5   0b1111111111111111    20190530T160709438115
13     130     2.2545      0.0       0.0     0.4457      0.3    0.8       5.059   24.5   0b1111111111111111    20190530T160709438253
14     130     2.2582      0.0       0.0     0.1038      0.4    0.8      21.766   24.5   0b1111111111111111    20190530T160709438402
15     130     2.2530      0.0       0.0     0.4497      0.4    0.8       5.010   24.5   0b1111111111111111    20190530T160709438541
 0     120     2.2291      0.2       0.8     0.1009      0.2    0.8      22.088   24.6   0b1111111111111111    20190530T160712887208
 1     120     2.2267      0.0       0.0     0.4384      0.3    0.8       5.079   24.6   0b1111111111111111    20190530T160712887630
 2     120     2.2372      0.0       0.0     0.1016      0.2    0.8      22.024   24.6   0b1111111111111111    20190530T160712887981
 3     120     2.2388      0.0       0.0     0.4425      0.0    0.0       5.059   24.6   0b1111111111111111    20190530T160712888286
 4     120     2.2095      0.0       0.0     0.1003      0.4    0.8      22.022   24.6   0b1111111111111111    20190530T160712888629
 5     120     2.2252      0.0       0.0     0.4408      0.0    0.0       5.048   24.6   0b1111111111111111    20190530T160712888937
 6     120     2.2260      0.0       0.0     0.1007      0.3    0.8      22.113   24.6   0b1111111111111111    20190530T160712889226
 7     120     2.2267      0.0       0.0     0.4417      0.0    0.0       5.042   24.6   0b1111111111111111    20190530T160712889594
 8     120     2.2132      0.0       0.0     0.1015      0.3    0.8      21.805   24.6   0b1111111111111111    20190530T160712889919
 9     120     2.2072      0.0       0.0     0.4400      0.0    0.0       5.016   24.6   0b1111111111111111    20190530T160712890206
10     120     2.2035      0.0       0.0     0.1006      0.4    0.8      21.907   24.6   0b1111111111111111    20190530T160712890500
11     120     2.2147      0.0       0.0     0.4400      0.0    0.0       5.034   24.6   0b1111111111111111    20190530T160712890804
12     120     2.1947      0.3       0.8     0.1000      0.0    0.0      21.947   24.6   0b1111111111111111    20190530T160712891060
13     120     2.2080      0.0       0.0     0.4365      0.3    0.8       5.058   24.6   0b1111111111111111    20190530T160712891282
14     120     2.2117      0.0       0.0     0.1017      0.0    0.0      21.755   24.6   0b1111111111111111    20190530T160712891506
15     120     2.2065      0.0       0.0     0.4400      0.0    0.0       5.015   24.6   0b1111111111111111    20190530T160712891744
 0     110     2.1833      0.0       0.0     0.0991      0.3    0.8      22.034   24.6   0b1111111111111111    20190530T160716353395
 1     110     2.1806      0.4       0.8     0.4295      0.4    0.8       5.077   24.6   0b1111111111111111    20190530T160716353864
 2     110     2.1915      0.0       0.0     0.0992      0.0    0.0      22.099   24.6   0b1111111111111111    20190530T160716354188
 3     110     2.1923      0.0       0.0     0.4333      0.0    0.0       5.059   24.6   0b1111111111111111    20190530T160716354493
 4     110     2.1638      0.0       0.0     0.0983      0.0    0.0      22.004   24.6   0b1111111111111111    20190530T160716354843
 5     110     2.1795      0.0       0.0     0.4316      0.2    0.8       5.050   24.6   0b1111111111111111    20190530T160716355138
 6     110     2.1803      0.0       0.0     0.0983      0.0    0.0      22.172   24.6   0b1111111111111111    20190530T160716355426
 7     110     2.1814      0.4       0.8     0.4326      0.3    0.8       5.043   24.6   0b1111111111111111    20190530T160716355762
 8     110     2.1675      0.0       0.0     0.0993      0.2    0.8      21.839   24.6   0b1111111111111111    20190530T160716356052
 9     110     2.1615      0.0       0.0     0.4307      0.3    0.8       5.018   24.6   0b1111111111111111    20190530T160716356339
10     110     2.1578      0.0       0.0     0.0983      0.0    0.0      21.943   24.6   0b1111111111111111    20190530T160716356677
11     110     2.1690      0.0       0.0     0.4308      0.3    0.8       5.035   24.6   0b1111111111111111    20190530T160716356967
12     110     2.1495      0.0       0.0     0.0979      0.4    0.8      21.952   24.6   0b1111111111111111    20190530T160716357250
13     110     2.1630      0.0       0.0     0.4275      0.0    0.0       5.060   24.6   0b1111111111111111    20190530T160716357590
14     110     2.1667      0.0       0.0     0.0996      0.4    0.8      21.758   24.6   0b1111111111111111    20190530T160716357773
15     110     2.1608      0.0       0.0     0.4313      0.4    0.8       5.010   24.6   0b1111111111111111    20190530T160716357911
 0     100     2.1352      0.0       0.0     0.0967      0.0    0.0      22.089   24.6   0b1111111111111111    20190530T160719808593
 1     100     2.1330      0.0       0.0     0.4200      0.0    0.0       5.079   24.6   0b1111111111111111    20190530T160719808994
 2     100     2.1428      0.2       0.8     0.0969      0.4    0.8      22.110   24.6   0b1111111111111111    20190530T160719809310
 3     100     2.1441      0.3       0.7     0.4235      0.3    0.8       5.063   24.6   0b1111111111111111    20190530T160719809634
 4     100     2.1157      0.0       0.0     0.0958      0.0    0.0      22.077   24.6   0b1111111111111111    20190530T160719809928
 5     100     2.1315      0.0       0.0     0.4219      0.4    0.8       5.052   24.6   0b1111111111111111    20190530T160719810218
 6     100     2.1322      0.0       0.0     0.0960      0.3    0.8      22.211   24.6   0b1111111111111111    20190530T160719810538
 7     100     2.1331      0.2       0.8     0.4230      0.4    0.8       5.043   24.6   0b1111111111111111    20190530T160719810828
 8     100     2.1189      0.3       0.8     0.0968      0.2    0.8      21.901   24.6   0b1111111111111111    20190530T160719811216
 9     100     2.1135      0.0       0.0     0.4209      0.2    0.8       5.021   24.6   0b1111111111111111    20190530T160719811533
10     100     2.1091      0.2       0.8     0.0958      0.0    0.0      22.008   24.6   0b1111111111111111    20190530T160719811822
11     100     2.1202      0.0       0.0     0.4208      0.0    0.0       5.038   24.6   0b1111111111111111    20190530T160719812107
12     100     2.1023      0.0       0.0     0.0958      0.0    0.0      21.937   24.6   0b1111111111111111    20190530T160719812410
13     100     2.1150      0.0       0.0     0.4176      0.2    0.8       5.065   24.6   0b1111111111111111    20190530T160719812697
14     100     2.1187      0.0       0.0     0.0974      0.2    0.8      21.749   24.6   0b1111111111111111    20190530T160719812979
15     100     2.1127      0.0       0.0     0.4217      0.0    0.0       5.010   24.6   0b1111111111111111    20190530T160719813309
 0      90     2.0873      0.0       0.0     0.0942      0.2    0.8      22.146   24.6   0b1111111111111111    20190530T160723263691
 1      90     2.0843      0.0       0.0     0.4106      0.4    0.8       5.076   24.6   0b1111111111111111    20190530T160723264101
 2      90     2.0939      0.2       0.8     0.0949      0.2    0.8      22.061   24.6   0b1111111111111111    20190530T160723264451
 3      90     2.0955      0.0       0.0     0.4142      0.0    0.0       5.060   24.6   0b1111111111111111    20190530T160723264760
 4      90     2.0670      0.0       0.0     0.0937      0.4    0.8      22.068   24.6   0b1111111111111111    20190530T160723265056
 5      90     2.0828      0.0       0.0     0.4124      0.3    0.8       5.050   24.6   0b1111111111111111    20190530T160723265345
 6      90     2.0833      0.3       0.8     0.0939      0.4    0.8      22.182   24.6   0b1111111111111111    20190530T160723265654
 7      90     2.0843      0.0       0.0     0.4133      0.2    0.8       5.044   24.6   0b1111111111111111    20190530T160723265990
 8      90     2.0707      0.0       0.0     0.0949      0.2    0.8      21.817   24.6   0b1111111111111111    20190530T160723266291
 9      90     2.0648      0.0       0.0     0.4112      0.4    0.8       5.022   24.6   0b1111111111111111    20190530T160723266596
10      90     2.0602      0.0       0.0     0.0934      0.2    0.8      22.054   24.6   0b1111111111111111    20190530T160723266882
11      90     2.0722      0.0       0.0     0.4113      0.4    0.8       5.039   24.6   0b1111111111111111    20190530T160723267167
12      90     2.0543      0.0       0.0     0.0933      0.0    0.0      22.010   24.6   0b1111111111111111    20190530T160723267487
13      90     2.0677      0.2       0.8     0.4083      0.0    0.0       5.064   24.6   0b1111111111111111    20190530T160723267665
14      90     2.0693      0.2       0.8     0.0950      0.0    0.0      21.782   24.6   0b1111111111111111    20190530T160723267803
15      90     2.0648      0.0       0.0     0.4117      0.3    0.8       5.015   24.6   0b1111111111111111    20190530T160723267941
 0      80     2.0380      0.3       0.8     0.0922      0.4    0.8      22.112   24.6   0b1111111111111111    20190530T160726723762
 1      80     2.0354      0.2       0.8     0.4008      0.2    0.8       5.079   24.6   0b1111111111111111    20190530T160726724173
 2      80     2.0440      0.3       0.8     0.0924      0.2    0.8      22.117   24.6   0b1111111111111111    20190530T160726724529
 3      80     2.0464      0.4       0.8     0.4042      0.0    0.0       5.063   24.6   0b1111111111111111    20190530T160726724837
 4      80     2.0168      0.0       0.0     0.0913      0.4    0.8      22.081   24.6   0b1111111111111111    20190530T160726725133
 5      80     2.0332      0.0       0.0     0.4023      0.3    0.8       5.054   24.6   0b1111111111111111    20190530T160726725462
 6      80     2.0332      0.0       0.0     0.0916      0.3    0.8      22.201   24.6   0b1111111111111111    20190530T160726725752
 7      80     2.0347      0.0       0.0     0.4033      0.0    0.0       5.045   24.6   0b1111111111111111    20190530T160726726088
 8      80     2.0205      0.0       0.0     0.0925      0.0    0.0      21.843   24.6   0b1111111111111111    20190530T160726726378
 9      80     2.0145      0.0       0.0     0.4013      0.4    0.8       5.020   24.6   0b1111111111111111    20190530T160726726790
10      80     2.0093      0.0       0.0     0.0912      0.4    0.8      22.039   24.6   0b1111111111111111    20190530T160726727085
11      80     2.0220      0.0       0.0     0.4011      0.4    0.8       5.041   24.6   0b1111111111111111    20190530T160726727370
12      80     2.0048      0.0       0.0     0.0908      0.0    0.0      22.071   24.6   0b1111111111111111    20190530T160726727629
13      80     2.0175      0.0       0.0     0.3984      0.3    0.8       5.064   24.6   0b1111111111111111    20190530T160726727768
14      80     2.0197      0.0       0.0     0.0925      0.0    0.0      21.835   24.6   0b1111111111111111    20190530T160726727906
15      80     2.0153      0.0       0.0     0.4017      0.3    0.8       5.016   24.6   0b1111111111111111    20190530T160726728044
 0      70     1.9883      0.0       0.0     0.0898      0.4    0.8      22.153   24.6   0b1111111111111111    20190530T160730184478
 1      70     1.9860      0.0       0.0     0.3908      0.0    0.0       5.081   24.6   0b1111111111111111    20190530T160730184887
 2      70     1.9950      0.0       0.0     0.0900      0.0    0.0      22.167   24.6   0b1111111111111111    20190530T160730185205
 3      70     1.9965      0.0       0.0     0.3942      0.0    0.0       5.065   24.6   0b1111111111111111    20190530T160730185536
 4      70     1.9665      0.0       0.0     0.0891      0.2    0.8      22.075   24.6   0b1111111111111111    20190530T160730185831
 5      70     1.9829      0.2       0.8     0.3924      0.2    0.8       5.053   24.6   0b1111111111111111    20190530T160730186127
 6      70     1.9830      0.0       0.0     0.0892      0.0    0.0      22.239   24.6   0b1111111111111111    20190530T160730186438
 7      70     1.9846      0.2       0.8     0.3933      0.2    0.8       5.047   24.6   0b1111111111111111    20190530T160730186773
 8      70     1.9703      0.0       0.0     0.0900      0.0    0.0      21.892   24.6   0b1111111111111111    20190530T160730187070
 9      70     1.9643      0.0       0.0     0.3911      0.4    0.8       5.023   24.6   0b1111111111111111    20190530T160730187356
10      70     1.9598      0.0       0.0     0.0890      0.3    0.8      22.020   24.6   0b1111111111111111    20190530T160730187671
11      70     1.9718      0.0       0.0     0.3911      0.4    0.8       5.042   24.6   0b1111111111111111    20190530T160730187956
12      70     1.9545      0.0       0.0     0.0887      0.4    0.8      22.043   24.6   0b1111111111111111    20190530T160730188239
13      70     1.9680      0.0       0.0     0.3884      0.2    0.8       5.067   24.6   0b1111111111111111    20190530T160730188545
14      70     1.9700      0.4       0.8     0.0901      0.2    0.8      21.868   24.6   0b1111111111111111    20190530T160730188830
15      70     1.9648      0.3       0.7     0.3917      0.0    0.0       5.016   24.6   0b1111111111111111    20190530T160730189114
 0      60     1.9373      0.0       0.0     0.0875      0.0    0.0      22.140   24.6   0b1111111111111111    20190530T160733643108
 1      60     1.9343      0.0       0.0     0.3803      0.4    0.8       5.086   24.6   0b1111111111111111    20190530T160733643544
 2      60     1.9424      0.3       0.8     0.0876      0.3    0.8      22.177   24.6   0b1111111111111111    20190530T160733643911
 3      60     1.9454      0.3       0.8     0.3842      0.0    0.0       5.064   24.6   0b1111111111111111    20190530T160733644225
 4      60     1.9156      0.2       0.8     0.0867      0.0    0.0      22.103   24.6   0b1111111111111111    20190530T160733644540
 5      60     1.9312      0.0       0.0     0.3818      0.3    0.8       5.059   24.6   0b1111111111111111    20190530T160733644855
 6      60     1.9305      0.0       0.0     0.0867      0.0    0.0      22.275   24.6   0b1111111111111111    20190530T160733645186
 7      60     1.9328      0.2       0.8     0.3828      0.4    0.8       5.049   24.6   0b1111111111111111    20190530T160733645583
 8      60     1.9207      0.0       0.0     0.0876      0.3    0.8      21.931   24.6   0b1111111111111111    20190530T160733645907
 9      60     1.9133      0.0       0.0     0.3809      0.2    0.8       5.023   24.6   0b1111111111111111    20190530T160733646197
10      60     1.9097      0.3       0.8     0.0866      0.2    0.8      22.056   24.6   0b1111111111111111    20190530T160733646482
11      60     1.9210      0.3       0.8     0.3809      0.2    0.8       5.043   24.6   0b1111111111111111    20190530T160733646793
12      60     1.9050      0.0       0.0     0.0866      0.2    0.8      22.002   24.6   0b1111111111111111    20190530T160733647079
13      60     1.9179      0.3       0.8     0.3784      0.2    0.8       5.068   24.6   0b1111111111111111    20190530T160733647364
14      60     1.9215      0.0       0.0     0.0882      0.3    0.8      21.794   24.6   0b1111111111111111    20190530T160733647676
15      60     1.9148      0.0       0.0     0.3817      0.0    0.0       5.017   24.6   0b1111111111111111    20190530T160733647888
 0      50     1.8855      0.0       0.0     0.0850      0.0    0.0      22.182   24.6   0b1111111111111111    20190530T160737105740
 1      50     1.8825      0.0       0.0     0.3700      0.0    0.0       5.088   24.6   0b1111111111111111    20190530T160737106148
 2      50     1.8900      0.0       0.0     0.0850      0.0    0.0      22.235   24.6   0b1111111111111111    20190530T160737106475
 3      50     1.8930      0.0       0.0     0.3734      0.3    0.8       5.069   24.6   0b1111111111111111    20190530T160737106856
 4      50     1.8649      0.4       0.8     0.0842      0.3    0.8      22.136   24.6   0b1111111111111111    20190530T160737107161
 5      50     1.8795      0.0       0.0     0.3717      0.0    0.0       5.057   24.6   0b1111111111111111    20190530T160737107457
 6      50     1.8795      0.0       0.0     0.0842      0.0    0.0      22.331   24.6   0b1111111111111111    20190530T160737107799
 7      50     1.8817      0.0       0.0     0.3726      0.2    0.8       5.051   24.6   0b1111111111111111    20190530T160737108092
 8      50     1.8697      0.0       0.0     0.0851      0.2    0.8      21.976   24.6   0b1111111111111111    20190530T160737108380
 9      50     1.8630      0.0       0.0     0.3708      0.0    0.0       5.024   24.6   0b1111111111111111    20190530T160737108720
10      50     1.8594      0.3       0.8     0.0842      0.0    0.0      22.092   24.6   0b1111111111111111    20190530T160737109008
11      50     1.8704      0.2       0.8     0.3708      0.0    0.0       5.044   24.6   0b1111111111111111    20190530T160737109293
12      50     1.8556      0.3       0.8     0.0842      0.0    0.0      22.047   24.6   0b1111111111111111    20190530T160737109634
13      50     1.8683      0.0       0.0     0.3689      0.4    0.8       5.064   24.6   0b1111111111111111    20190530T160737109924
14      50     1.8712      0.0       0.0     0.0858      0.2    0.8      21.822   24.6   0b1111111111111111    20190530T160737110207
15      50     1.8645      0.0       0.0     0.3716      0.3    0.8       5.018   24.6   0b1111111111111111    20190530T160737110491
 0      40     1.8330      0.0       0.0     0.0824      0.2    0.8      22.241   24.6   0b1111111111111111    20190530T160740598163
 1      40     1.8300      0.0       0.0     0.3600      0.0    0.0       5.083   24.6   0b1111111111111111    20190530T160740598640
 2      40     1.8374      0.2       0.8     0.0825      0.0    0.0      22.272   24.6   0b1111111111111111    20190530T160740598977
 3      40     1.8405      0.0       0.0     0.3632      0.3    0.8       5.068   24.6   0b1111111111111111    20190530T160740599322
 4      40     1.8142      0.2       0.8     0.0817      0.0    0.0      22.214   24.6   0b1111111111111111    20190530T160740599638
 5      40     1.8279      0.3       0.8     0.3613      0.4    0.8       5.059   24.6   0b1111111111111111    20190530T160740599929
 6      40     1.8278      0.0       0.0     0.0818      0.3    0.8      22.335   24.6   0b1111111111111111    20190530T160740600215
 7      40     1.8305      0.3       0.8     0.3625      0.0    0.0       5.050   24.6   0b1111111111111111    20190530T160740600549
 8      40     1.8188      0.0       0.0     0.0825      0.0    0.0      22.045   24.6   0b1111111111111111    20190530T160740600838
 9      40     1.8126      0.3       0.8     0.3608      0.0    0.0       5.023   24.6   0b1111111111111111    20190530T160740601149
10      40     1.8095      0.4       0.8     0.0817      0.0    0.0      22.157   24.6   0b1111111111111111    20190530T160740601490
11      40     1.8195      0.0       0.0     0.3608      0.0    0.0       5.042   24.6   0b1111111111111111    20190530T160740601783
12      40     1.8060      0.0       0.0     0.0817      0.0    0.0      22.114   24.6   0b1111111111111111    20190530T160740602066
13      40     1.8173      0.0       0.0     0.3587      0.4    0.8       5.067   24.6   0b1111111111111111    20190530T160740602578
14      40     1.8205      0.3       0.8     0.0833      0.0    0.0      21.846   24.6   0b1111111111111111    20190530T160740603063
15      40     1.8150      0.0       0.0     0.3617      0.0    0.0       5.018   24.6   0b1111111111111111    20190530T160740603623
 0      30     1.7816      0.4       0.8     0.0800      0.0    0.0      22.270   24.6   0b1111111111111111    20190530T160744055912
 1      30     1.7797      0.0       0.0     0.3499      0.2    0.8       5.086   24.6   0b1111111111111111    20190530T160744056309
 2      30     1.7865      0.0       0.0     0.0800      0.0    0.0      22.331   24.6   0b1111111111111111    20190530T160744056645
 3      30     1.7888      0.0       0.0     0.3528      0.4    0.8       5.071   24.6   0b1111111111111111    20190530T160744056940
 4      30     1.7640      0.0       0.0     0.0792      0.0    0.0      22.282   24.6   0b1111111111111111    20190530T160744057231
 5      30     1.7775      0.0       0.0     0.3517      0.0    0.0       5.055   24.6   0b1111111111111111    20190530T160744057553
 6      30     1.7777      0.3       0.8     0.0795      0.4    0.8      22.361   24.6   0b1111111111111111    20190530T160744057694
 7      30     1.7805      0.0       0.0     0.3524      0.2    0.8       5.052   24.6   0b1111111111111111    20190530T160744057832
 8      30     1.7692      0.0       0.0     0.0804      0.4    0.8      22.001   24.6   0b1111111111111111    20190530T160744057968
 9      30     1.7632      0.0       0.0     0.3510      0.3    0.8       5.024   24.6   0b1111111111111111    20190530T160744058105
10      30     1.7609      0.2       0.8     0.0793      0.3    0.8      22.197   24.6   0b1111111111111111    20190530T160744058241
11      30     1.7705      0.3       0.7     0.3508      0.0    0.0       5.047   24.6   0b1111111111111111    20190530T160744058378
12      30     1.7573      0.2       0.8     0.0794      0.4    0.8      22.128   24.6   0b1111111111111111    20190530T160744058526
13      30     1.7692      0.0       0.0     0.3492      0.0    0.0       5.067   24.6   0b1111111111111111    20190530T160744058663
14      30     1.7723      0.0       0.0     0.0808      0.0    0.0      21.925   24.6   0b1111111111111111    20190530T160744058799
15      30     1.7662      0.0       0.0     0.3518      0.2    0.8       5.021   24.6   0b1111111111111111    20190530T160744058935
 0      20     1.7309      0.3       0.8     0.0776      0.3    0.8      22.310   24.6   0b1111111111111111    20190530T160747515166
 1      20     1.7288      0.0       0.0     0.3400      0.0    0.0       5.085   24.6   0b1111111111111111    20190530T160747515603
 2      20     1.7355      0.0       0.0     0.0777      0.3    0.8      22.345   24.6   0b1111111111111111    20190530T160747515922
 3      20     1.7378      0.0       0.0     0.3425      0.0    0.0       5.074   24.6   0b1111111111111111    20190530T160747516222
 4      20     1.7139      0.3       0.7     0.0771      0.4    0.8      22.234   24.6   0b1111111111111111    20190530T160747516536
 5      20     1.7273      0.0       0.0     0.3415      0.3    0.8       5.058   24.6   0b1111111111111111    20190530T160747516828
 6      20     1.7273      0.0       0.0     0.0772      0.4    0.8      22.359   24.6   0b1111111111111111    20190530T160747517114
 7      20     1.7298      0.4       0.8     0.3422      0.4    0.8       5.054   24.6   0b1111111111111111    20190530T160747517428
 8      20     1.7197      0.0       0.0     0.0778      0.4    0.8      22.095   24.6   0b1111111111111111    20190530T160747517640
 9      20     1.7138      0.0       0.0     0.3412      0.4    0.8       5.023   24.6   0b1111111111111111    20190530T160747517780
10      20     1.7114      0.3       0.8     0.0770      0.4    0.8      22.225   24.6   0b1111111111111111    20190530T160747517938
11      20     1.7205      0.0       0.0     0.3409      0.2    0.8       5.047   24.6   0b1111111111111111    20190530T160747518082
12      20     1.7092      0.2       0.8     0.0774      0.2    0.8      22.078   24.6   0b1111111111111111    20190530T160747518220
13      20     1.7197      0.0       0.0     0.3393      0.3    0.8       5.069   24.6   0b1111111111111111    20190530T160747518359
14      20     1.7228      0.0       0.0     0.0784      0.2    0.8      21.969   24.6   0b1111111111111111    20190530T160747518510
15      20     1.7175      0.0       0.0     0.3422      0.4    0.8       5.018   24.6   0b1111111111111111    20190530T160747518649
 0      10     1.6800      0.0       0.0     0.0751      0.2    0.8      22.375   24.6   0b1111111111111111    20190530T160750969799
 1      10     1.6778      0.0       0.0     0.3297      0.4    0.8       5.089   24.6   0b1111111111111111    20190530T160750970205
 2      10     1.6844      0.2       0.8     0.0752      0.3    0.8      22.409   24.6   0b1111111111111111    20190530T160750970569
 3      10     1.6860      0.0       0.0     0.3325      0.0    0.0       5.071   24.6   0b1111111111111111    20190530T160750970911
 4      10     1.6643      0.0       0.0     0.0749      0.3    0.8      22.215   24.6   0b1111111111111111    20190530T160750971213
 5      10     1.6770      0.0       0.0     0.3316      0.3    0.8       5.058   24.6   0b1111111111111111    20190530T160750971507
 6      10     1.6771      0.2       0.8     0.0749      0.3    0.8      22.386   24.6   0b1111111111111111    20190530T160750971853
 7      10     1.6799      0.2       0.8     0.3325      0.0    0.0       5.052   24.6   0b1111111111111111    20190530T160750972144
 8      10     1.6695      0.0       0.0     0.0758      0.0    0.0      22.015   24.6   0b1111111111111111    20190530T160750972447
 9      10     1.6640      0.3       0.8     0.3312      0.4    0.8       5.025   24.6   0b1111111111111111    20190530T160750972785
10      10     1.6620      0.0       0.0     0.0749      0.3    0.8      22.185   24.6   0b1111111111111111    20190530T160750973161
11      10     1.6710      0.0       0.0     0.3310      0.3    0.8       5.048   24.6   0b1111111111111111    20190530T160750973453
12      10     1.6604      0.2       0.8     0.0750      0.0    0.0      22.139   24.6   0b1111111111111111    20190530T160750973795
13      10     1.6710      0.0       0.0     0.3297      0.4    0.8       5.069   24.6   0b1111111111111111    20190530T160750974084
14      10     1.6736      0.4       0.8     0.0763      0.4    0.8      21.925   24.6   0b1111111111111111    20190530T160750974367
15      10     1.6684      0.4       0.8     0.3323      0.3    0.8       5.020   24.6   0b1111111111111111    20190530T160750974702
 0       0     1.6290      0.0       0.0     0.0729      0.4    0.8      22.341   24.7   0b1111111111111111    20190530T160754423574
 1       0     1.6267      0.0       0.0     0.3196      0.4    0.8       5.090   24.7   0b1111111111111111    20190530T160754423983
 2       0     1.6328      0.0       0.0     0.0728      0.4    0.8      22.443   24.7   0b1111111111111111    20190530T160754424406
 3       0     1.6350      0.0       0.0     0.3223      0.3    0.8       5.072   24.7   0b1111111111111111    20190530T160754424715
 4       0     1.6148      0.0       0.0     0.0724      0.2    0.8      22.298   24.7   0b1111111111111111    20190530T160754425011
 5       0     1.6267      0.0       0.0     0.3213      0.4    0.8       5.062   24.7   0b1111111111111111    20190530T160754425302
 6       0     1.6267      0.0       0.0     0.0725      0.0    0.0      22.438   24.7   0b1111111111111111    20190530T160754425610
 7       0     1.6298      0.0       0.0     0.3223      0.3    0.8       5.056   24.7   0b1111111111111111    20190530T160754425898
 8       0     1.6200      0.0       0.0     0.0733      0.0    0.0      22.091   24.7   0b1111111111111111    20190530T160754426225
 9       0     1.6145      0.3       0.8     0.3212      0.4    0.8       5.027   24.7   0b1111111111111111    20190530T160754426534
10       0     1.6125      0.0       0.0     0.0725      0.0    0.0      22.241   24.7   0b1111111111111111    20190530T160754426867
11       0     1.6207      0.0       0.0     0.3210      0.3    0.8       5.049   24.7   0b1111111111111111    20190530T160754427159
12       0     1.6118      0.0       0.0     0.0726      0.2    0.8      22.206   24.7   0b1111111111111111    20190530T160754427483
13       0     1.6215      0.0       0.0     0.3199      0.3    0.8       5.069   24.7   0b1111111111111111    20190530T160754427663
14       0     1.6245      0.0       0.0     0.0742      0.0    0.0      21.903   24.7   0b1111111111111111    20190530T160754427801
15       0     1.6192      0.0       0.0     0.3225      0.0    0.0       5.021   24.7   0b1111111111111111    20190530T160754427938
