CH# Vset[DAC]   V[V]    dVRMS[mV] dVpp[mV]    I[A]  dIRMS[mA] dIpp[mA]   R[ohm]   T[C]   State                Timestamp
 0     250     2.8555      0.3       0.7     0.5598      2.4    6.7       5.101   24.5   0b1111111111111111    20190617T114032998843
 1     250     2.6516      0.5       1.5     2.5015      0.6    1.7       1.060   24.5   0b1111111111111111    20190617T114032999353
 2     250     2.8530      0.0       0.0     0.5600      2.6    8.3       5.095   24.5   0b1111111111111111    20190617T114032999673
 3     250     2.6434      0.5       1.5     2.4759      0.8    2.5       1.068   24.5   0b1111111111111111    20190617T114032999970
 4     250     2.8433      0.0       0.0     0.5596      3.1    9.2       5.081   24.5   0b1111111111111111    20190617T114033000311
 5     250     2.6493      0.4       0.8     2.4775      0.6    1.7       1.069   24.5   0b1111111111111111    20190617T114033000603
 6     250     2.8335      0.0       0.0     0.5570      4.1   15.8       5.087   24.5   0b1111111111111111    20190617T114033000884
 7     250     2.6413      0.5       1.5     2.4797      0.4    0.8       1.065   24.5   0b1111111111111111    20190617T114033001259
 8     250     2.8367      0.3       0.8     0.5603      4.6   15.8       5.062   24.5   0b1111111111111111    20190617T114033001557
 9     250     2.6446      1.2       3.8     2.4728      1.2    4.2       1.069   24.5   0b1111111111111111    20190617T114033001840
10     250     2.8438      0.3       0.8     0.5578      4.3   13.3       5.098   24.5   0b1111111111111111    20190617T114033002222
11     250     2.6432      1.2       3.8     2.4709      1.0    3.3       1.070   24.5   0b1111111111111111    20190617T114033002511
12     250     2.8296      0.3       0.8     0.5555      2.8    8.3       5.094   24.5   0b1111111111111111    20190617T114033002791
13     250     2.6404      1.3       3.8     2.4700      1.2    4.2       1.069   24.5   0b1111111111111111    20190617T114033003071
14     250     2.8274      0.2       0.8     0.5478      5.0   16.7       5.161   24.5   0b1111111111111111    20190617T114033003399
15     250     2.6399      1.3       3.8     2.4724      1.3    3.3       1.068   24.5   0b1111111111111111    20190617T114033003677
 0     240     2.8268      0.0       0.0     0.5570      2.9    9.2       5.075   24.6   0b1111111111111111    20190617T114036472971
 1     240     2.6494      0.4       0.8     2.5003      1.0    3.3       1.060   24.6   0b1111111111111111    20190617T114036473436
 2     240     2.8237      0.0       0.0     0.5527      2.3    8.3       5.109   24.6   0b1111111111111111    20190617T114036475124
 3     240     2.6406      0.3       0.7     2.4738      0.7    2.5       1.067   24.6   0b1111111111111111    20190617T114036475459
 4     240     2.8072      0.0       0.0     0.5528      1.5    5.0       5.078   24.6   0b1111111111111111    20190617T114036475759
 5     240     2.6464      0.4       0.8     2.4747      0.5    1.7       1.069   24.6   0b1111111111111111    20190617T114036476047
 6     240     2.7945      0.0       0.0     0.5493      2.3    7.5       5.087   24.6   0b1111111111111111    20190617T114036476412
 7     240     2.6395      0.3       0.8     2.4783      0.4    1.7       1.065   24.6   0b1111111111111111    20190617T114036476701
 8     240     2.8035      0.0       0.0     0.5503      2.6    8.3       5.094   24.6   0b1111111111111111    20190617T114036476983
 9     240     2.6386      1.4       4.5     2.4675      1.2    4.2       1.069   24.6   0b1111111111111111    20190617T114036477316
10     240     2.8126      0.2       0.8     0.5496      2.2    7.5       5.118   24.6   0b1111111111111111    20190617T114036477600
11     240     2.6372      1.5       4.5     2.4653      1.3    4.2       1.070   24.6   0b1111111111111111    20190617T114036477880
12     240     2.7927      0.4       0.8     0.5474      2.9   10.8       5.102   24.6   0b1111111111111111    20190617T114036478411
13     240     2.6338      1.4       4.5     2.4644      1.0    3.3       1.069   24.6   0b1111111111111111    20190617T114036478764
14     240     2.7907      0.0       0.0     0.5437      2.1    8.3       5.132   24.6   0b1111111111111111    20190617T114036479056
15     240     2.6332      1.6       4.5     2.4663      1.5    5.0       1.068   24.6   0b1111111111111111    20190617T114036479408
 0     230     2.7866      0.4       0.8     0.5481      1.8    5.0       5.084   24.8   0b1111111111111111    20190617T114039953262
 1     230     2.6462      0.3       0.8     2.4972      0.5    1.7       1.060   24.8   0b1111111111111111    20190617T114039953659
 2     230     2.7825      0.0       0.0     0.5436      1.2    4.2       5.119   24.8   0b1111111111111111    20190617T114039953971
 3     230     2.6363      0.2       0.8     2.4698      0.5    1.7       1.067   24.8   0b1111111111111111    20190617T114039954320
 4     230     2.7626      0.4       0.8     0.5428      1.3    5.0       5.090   24.8   0b1111111111111111    20190617T114039954616
 5     230     2.6420      0.3       0.8     2.4715      0.5    1.7       1.069   24.8   0b1111111111111111    20190617T114039954904
 6     230     2.7495      0.0       0.0     0.5413      1.3    4.2       5.079   24.8   0b1111111111111111    20190617T114039955241
 7     230     2.6368      0.3       0.8     2.4761      0.5    1.7       1.065   24.8   0b1111111111111111    20190617T114039955529
 8     230     2.7623      0.0       0.0     0.5416      0.7    1.7       5.100   24.8   0b1111111111111111    20190617T114039955809
 9     230     2.6266      1.7       5.3     2.4566      1.7    5.0       1.069   24.8   0b1111111111111111    20190617T114039956205
10     230     2.7731      0.4       0.8     0.5425      2.6   10.0       5.112   24.8   0b1111111111111111    20190617T114039956494
11     230     2.6248      1.5       4.5     2.4540      1.6    5.0       1.070   24.8   0b1111111111111111    20190617T114039956775
12     230     2.7502      0.2       0.8     0.5412      0.9    3.3       5.082   24.8   0b1111111111111111    20190617T114039957053
13     230     2.6211      1.3       3.8     2.4523      1.4    4.2       1.069   24.8   0b1111111111111111    20190617T114039957398
14     230     2.7480      0.0       0.0     0.5353      1.5    4.2       5.133   24.8   0b1111111111111111    20190617T114039957677
15     230     2.6206      1.6       5.2     2.4549      1.8    5.0       1.068   24.8   0b1111111111111111    20190617T114039957955
 0     220     2.7390      0.0       0.0     0.5383      1.1    3.3       5.088   25.0   0b1111111111111111    20190617T114043425733
 1     220     2.6411      0.4       0.8     2.4929      0.6    1.7       1.059   25.0   0b1111111111111111    20190617T114043426130
 2     220     2.7353      0.0       0.0     0.5352      0.7    2.5       5.111   25.0   0b1111111111111111    20190617T114043426441
 3     220     2.6290      0.3       0.8     2.4632      0.5    1.7       1.067   25.0   0b1111111111111111    20190617T114043426742
 4     220     2.7135      0.0       0.0     0.5333      0.5    1.7       5.088   25.0   0b1111111111111111    20190617T114043427028
 5     220     2.6345      0.4       0.8     2.4643      0.5    1.7       1.069   25.0   0b1111111111111111    20190617T114043427337
 6     220     2.7000      0.0       0.0     0.5315      0.9    3.3       5.080   25.0   0b1111111111111111    20190617T114043427630
 7     220     2.6318      0.0       0.0     2.4714      0.4    0.8       1.065   25.0   0b1111111111111111    20190617T114043427910
 8     220     2.7172      0.2       0.8     0.5345      1.0    3.3       5.084   25.0   0b1111111111111111    20190617T114043428188
 9     220     2.6180      1.1       3.7     2.4486      1.1    4.2       1.069   25.0   0b1111111111111111    20190617T114043428506
10     220     2.7269      0.2       0.7     0.5355      1.1    3.3       5.092   25.0   0b1111111111111111    20190617T114043428787
11     220     2.6154      1.1       3.7     2.4455      1.0    2.5       1.069   25.0   0b1111111111111111    20190617T114043429064
12     220     2.7039      0.3       0.8     0.5314      0.5    1.7       5.088   25.0   0b1111111111111111    20190617T114043429358
13     220     2.6118      1.3       4.5     2.4443      1.1    4.2       1.069   25.0   0b1111111111111111    20190617T114043429655
14     220     2.7014      0.2       0.8     0.5267      0.6    1.7       5.129   25.0   0b1111111111111111    20190617T114043429933
15     220     2.6112      1.3       4.5     2.4458      1.2    4.2       1.068   25.0   0b1111111111111111    20190617T114043430210
 0     210     2.6896      0.2       0.8     0.5293      0.7    2.5       5.081   25.1   0b1111111111111111    20190617T114046918194
 1     210     2.6315      0.3       0.8     2.4838      0.6    1.7       1.059   25.1   0b1111111111111111    20190617T114046918636
 2     210     2.6857      0.0       0.0     0.5252      0.4    0.8       5.113   25.1   0b1111111111111111    20190617T114046918952
 3     210     2.6155      0.4       0.8     2.4508      0.4    1.7       1.067   25.1   0b1111111111111111    20190617T114046919249
 4     210     2.6640      0.0       0.0     0.5237      0.4    0.8       5.087   25.1   0b1111111111111111    20190617T114046919560
 5     210     2.6203      0.3       0.8     2.4513      0.4    0.8       1.069   25.1   0b1111111111111111    20190617T114046919848
 6     210     2.6505      0.0       0.0     0.5222      0.4    0.8       5.076   25.1   0b1111111111111111    20190617T114046920129
 7     210     2.6223      0.4       0.8     2.4623      0.5    1.7       1.065   25.1   0b1111111111111111    20190617T114046920409
 8     210     2.6693      0.0       0.0     0.5248      0.7    1.7       5.087   25.1   0b1111111111111111    20190617T114046920707
 9     210     2.6083      0.8       2.3     2.4398      0.8    2.5       1.069   25.1   0b1111111111111111    20190617T114046920986
10     210     2.6788      0.3       0.8     0.5255      0.9    2.5       5.098   25.1   0b1111111111111111    20190617T114046921264
11     210     2.6057      1.1       3.0     2.4366      1.3    3.3       1.069   25.1   0b1111111111111111    20190617T114046921566
12     210     2.6560      0.3       0.8     0.5223      0.5    1.7       5.085   25.1   0b1111111111111111    20190617T114046921845
13     210     2.6007      0.9       3.0     2.4339      0.9    3.3       1.069   25.1   0b1111111111111111    20190617T114046922121
14     210     2.6538      0.4       0.8     0.5178      0.7    1.7       5.126   25.1   0b1111111111111111    20190617T114046922397
15     210     2.5993      0.9       2.3     2.4351      1.0    3.3       1.067   25.1   0b1111111111111111    20190617T114046922692
 0     200     2.6400      0.0       0.0     0.5196      0.4    0.8       5.081   25.2   0b1111111111111111    20190617T114050407991
 1     200     2.6130      0.0       0.0     2.4663      0.4    0.8       1.059   25.2   0b1111111111111111    20190617T114050408454
 2     200     2.6357      0.3       0.7     0.5155      0.4    0.8       5.113   25.2   0b1111111111111111    20190617T114050408757
 3     200     2.5905      0.0       0.0     2.4267      0.4    1.7       1.067   25.2   0b1111111111111111    20190617T114050409045
 4     200     2.6138      0.0       0.0     0.5138      0.4    0.8       5.087   25.2   0b1111111111111111    20190617T114050409384
 5     200     2.5935      0.0       0.0     2.4261      0.4    0.8       1.069   25.2   0b1111111111111111    20190617T114050409670
 6     200     2.6010      0.0       0.0     0.5122      0.4    0.8       5.078   25.2   0b1111111111111111    20190617T114050409951
 7     200     2.6040      0.0       0.0     2.4453      0.4    0.8       1.065   25.2   0b1111111111111111    20190617T114050410283
 8     200     2.6197      0.0       0.0     0.5151      0.2    0.8       5.086   25.2   0b1111111111111111    20190617T114050410630
 9     200     2.5950      0.6       1.5     2.4273      0.8    2.5       1.069   25.2   0b1111111111111111    20190617T114050410915
10     200     2.6295      0.0       0.0     0.5157      0.6    1.7       5.098   25.2   0b1111111111111111    20190617T114050411254
11     200     2.5902      0.6       2.3     2.4222      0.8    2.5       1.069   25.2   0b1111111111111111    20190617T114050411553
12     200     2.6071      0.2       0.8     0.5128      0.4    0.8       5.084   25.2   0b1111111111111111    20190617T114050411843
13     200     2.5837      0.5       1.5     2.4183      0.7    1.7       1.068   25.2   0b1111111111111111    20190617T114050412227
14     200     2.6048      0.2       0.8     0.5082      0.3    0.8       5.126   25.2   0b1111111111111111    20190617T114050412514
15     200     2.5814      0.6       1.5     2.4182      0.6    1.7       1.067   25.2   0b1111111111111111    20190617T114050412792
 0     190     2.5920      0.0       0.0     0.5100      0.0    0.0       5.082   25.3   0b1111111111111111    20190617T114053887375
 1     190     2.5808      0.0       0.0     2.4362      0.4    0.8       1.059   25.3   0b1111111111111111    20190617T114053887774
 2     190     2.5882      0.0       0.0     0.5061      0.4    0.8       5.114   25.3   0b1111111111111111    20190617T114053888076
 3     190     2.5515      0.0       0.0     2.3902      0.3    0.8       1.067   25.3   0b1111111111111111    20190617T114053888347
 4     190     2.5658      0.0       0.0     0.5043      0.2    0.8       5.088   25.3   0b1111111111111111    20190617T114053888490
 5     190     2.5530      0.0       0.0     2.3881      0.4    0.8       1.069   25.3   0b1111111111111111    20190617T114053888630
 6     190     2.5538      0.0       0.0     0.5027      0.3    0.8       5.080   25.3   0b1111111111111111    20190617T114053888769
 7     190     2.5710      0.0       0.0     2.4145      0.4    0.8       1.065   25.3   0b1111111111111111    20190617T114053888907
 8     190     2.5718      0.0       0.0     0.5057      0.3    0.8       5.086   25.3   0b1111111111111111    20190617T114053889044
 9     190     2.5680      0.0       0.0     2.4022      0.5    1.7       1.069   25.3   0b1111111111111111    20190617T114053889204
10     190     2.5815      0.0       0.0     0.5064      0.4    0.8       5.098   25.3   0b1111111111111111    20190617T114053889366
11     190     2.5614      0.3       0.8     2.3954      0.6    1.7       1.069   25.3   0b1111111111111111    20190617T114053889509
12     190     2.5586      0.4       0.7     0.5033      0.0    0.0       5.083   25.3   0b1111111111111111    20190617T114053889645
13     190     2.5515      0.0       0.0     2.3884      0.2    0.8       1.068   25.3   0b1111111111111111    20190617T114053889780
14     190     2.5582      0.2       0.8     0.4990      0.3    0.8       5.127   25.3   0b1111111111111111    20190617T114053889915
15     190     2.5482      0.4       0.8     2.3868      0.3    0.8       1.068   25.3   0b1111111111111111    20190617T114053890049
 0     180     2.5417      0.0       0.0     0.5000      0.0    0.0       5.083   25.4   0b1111111111111111    20190617T114057359016
 1     180     2.5350      0.0       0.0     2.3925      0.0    0.0       1.060   25.4   0b1111111111111111    20190617T114057359486
 2     180     2.5388      0.0       0.0     0.4964      0.4    0.8       5.114   25.4   0b1111111111111111    20190617T114057359799
 3     180     2.5033      0.3       0.8     2.3449      0.3    0.8       1.068   25.4   0b1111111111111111    20190617T114057360126
 4     180     2.5162      0.0       0.0     0.4947      0.4    0.8       5.086   25.4   0b1111111111111111    20190617T114057360442
 5     180     2.5042      0.0       0.0     2.3423      0.3    0.8       1.069   25.4   0b1111111111111111    20190617T114057360728
 6     180     2.5040      0.3       0.7     0.4929      0.4    0.8       5.080   25.4   0b1111111111111111    20190617T114057361011
 7     180     2.5245      0.0       0.0     2.3708      0.0    0.0       1.065   25.4   0b1111111111111111    20190617T114057361387
 8     180     2.5223      0.0       0.0     0.4961      0.4    0.8       5.084   25.4   0b1111111111111111    20190617T114057361674
 9     180     2.5230      0.0       0.0     2.3599      0.2    0.8       1.069   25.4   0b1111111111111111    20190617T114057361988
10     180     2.5320      0.0       0.0     0.4966      0.3    0.8       5.099   25.4   0b1111111111111111    20190617T114057362329
11     180     2.5155      0.0       0.0     2.3525      0.0    0.0       1.069   25.4   0b1111111111111111    20190617T114057362628
12     180     2.5095      0.0       0.0     0.4935      0.3    0.8       5.085   25.4   0b1111111111111111    20190617T114057362909
13     180     2.5055      0.4       0.8     2.3449      0.3    0.8       1.068   25.4   0b1111111111111111    20190617T114057363245
14     180     2.5095      0.0       0.0     0.4897      0.4    0.8       5.125   25.4   0b1111111111111111    20190617T114057363528
15     180     2.5012      0.0       0.0     2.3433      0.4    1.7       1.067   25.4   0b1111111111111111    20190617T114057363807
 0     170     2.4920      0.3       0.8     0.4904      0.4    0.8       5.081   25.5   0b1111111111111111    20190617T114100828319
 1     170     2.4851      0.4       0.7     2.3453      0.4    0.8       1.060   25.5   0b1111111111111111    20190617T114100828705
 2     170     2.4885      0.0       0.0     0.4865      0.3    0.8       5.115   25.5   0b1111111111111111    20190617T114100829014
 3     170     2.4540      0.0       0.0     2.2988      0.4    0.8       1.067   25.5   0b1111111111111111    20190617T114100829318
 4     170     2.4660      0.0       0.0     0.4848      0.3    0.8       5.086   25.5   0b1111111111111111    20190617T114100829608
 5     170     2.4543      0.4       0.8     2.2957      0.3    0.8       1.069   25.5   0b1111111111111111    20190617T114100829894
 6     170     2.4542      0.3       0.8     0.4832      0.3    0.8       5.079   25.5   0b1111111111111111    20190617T114100830188
 7     170     2.4744      0.3       0.8     2.3241      0.3    0.8       1.065   25.5   0b1111111111111111    20190617T114100830473
 8     170     2.4728      0.0       0.0     0.4865      0.3    0.8       5.083   25.5   0b1111111111111111    20190617T114100830755
 9     170     2.4738      0.4       0.7     2.3141      0.2    0.8       1.069   25.5   0b1111111111111111    20190617T114100831140
10     170     2.4825      0.0       0.0     0.4867      0.3    0.8       5.100   25.5   0b1111111111111111    20190617T114100831477
11     170     2.4668      0.0       0.0     2.3068      0.3    0.8       1.069   25.5   0b1111111111111111    20190617T114100831762
12     170     2.4608      0.0       0.0     0.4841      0.2    0.8       5.083   25.5   0b1111111111111111    20190617T114100832070
13     170     2.4569      0.3       0.8     2.2993      0.3    0.8       1.069   25.5   0b1111111111111111    20190617T114100832423
14     170     2.4606      0.3       0.8     0.4801      0.2    0.8       5.125   25.5   0b1111111111111111    20190617T114100832703
15     170     2.4531      0.3       0.7     2.2977      0.4    0.8       1.068   25.5   0b1111111111111111    20190617T114100832982
 0     160     2.4420      0.0       0.0     0.4807      0.3    0.8       5.080   25.5   0b1111111111111111    20190617T114104305252
 1     160     2.4345      0.0       0.0     2.2975      0.0    0.0       1.060   25.5   0b1111111111111111    20190617T114104305714
 2     160     2.4383      0.0       0.0     0.4767      0.0    0.0       5.115   25.5   0b1111111111111111    20190617T114104306027
 3     160     2.4047      0.3       0.8     2.2532      0.3    0.8       1.067   25.5   0b1111111111111111    20190617T114104306323
 4     160     2.4157      0.0       0.0     0.4749      0.3    0.8       5.087   25.5   0b1111111111111111    20190617T114104306667
 5     160     2.4045      0.0       0.0     2.2492      0.0    0.0       1.069   25.5   0b1111111111111111    20190617T114104306956
 6     160     2.4045      0.0       0.0     0.4733      0.0    0.0       5.080   25.5   0b1111111111111111    20190617T114104307239
 7     160     2.4240      0.0       0.0     2.2767      0.0    0.0       1.065   25.5   0b1111111111111111    20190617T114104307568
 8     160     2.4232      0.0       0.0     0.4767      0.0    0.0       5.084   25.5   0b1111111111111111    20190617T114104307852
 9     160     2.4240      0.0       0.0     2.2675      0.0    0.0       1.069   25.5   0b1111111111111111    20190617T114104308182
10     160     2.4330      0.0       0.0     0.4768      0.3    0.8       5.102   25.5   0b1111111111111111    20190617T114104308543
11     160     2.4172      0.0       0.0     2.2607      0.3    0.8       1.069   25.5   0b1111111111111111    20190617T114104308831
12     160     2.4120      0.0       0.0     0.4742      0.3    0.8       5.086   25.5   0b1111111111111111    20190617T114104309111
13     160     2.4081      0.3       0.7     2.2535      0.3    0.8       1.069   25.5   0b1111111111111111    20190617T114104309448
14     160     2.4115      0.3       0.8     0.4707      0.3    0.8       5.124   25.5   0b1111111111111111    20190617T114104309730
15     160     2.4039      0.3       0.8     2.2522      0.4    0.8       1.067   25.5   0b1111111111111111    20190617T114104310007
 0     150     2.3947      0.0       0.0     0.4710      0.3    0.8       5.084   25.6   0b1111111111111111    20190617T114107787084
 1     150     2.3873      0.0       0.0     2.2525      0.0    0.0       1.060   25.6   0b1111111111111111    20190617T114107787534
 2     150     2.3910      0.0       0.0     0.4675      0.0    0.0       5.114   25.6   0b1111111111111111    20190617T114107787830
 3     150     2.3573      0.0       0.0     2.2084      0.3    0.8       1.067   25.6   0b1111111111111111    20190617T114107788253
 4     150     2.3685      0.0       0.0     0.4652      0.4    0.8       5.091   25.6   0b1111111111111111    20190617T114107788397
 5     150     2.3573      0.0       0.0     2.2050      0.0    0.0       1.069   25.6   0b1111111111111111    20190617T114107788535
 6     150     2.3573      0.0       0.0     0.4642      0.0    0.0       5.078   25.6   0b1111111111111111    20190617T114107788671
 7     150     2.3760      0.0       0.0     2.2317      0.4    1.7       1.065   25.6   0b1111111111111111    20190617T114107788806
 8     150     2.3768      0.0       0.0     0.4674      0.3    0.8       5.085   25.6   0b1111111111111111    20190617T114107788940
 9     150     2.3767      0.2       0.8     2.2232      0.2    0.8       1.069   25.6   0b1111111111111111    20190617T114107789075
10     150     2.3865      0.0       0.0     0.4679      0.4    0.8       5.100   25.6   0b1111111111111111    20190617T114107789235
11     150     2.3700      0.0       0.0     2.2167      0.0    0.0       1.069   25.6   0b1111111111111111    20190617T114107789369
12     150     2.3655      0.0       0.0     0.4651      0.2    0.8       5.086   25.6   0b1111111111111111    20190617T114107789503
13     150     2.3610      0.0       0.0     2.2099      0.2    0.8       1.068   25.6   0b1111111111111111    20190617T114107789637
14     150     2.3648      0.0       0.0     0.4614      0.4    0.8       5.125   25.6   0b1111111111111111    20190617T114107789794
15     150     2.3573      0.0       0.0     2.2085      0.3    0.8       1.067   25.6   0b1111111111111111    20190617T114107789936
 0     140     2.3449      0.4       0.8     0.4614      0.4    0.8       5.082   25.6   0b1111111111111111    20190617T114111263388
 1     140     2.3377      0.2       0.8     2.2055      0.4    0.8       1.060   25.6   0b1111111111111111    20190617T114111263812
 2     140     2.3413      0.3       0.8     0.4575      0.0    0.0       5.118   25.6   0b1111111111111111    20190617T114111264108
 3     140     2.3085      0.0       0.0     2.1625      0.0    0.0       1.068   25.6   0b1111111111111111    20190617T114111264453
 4     140     2.3190      0.0       0.0     0.4558      0.0    0.0       5.087   25.6   0b1111111111111111    20190617T114111264741
 5     140     2.3077      0.0       0.0     2.1587      0.4    0.8       1.069   25.6   0b1111111111111111    20190617T114111265022
 6     140     2.3078      0.2       0.8     0.4542      0.0    0.0       5.081   25.6   0b1111111111111111    20190617T114111265300
 7     140     2.3258      0.2       0.8     2.1849      0.3    0.8       1.064   25.6   0b1111111111111111    20190617T114111265698
 8     140     2.3275      0.3       0.8     0.4576      0.2    0.8       5.086   25.6   0b1111111111111111    20190617T114111266000
 9     140     2.3272      0.0       0.0     2.1775      0.0    0.0       1.069   25.6   0b1111111111111111    20190617T114111266281
10     140     2.3374      0.4       0.8     0.4583      0.0    0.0       5.100   25.6   0b1111111111111111    20190617T114111266614
11     140     2.3212      0.0       0.0     2.1714      0.4    0.8       1.069   25.6   0b1111111111111111    20190617T114111266897
12     140     2.3169      0.3       0.8     0.4558      0.0    0.0       5.083   25.6   0b1111111111111111    20190617T114111267174
13     140     2.3129      0.2       0.7     2.1645      0.4    0.8       1.069   25.6   0b1111111111111111    20190617T114111267509
14     140     2.3164      0.4       0.8     0.4518      0.3    0.8       5.127   25.6   0b1111111111111111    20190617T114111267791
15     140     2.3092      0.0       0.0     2.1634      0.2    0.8       1.067   25.6   0b1111111111111111    20190617T114111268068
 0     130     2.2955      0.3       0.7     0.4517      0.2    0.8       5.081   25.7   0b1111111111111111    20190617T114114747119
 1     130     2.2877      0.3       0.8     2.1583      0.0    0.0       1.060   25.7   0b1111111111111111    20190617T114114747548
 2     130     2.2918      0.3       0.8     0.4476      0.3    0.8       5.120   25.7   0b1111111111111111    20190617T114114747864
 3     130     2.2598      0.2       0.8     2.1172      0.4    0.8       1.067   25.7   0b1111111111111111    20190617T114114748161
 4     130     2.2695      0.0       0.0     0.4458      0.0    0.0       5.090   25.7   0b1111111111111111    20190617T114114748435
 5     130     2.2582      0.0       0.0     2.1128      0.4    0.8       1.069   25.7   0b1111111111111111    20190617T114114748578
 6     130     2.2590      0.0       0.0     0.4446      0.4    0.8       5.081   25.7   0b1111111111111111    20190617T114114748716
 7     130     2.2763      0.0       0.0     2.1383      0.0    0.0       1.064   25.7   0b1111111111111111    20190617T114114748855
 8     130     2.2790      0.3       0.8     0.4483      0.3    0.8       5.084   25.7   0b1111111111111111    20190617T114114748992
 9     130     2.2785      0.0       0.0     2.1323      0.3    0.8       1.069   25.7   0b1111111111111111    20190617T114114749129
10     130     2.2883      0.2       0.8     0.4487      0.4    0.8       5.100   25.7   0b1111111111111111    20190617T114114749277
11     130     2.2725      0.0       0.0     2.1259      0.2    0.8       1.069   25.7   0b1111111111111111    20190617T114114749415
12     130     2.2688      0.0       0.0     0.4463      0.4    0.8       5.084   25.7   0b1111111111111111    20190617T114114749551
13     130     2.2649      0.3       0.7     2.1196      0.4    0.8       1.069   25.7   0b1111111111111111    20190617T114114749687
14     130     2.2680      0.0       0.0     0.4425      0.0    0.0       5.125   25.7   0b1111111111111111    20190617T114114749821
15     130     2.2612      0.0       0.0     2.1183      0.0    0.0       1.067   25.7   0b1111111111111111    20190617T114114749956
 0     120     2.2462      0.0       0.0     0.4418      0.3    0.8       5.085   25.8   0b1111111111111111    20190617T114118237588
 1     120     2.2388      0.0       0.0     2.1118      0.3    0.8       1.060   25.8   0b1111111111111111    20190617T114118237994
 2     120     2.2425      0.0       0.0     0.4383      0.0    0.0       5.116   25.8   0b1111111111111111    20190617T114118238307
 3     120     2.2115      0.3       0.8     2.0713      0.4    0.8       1.068   25.8   0b1111111111111111    20190617T114118238631
 4     120     2.2200      0.0       0.0     0.4359      0.3    0.8       5.093   25.8   0b1111111111111111    20190617T114118238776
 5     120     2.2087      0.0       0.0     2.0667      0.0    0.0       1.069   25.8   0b1111111111111111    20190617T114118238918
 6     120     2.2102      0.2       0.8     0.4350      0.0    0.0       5.081   25.8   0b1111111111111111    20190617T114118239057
 7     120     2.2260      0.0       0.0     2.0909      0.3    0.8       1.065   25.8   0b1111111111111111    20190617T114118239204
 8     120     2.2310      0.3       0.8     0.4385      0.3    0.8       5.088   25.8   0b1111111111111111    20190617T114118239342
 9     120     2.2297      0.0       0.0     2.0867      0.3    0.8       1.069   25.8   0b1111111111111111    20190617T114118239491
10     120     2.2402      0.2       0.8     0.4392      0.0    0.0       5.101   25.8   0b1111111111111111    20190617T114118239629
11     120     2.2252      0.0       0.0     2.0817      0.0    0.0       1.069   25.8   0b1111111111111111    20190617T114118239766
12     120     2.2202      0.3       0.7     0.4367      0.0    0.0       5.084   25.8   0b1111111111111111    20190617T114118239902
13     120     2.2162      0.0       0.0     2.0742      0.0    0.0       1.069   25.8   0b1111111111111111    20190617T114118240037
14     120     2.2198      0.3       0.8     0.4330      0.4    0.8       5.127   25.8   0b1111111111111111    20190617T114118240171
15     120     2.2125      0.0       0.0     2.0727      0.3    0.8       1.067   25.8   0b1111111111111111    20190617T114118240306
 0     110     2.1990      0.0       0.0     0.4325      0.0    0.0       5.084   25.8   0b1111111111111111    20190617T114121731082
 1     110     2.1922      0.2       0.8     2.0678      0.4    0.8       1.060   25.8   0b1111111111111111    20190617T114121731510
 2     110     2.1956      0.4       0.8     0.4291      0.2    0.8       5.117   25.8   0b1111111111111111    20190617T114121731823
 3     110     2.1652      0.0       0.0     2.0277      0.3    0.8       1.068   25.8   0b1111111111111111    20190617T114121732118
 4     110     2.1728      0.0       0.0     0.4267      0.0    0.0       5.092   25.8   0b1111111111111111    20190617T114121732406
 5     110     2.1623      0.0       0.0     2.0225      0.0    0.0       1.069   25.8   0b1111111111111111    20190617T114121732712
 6     110     2.1631      0.2       0.8     0.4257      0.3    0.8       5.082   25.8   0b1111111111111111    20190617T114121732995
 7     110     2.1795      0.0       0.0     2.0467      0.0    0.0       1.065   25.8   0b1111111111111111    20190617T114121733276
 8     110     2.1848      0.0       0.0     0.4294      0.4    0.8       5.088   25.8   0b1111111111111111    20190617T114121733575
 9     110     2.1837      0.4       0.8     2.0438      0.4    0.8       1.068   25.8   0b1111111111111111    20190617T114121733856
10     110     2.1938      0.0       0.0     0.4300      0.0    0.0       5.102   25.8   0b1111111111111111    20190617T114121734134
11     110     2.1788      0.0       0.0     2.0385      0.3    0.8       1.069   25.8   0b1111111111111111    20190617T114121734414
12     110     2.1743      0.2       0.8     0.4275      0.0    0.0       5.086   25.8   0b1111111111111111    20190617T114121734712
13     110     2.1705      0.0       0.0     2.0317      0.0    0.0       1.068   25.8   0b1111111111111111    20190617T114121734990
14     110     2.1743      0.0       0.0     0.4241      0.2    0.8       5.127   25.8   0b1111111111111111    20190617T114121735264
15     110     2.1667      0.0       0.0     2.0300      0.0    0.0       1.067   25.8   0b1111111111111111    20190617T114121735562
 0     100     2.1503      0.0       0.0     0.4229      0.4    0.8       5.084   25.9   0b1111111111111111    20190617T114125225710
 1     100     2.1427      0.0       0.0     2.0216      0.3    0.8       1.060   25.9   0b1111111111111111    20190617T114125226116
 2     100     2.1465      0.0       0.0     0.4192      0.0    0.0       5.121   25.9   0b1111111111111111    20190617T114125226428
 3     100     2.1172      0.0       0.0     1.9825      0.0    0.0       1.068   25.9   0b1111111111111111    20190617T114125226750
 4     100     2.1232      0.0       0.0     0.4167      0.0    0.0       5.096   25.9   0b1111111111111111    20190617T114125227037
 5     100     2.1127      0.0       0.0     1.9760      0.3    0.8       1.069   25.9   0b1111111111111111    20190617T114125227320
 6     100     2.1142      0.0       0.0     0.4158      0.0    0.0       5.084   25.9   0b1111111111111111    20190617T114125227633
 7     100     2.1300      0.0       0.0     2.0000      0.0    0.0       1.065   25.9   0b1111111111111111    20190617T114125227919
 8     100     2.1367      0.0       0.0     0.4199      0.3    0.8       5.089   25.9   0b1111111111111111    20190617T114125228201
 9     100     2.1353      0.2       0.8     1.9984      0.3    0.8       1.069   25.9   0b1111111111111111    20190617T114125228513
10     100     2.1450      0.0       0.0     0.4203      0.4    0.8       5.103   25.9   0b1111111111111111    20190617T114125228709
11     100     2.1307      0.0       0.0     1.9938      0.4    0.8       1.069   25.9   0b1111111111111111    20190617T114125228845
12     100     2.1270      0.0       0.0     0.4183      0.2    0.8       5.085   25.9   0b1111111111111111    20190617T114125228981
13     100     2.1232      0.0       0.0     1.9873      0.3    0.8       1.068   25.9   0b1111111111111111    20190617T114125229116
14     100     2.1263      0.2       0.7     0.4147      0.4    0.8       5.128   25.9   0b1111111111111111    20190617T114125229251
15     100     2.1195      0.0       0.0     1.9852      0.4    0.8       1.068   25.9   0b1111111111111111    20190617T114125229386
 0      90     2.1023      0.0       0.0     0.4133      0.0    0.0       5.086   26.0   0b1111111111111111    20190617T114128708397
 1      90     2.0953      0.3       0.8     1.9759      0.2    0.8       1.060   26.0   0b1111111111111111    20190617T114128708684
 2      90     2.0978      0.0       0.0     0.4096      0.4    0.8       5.122   26.0   0b1111111111111111    20190617T114128708828
 3      90     2.0690      0.3       0.7     1.9370      0.4    0.8       1.068   26.0   0b1111111111111111    20190617T114128709058
 4      90     2.0730      0.0       0.0     0.4067      0.0    0.0       5.098   26.0   0b1111111111111111    20190617T114128709329
 5      90     2.0632      0.2       0.8     1.9292      0.0    0.0       1.069   26.0   0b1111111111111111    20190617T114128709523
 6      90     2.0648      0.0       0.0     0.4061      0.4    0.8       5.085   26.0   0b1111111111111111    20190617T114128709661
 7      90     2.0804      0.2       0.8     1.9530      0.4    0.8       1.065   26.0   0b1111111111111111    20190617T114128709797
 8      90     2.0894      0.3       0.8     0.4106      0.4    0.8       5.089   26.0   0b1111111111111111    20190617T114128709932
 9      90     2.0888      0.0       0.0     1.9543      0.3    0.8       1.069   26.0   0b1111111111111111    20190617T114128710067
10      90     2.0963      0.0       0.0     0.4107      0.3    0.8       5.103   26.0   0b1111111111111111    20190617T114128710207
11      90     2.0828      0.0       0.0     1.9488      0.4    0.8       1.069   26.0   0b1111111111111111    20190617T114128710346
12      90     2.0804      0.2       0.8     0.4090      0.3    0.8       5.087   26.0   0b1111111111111111    20190617T114128710482
13      90     2.0768      0.0       0.0     1.9441      0.3    0.8       1.068   26.0   0b1111111111111111    20190617T114128710617
14      90     2.0798      0.0       0.0     0.4056      0.4    0.8       5.128   26.0   0b1111111111111111    20190617T114128710751
15      90     2.0718      0.4       0.8     1.9403      0.4    0.8       1.068   26.0   0b1111111111111111    20190617T114128710902
 0      80     2.0532      0.4       0.8     0.4034      0.2    0.8       5.090   26.0   0b1111111111111111    20190617T114132183737
 1      80     2.0467      0.0       0.0     1.9300      0.0    0.0       1.060   26.0   0b1111111111111111    20190617T114132184147
 2      80     2.0490      0.0       0.0     0.4000      0.0    0.0       5.122   26.0   0b1111111111111111    20190617T114132184538
 3      80     2.0205      0.0       0.0     1.8917      0.0    0.0       1.068   26.0   0b1111111111111111    20190617T114132184845
 4      80     2.0219      0.2       0.8     0.3967      0.0    0.0       5.097   26.0   0b1111111111111111    20190617T114132185135
 5      80     2.0123      0.0       0.0     1.8816      0.3    0.8       1.069   26.0   0b1111111111111111    20190617T114132185499
 6      80     2.0145      0.0       0.0     0.3958      0.0    0.0       5.089   26.0   0b1111111111111111    20190617T114132185850
 7      80     2.0299      0.4       0.8     1.9055      0.4    0.8       1.065   26.0   0b1111111111111111    20190617T114132186141
 8      80     2.0414      0.2       0.8     0.4009      0.2    0.8       5.092   26.0   0b1111111111111111    20190617T114132186496
 9      80     2.0407      0.0       0.0     1.9092      0.0    0.0       1.069   26.0   0b1111111111111111    20190617T114132186787
10      80     2.0482      0.2       0.8     0.4012      0.4    0.8       5.104   26.0   0b1111111111111111    20190617T114132187136
11      80     2.0347      0.0       0.0     1.9040      0.3    0.8       1.069   26.0   0b1111111111111111    20190617T114132187519
12      80     2.0325      0.0       0.0     0.3993      0.3    0.8       5.091   26.0   0b1111111111111111    20190617T114132187807
13      80     2.0295      0.0       0.0     1.8993      0.3    0.8       1.069   26.0   0b1111111111111111    20190617T114132188087
14      80     2.0325      0.0       0.0     0.3961      0.4    0.8       5.131   26.0   0b1111111111111111    20190617T114132188427
15      80     2.0242      0.0       0.0     1.8958      0.0    0.0       1.068   26.0   0b1111111111111111    20190617T114132188710
 0      70     2.0061      0.3       0.8     0.3942      0.0    0.0       5.089   26.1   0b1111111111111111    20190617T114135661261
 1      70     1.9995      0.0       0.0     1.8855      0.4    0.8       1.060   26.1   0b1111111111111111    20190617T114135661664
 2      70     2.0015      0.3       0.8     0.3907      0.3    0.8       5.123   26.1   0b1111111111111111    20190617T114135661988
 3      70     1.9740      0.0       0.0     1.8478      0.4    0.8       1.068   26.1   0b1111111111111111    20190617T114135662337
 4      70     1.9718      0.0       0.0     0.3867      0.0    0.0       5.099   26.1   0b1111111111111111    20190617T114135662627
 5      70     1.9622      0.3       0.8     1.8344      0.4    0.8       1.070   26.1   0b1111111111111111    20190617T114135662909
 6      70     1.9643      0.0       0.0     0.3862      0.4    0.8       5.087   26.1   0b1111111111111111    20190617T114135663242
 7      70     1.9801      0.2       0.8     1.8585      0.3    0.8       1.065   26.1   0b1111111111111111    20190617T114135663549
 8      70     1.9950      0.0       0.0     0.3919      0.4    0.8       5.090   26.1   0b1111111111111111    20190617T114135663959
 9      70     1.9947      0.4       0.8     1.8666      0.3    0.8       1.069   26.1   0b1111111111111111    20190617T114135664318
10      70     2.0023      0.3       0.7     0.3923      0.3    0.8       5.104   26.1   0b1111111111111111    20190617T114135664607
11      70     1.9890      0.0       0.0     1.8608      0.0    0.0       1.069   26.1   0b1111111111111111    20190617T114135664887
12      70     1.9868      0.0       0.0     0.3904      0.4    0.8       5.089   26.1   0b1111111111111111    20190617T114135665226
13      70     1.9838      0.0       0.0     1.8571      0.4    0.8       1.068   26.1   0b1111111111111111    20190617T114135665511
14      70     1.9865      0.3       0.8     0.3872      0.4    0.8       5.131   26.1   0b1111111111111111    20190617T114135665787
15      70     1.9785      0.0       0.0     1.8525      0.0    0.0       1.068   26.1   0b1111111111111111    20190617T114135666064
 0      60     1.9560      0.0       0.0     0.3842      0.0    0.0       5.092   26.2   0b1111111111111111    20190617T114139142227
 1      60     1.9500      0.0       0.0     1.8387      0.4    0.8       1.061   26.2   0b1111111111111111    20190617T114139142695
 2      60     1.9516      0.3       0.8     0.3808      0.0    0.0       5.125   26.2   0b1111111111111111    20190617T114139143012
 3      60     1.9236      0.3       0.8     1.8007      0.3    0.8       1.068   26.2   0b1111111111111111    20190617T114139143307
 4      60     1.9192      0.0       0.0     0.3765      0.3    0.8       5.098   26.2   0b1111111111111111    20190617T114139143675
 5      60     1.9097      0.3       0.8     1.7853      0.4    0.8       1.070   26.2   0b1111111111111111    20190617T114139143967
 6      60     1.9125      0.0       0.0     0.3758      0.0    0.0       5.089   26.2   0b1111111111111111    20190617T114139144250
 7      60     1.9275      0.0       0.0     1.8090      0.3    0.8       1.066   26.2   0b1111111111111111    20190617T114139144628
 8      60     1.9470      0.0       0.0     0.3824      0.3    0.8       5.091   26.2   0b1111111111111111    20190617T114139144917
 9      60     1.9455      0.0       0.0     1.8207      0.3    0.8       1.069   26.2   0b1111111111111111    20190617T114139145199
10      60     1.9543      0.3       0.8     0.3826      0.2    0.8       5.108   26.2   0b1111111111111111    20190617T114139145538
11      60     1.9410      0.0       0.0     1.8157      0.2    0.8       1.069   26.2   0b1111111111111111    20190617T114139145826
12      60     1.9373      0.0       0.0     0.3808      0.2    0.8       5.088   26.2   0b1111111111111111    20190617T114139146105
13      60     1.9343      0.0       0.0     1.8108      0.3    0.8       1.068   26.2   0b1111111111111111    20190617T114139146441
14      60     1.9373      0.0       0.0     0.3775      0.0    0.0       5.132   26.2   0b1111111111111111    20190617T114139146724
15      60     1.9304      0.2       0.8     1.8073      0.4    0.8       1.068   26.2   0b1111111111111111    20190617T114139147002
 0      50     1.9042      0.0       0.0     0.3742      0.0    0.0       5.089   26.2   0b1111111111111111    20190617T114142629952
 1      50     1.8989      0.2       0.8     1.7902      0.3    0.8       1.061   26.2   0b1111111111111111    20190617T114142630386
 2      50     1.9005      0.0       0.0     0.3707      0.3    0.8       5.126   26.2   0b1111111111111111    20190617T114142631928
 3      50     1.8720      0.0       0.0     1.7525      0.0    0.0       1.068   26.2   0b1111111111111111    20190617T114142632259
 4      50     1.8675      0.0       0.0     0.3659      0.2    0.8       5.104   26.2   0b1111111111111111    20190617T114142632591
 5      50     1.8577      0.0       0.0     1.7367      0.0    0.0       1.070   26.2   0b1111111111111111    20190617T114142632882
 6      50     1.8600      0.0       0.0     0.3658      0.3    0.8       5.085   26.2   0b1111111111111111    20190617T114142633180
 7      50     1.8755      0.4       0.8     1.7600      0.0    0.0       1.066   26.2   0b1111111111111111    20190617T114142633498
 8      50     1.8972      0.4       0.8     0.3725      0.0    0.0       5.093   26.2   0b1111111111111111    20190617T114142633781
 9      50     1.8960      0.0       0.0     1.7737      0.4    0.8       1.069   26.2   0b1111111111111111    20190617T114142634060
10      50     1.9042      0.0       0.0     0.3728      0.4    0.8       5.108   26.2   0b1111111111111111    20190617T114142634346
11      50     1.8910      0.3       0.8     1.7692      0.0    0.0       1.069   26.2   0b1111111111111111    20190617T114142634634
12      50     1.8870      0.0       0.0     0.3707      0.3    0.8       5.090   26.2   0b1111111111111111    20190617T114142634913
13      50     1.8847      0.0       0.0     1.7642      0.0    0.0       1.068   26.2   0b1111111111111111    20190617T114142635291
14      50     1.8872      0.3       0.8     0.3676      0.3    0.8       5.134   26.2   0b1111111111111111    20190617T114142635580
15      50     1.8803      0.0       0.0     1.7603      0.4    0.8       1.068   26.2   0b1111111111111111    20190617T114142635858
 0      40     1.8518      0.0       0.0     0.3634      0.3    0.8       5.095   26.3   0b1111111111111111    20190617T114146110597
 1      40     1.8450      0.0       0.0     1.7400      0.0    0.0       1.060   26.3   0b1111111111111111    20190617T114146110985
 2      40     1.8465      0.0       0.0     0.3600      0.0    0.0       5.129   26.3   0b1111111111111111    20190617T114146111398
 3      40     1.8195      0.0       0.0     1.7033      0.0    0.0       1.068   26.3   0b1111111111111111    20190617T114146111704
 4      40     1.8143      0.0       0.0     0.3556      0.4    0.8       5.102   26.3   0b1111111111111111    20190617T114146112028
 5      40     1.8053      0.0       0.0     1.6875      0.0    0.0       1.070   26.3   0b1111111111111111    20190617T114146112380
 6      40     1.8078      0.4       0.7     0.3551      0.2    0.8       5.091   26.3   0b1111111111111111    20190617T114146112670
 7      40     1.8218      0.0       0.0     1.7093      0.2    0.8       1.066   26.3   0b1111111111111111    20190617T114146112953
 8      40     1.8450      0.0       0.0     0.3623      0.3    0.8       5.092   26.3   0b1111111111111111    20190617T114146113318
 9      40     1.8439      0.4       0.7     1.7250      0.0    0.0       1.069   26.3   0b1111111111111111    20190617T114146113606
10      40     1.8524      0.2       0.7     0.3625      0.0    0.0       5.110   26.3   0b1111111111111111    20190617T114146113888
11      40     1.8390      0.0       0.0     1.7207      0.3    0.8       1.069   26.3   0b1111111111111111    20190617T114146114239
12      40     1.8352      0.0       0.0     0.3606      0.4    0.8       5.090   26.3   0b1111111111111111    20190617T114146114718
13      40     1.8322      0.0       0.0     1.7150      0.0    0.0       1.068   26.3   0b1111111111111111    20190617T114146115229
14      40     1.8345      0.0       0.0     0.3573      0.3    0.8       5.134   26.3   0b1111111111111111    20190617T114146115753
15      40     1.8285      0.0       0.0     1.7121      0.4    0.8       1.068   26.3   0b1111111111111111    20190617T114146116045
 0      30     1.7978      0.0       0.0     0.3531      0.4    0.8       5.092   26.3   0b1111111111111111    20190617T114149590693
 1      30     1.7933      0.0       0.0     1.6908      0.0    0.0       1.061   26.3   0b1111111111111111    20190617T114149591044
 2      30     1.7948      0.0       0.0     0.3499      0.2    0.8       5.129   26.3   0b1111111111111111    20190617T114149591294
 3      30     1.7677      0.0       0.0     1.6543      0.3    0.8       1.069   26.3   0b1111111111111111    20190617T114149591529
 4      30     1.7646      0.3       0.8     0.3458      0.0    0.0       5.102   26.3   0b1111111111111111    20190617T114149591765
 5      30     1.7543      0.0       0.0     1.6398      0.3    0.8       1.070   26.3   0b1111111111111111    20190617T114149592005
 6      30     1.7572      0.0       0.0     0.3451      0.3    0.8       5.092   26.3   0b1111111111111111    20190617T114149592246
 7      30     1.7708      0.0       0.0     1.6617      0.0    0.0       1.066   26.3   0b1111111111111111    20190617T114149592489
 8      30     1.7939      0.2       0.8     0.3522      0.4    0.8       5.094   26.3   0b1111111111111111    20190617T114149592730
 9      30     1.7917      0.0       0.0     1.6765      0.3    0.8       1.069   26.3   0b1111111111111111    20190617T114149593001
10      30     1.7993      0.0       0.0     0.3523      0.4    0.8       5.108   26.3   0b1111111111111111    20190617T114149593254
11      30     1.7888      0.0       0.0     1.6733      0.3    0.8       1.069   26.3   0b1111111111111111    20190617T114149593492
12      30     1.7837      0.3       0.8     0.3501      0.3    0.8       5.095   26.3   0b1111111111111111    20190617T114149593729
13      30     1.7827      0.2       0.8     1.6683      0.0    0.0       1.069   26.3   0b1111111111111111    20190617T114149593965
14      30     1.7843      0.0       0.0     0.3475      0.0    0.0       5.135   26.3   0b1111111111111111    20190617T114149594192
15      30     1.7779      0.4       0.8     1.6644      0.4    0.8       1.068   26.3   0b1111111111111111    20190617T114149594422
 0      20     1.7452      0.0       0.0     0.3425      0.0    0.0       5.096   26.4   0b1111111111111111    20190617T114153057855
 1      20     1.7407      0.0       0.0     1.6412      0.4    0.8       1.061   26.4   0b1111111111111111    20190617T114153058361
 2      20     1.7419      0.4       0.8     0.3393      0.3    0.8       5.135   26.4   0b1111111111111111    20190617T114153058689
 3      20     1.7157      0.4       0.8     1.6058      0.0    0.0       1.068   26.4   0b1111111111111111    20190617T114153058988
 4      20     1.7130      0.0       0.0     0.3355      0.4    0.8       5.106   26.4   0b1111111111111111    20190617T114153059327
 5      20     1.7025      0.0       0.0     1.5913      0.4    0.8       1.070   26.4   0b1111111111111111    20190617T114153059618
 6      20     1.7057      0.3       0.8     0.3350      0.0    0.0       5.092   26.4   0b1111111111111111    20190617T114153059904
 7      20     1.7196      0.3       0.7     1.6133      0.0    0.0       1.066   26.4   0b1111111111111111    20190617T114153060244
 8      20     1.7415      0.0       0.0     0.3417      0.3    0.8       5.096   26.4   0b1111111111111111    20190617T114153060532
 9      20     1.7400      0.0       0.0     1.6276      0.2    0.8       1.069   26.4   0b1111111111111111    20190617T114153060813
10      20     1.7468      0.0       0.0     0.3417      0.0    0.0       5.112   26.4   0b1111111111111111    20190617T114153061210
11      20     1.7370      0.0       0.0     1.6249      0.2    0.8       1.069   26.4   0b1111111111111111    20190617T114153061513
12      20     1.7325      0.0       0.0     0.3400      0.0    0.0       5.096   26.4   0b1111111111111111    20190617T114153061794
13      20     1.7310      0.0       0.0     1.6200      0.0    0.0       1.069   26.4   0b1111111111111111    20190617T114153062075
14      20     1.7332      0.0       0.0     0.3374      0.3    0.8       5.137   26.4   0b1111111111111111    20190617T114153062412
15      20     1.7265      0.0       0.0     1.6167      0.0    0.0       1.068   26.4   0b1111111111111111    20190617T114153062691
 0      10     1.6928      0.0       0.0     0.3323      0.3    0.8       5.094   26.4   0b1111111111111111    20190617T114156527215
 1      10     1.6883      0.0       0.0     1.5917      0.0    0.0       1.061   26.4   0b1111111111111111    20190617T114156527694
 2      10     1.6896      0.3       0.8     0.3292      0.0    0.0       5.133   26.4   0b1111111111111111    20190617T114156528017
 3      10     1.6643      0.0       0.0     1.5575      0.0    0.0       1.069   26.4   0b1111111111111111    20190617T114156528317
 4      10     1.6619      0.3       0.8     0.3251      0.3    0.8       5.112   26.4   0b1111111111111111    20190617T114156528668
 5      10     1.6515      0.0       0.0     1.5434      0.3    0.8       1.070   26.4   0b1111111111111111    20190617T114156528958
 6      10     1.6546      0.2       0.8     0.3250      0.0    0.0       5.091   26.4   0b1111111111111111    20190617T114156529241
 7      10     1.6676      0.4       0.8     1.5649      0.3    0.8       1.066   26.4   0b1111111111111111    20190617T114156529568
 8      10     1.6898      0.0       0.0     0.3317      0.0    0.0       5.095   26.4   0b1111111111111111    20190617T114156529910
 9      10     1.6883      0.0       0.0     1.5792      0.0    0.0       1.069   26.4   0b1111111111111111    20190617T114156530198
10      10     1.6950      0.0       0.0     0.3317      0.0    0.0       5.111   26.4   0b1111111111111111    20190617T114156530537
11      10     1.6852      0.0       0.0     1.5767      0.0    0.0       1.069   26.4   0b1111111111111111    20190617T114156530826
12      10     1.6815      0.0       0.0     0.3300      0.0    0.0       5.095   26.4   0b1111111111111111    20190617T114156531105
13      10     1.6800      0.0       0.0     1.5725      0.0    0.0       1.068   26.4   0b1111111111111111    20190617T114156531439
14      10     1.6822      0.2       0.7     0.3273      0.3    0.8       5.139   26.4   0b1111111111111111    20190617T114156531721
15      10     1.6763      0.0       0.0     1.5692      0.0    0.0       1.068   26.4   0b1111111111111111    20190617T114156532000
 0       0     1.6402      0.0       0.0     0.3217      0.0    0.0       5.099   26.4   0b1111111111111111    20190617T114159997024
 1       0     1.6351      0.2       0.7     1.5417      0.3    0.8       1.061   26.4   0b1111111111111111    20190617T114159997408
 2       0     1.6365      0.0       0.0     0.3185      0.3    0.8       5.138   26.4   0b1111111111111111    20190617T114159997763
 3       0     1.6133      0.0       0.0     1.5097      0.4    0.8       1.069   26.4   0b1111111111111111    20190617T114159998071
 4       0     1.6098      0.4       0.8     0.3150      0.0    0.0       5.110   26.4   0b1111111111111111    20190617T114159998418
 5       0     1.6005      0.0       0.0     1.4957      0.3    0.8       1.070   26.4   0b1111111111111111    20190617T114159998679
 6       0     1.6035      0.0       0.0     0.3148      0.4    0.8       5.095   26.4   0b1111111111111111    20190617T114159998827
 7       0     1.6155      0.0       0.0     1.5157      0.3    0.8       1.066   26.4   0b1111111111111111    20190617T114159998967
 8       0     1.6380      0.0       0.0     0.3217      0.0    0.0       5.092   26.4   0b1111111111111111    20190617T114159999105
 9       0     1.6364      0.2       0.8     1.5308      0.0    0.0       1.069   26.4   0b1111111111111111    20190617T114159999241
10       0     1.6433      0.0       0.0     0.3214      0.4    0.8       5.113   26.4   0b1111111111111111    20190617T114159999434
11       0     1.6335      0.0       0.0     1.5283      0.0    0.0       1.069   26.4   0b1111111111111111    20190617T114159999606
12       0     1.6304      0.2       0.8     0.3200      0.0    0.0       5.095   26.4   0b1111111111111111    20190617T114159999898
13       0     1.6282      0.0       0.0     1.5242      0.0    0.0       1.068   26.4   0b1111111111111111    20190617T114200000177
14       0     1.6305      0.0       0.0     0.3173      0.3    0.8       5.138   26.4   0b1111111111111111    20190617T114200000517
15       0     1.6252      0.0       0.0     1.5209      0.3    0.8       1.069   26.4   0b1111111111111111    20190617T114200000804
