CH# Vset[DAC]   V[V]    dVRMS[mV] dVpp[mV]    I[A]  dIRMS[mA] dIpp[mA]   R[ohm]   T[C]   State                Timestamp
 0     250     2.8056      4.1      12.7     0.5521      4.9   16.7       5.082   24.5   0b1111111111111111    20190618T164738761833
 1     250     2.6005      6.5      19.5     2.4592      6.2   18.3       1.057   24.5   0b1111111111111111    20190618T164738762360
 2     250     2.8125      4.9      15.0     0.5516      4.1   13.3       5.099   24.5   0b1111111111111111    20190618T164738762693
 3     250     2.5996      6.1      18.0     2.4584      5.9   17.5       1.057   24.5   0b1111111111111111    20190618T164738762995
 4     250     2.8102      4.5      13.5     0.5561      6.8   21.7       5.054   24.5   0b1111111111111111    20190618T164738763340
 5     250     2.5990      6.4      18.8     2.4618      5.8   16.7       1.056   24.5   0b1111111111111111    20190618T164738763632
 6     250     2.8013      3.8      11.2     0.5513      4.2   13.3       5.081   24.5   0b1111111111111111    20190618T164738763918
 7     250     2.6016      6.1      18.0     2.4653      5.5   16.7       1.055   24.5   0b1111111111111111    20190618T164738764297
 8     250     2.8158      2.4       7.5     0.5528      3.0   10.0       5.093   24.5   0b1111111111111111    20190618T164738764589
 9     250     2.6306      5.8      17.3     2.4821      4.8   15.0       1.060   24.5   0b1111111111111111    20190618T164738764874
10     250     2.8227      2.9       9.0     0.5589      3.2   10.8       5.050   24.5   0b1111111111111111    20190618T164738765227
11     250     2.6216      5.6      16.5     2.5027      5.5   16.7       1.048   24.5   0b1111111111111111    20190618T164738765519
12     250     2.8174      2.8       8.3     0.5589      4.5   15.0       5.041   24.5   0b1111111111111111    20190618T164738765799
13     250     2.6354      5.5      16.5     2.4705      5.1   15.8       1.067   24.5   0b1111111111111111    20190618T164738766079
14     250     2.8342      3.5      11.3     0.5587      3.4   11.7       5.073   24.5   0b1111111111111111    20190618T164738766415
15     250     2.6139      5.3      16.5     2.4740      5.4   15.8       1.057   24.5   0b1111111111111111    20190618T164738766697
 0     240     2.7835      0.4       0.8     0.5487      2.8   10.8       5.073   24.7   0b1111111111111111    20190618T164742223536
 1     240     2.6094      0.7       2.3     2.4677      0.8    3.3       1.057   24.7   0b1111111111111111    20190618T164742223954
 2     240     2.7982      0.3       1.5     0.5510      3.1   10.0       5.078   24.7   0b1111111111111111    20190618T164742225599
 3     240     2.6086      0.7       2.3     2.4670      0.8    3.3       1.057   24.7   0b1111111111111111    20190618T164742225985
 4     240     2.7922      0.2       0.8     0.5538      2.0    5.8       5.042   24.7   0b1111111111111111    20190618T164742226360
 5     240     2.6084      0.9       3.0     2.4704      0.7    2.5       1.056   24.7   0b1111111111111111    20190618T164742226660
 6     240     2.7773      0.2       0.8     0.5472      2.5    8.3       5.076   24.7   0b1111111111111111    20190618T164742226947
 7     240     2.6095      0.7       2.3     2.4728      0.8    2.5       1.055   24.7   0b1111111111111111    20190618T164742227291
 8     240     2.7796      0.3       0.8     0.5446      2.6    8.3       5.104   24.7   0b1111111111111111    20190618T164742227580
 9     240     2.6379      0.7       2.3     2.4888      0.7    2.5       1.060   24.7   0b1111111111111111    20190618T164742227972
10     240     2.7915      0.0       0.0     0.5523      2.3    8.3       5.055   24.7   0b1111111111111111    20190618T164742228324
11     240     2.6288      0.7       2.3     2.5095      0.6    1.7       1.048   24.7   0b1111111111111111    20190618T164742228752
12     240     2.7855      0.0       0.0     0.5503      1.4    4.2       5.061   24.7   0b1111111111111111    20190618T164742229160
13     240     2.6420      0.6       2.3     2.4767      0.8    3.3       1.067   24.7   0b1111111111111111    20190618T164742229456
14     240     2.8101      0.3       0.8     0.5540      2.3    8.3       5.072   24.7   0b1111111111111111    20190618T164742229748
15     240     2.6219      0.5       2.3     2.4817      0.4    1.7       1.056   24.7   0b1111111111111111    20190618T164742230029
 0     230     2.7435      0.0       0.0     0.5432      1.6    5.8       5.050   24.8   0b1111111111111111    20190618T164745711450
 1     230     2.6082      0.4       0.8     2.4663      0.4    0.8       1.058   24.8   0b1111111111111111    20190618T164745711787
 2     230     2.7645      0.0       0.0     0.5435      2.3    6.7       5.086   24.8   0b1111111111111111    20190618T164745712063
 3     230     2.6082      0.4       0.8     2.4663      0.7    2.5       1.058   24.8   0b1111111111111111    20190618T164745712344
 4     230     2.7553      0.3       0.7     0.5459      2.1    9.2       5.047   24.8   0b1111111111111111    20190618T164745712608
 5     230     2.6078      0.2       0.8     2.4699      0.3    0.8       1.056   24.8   0b1111111111111111    20190618T164745712905
 6     230     2.7375      0.0       0.0     0.5406      1.4    5.0       5.064   24.8   0b1111111111111111    20190618T164745713161
 7     230     2.6077      0.0       0.0     2.4709      0.6    1.7       1.055   24.8   0b1111111111111111    20190618T164745713422
 8     230     2.7352      0.2       0.8     0.5372      1.1    4.2       5.092   24.8   0b1111111111111111    20190618T164745713679
 9     230     2.6348      0.2       0.7     2.4858      0.4    1.7       1.060   24.8   0b1111111111111111    20190618T164745713933
10     230     2.7480      0.0       0.0     0.5447      1.0    3.3       5.045   24.8   0b1111111111111111    20190618T164745714188
11     230     2.6261      0.4       0.8     2.5068      0.4    1.7       1.048   24.8   0b1111111111111111    20190618T164745714448
12     230     2.7413      0.0       0.0     0.5415      1.1    3.3       5.062   24.8   0b1111111111111111    20190618T164745714701
13     230     2.6390      0.3       0.8     2.4739      0.4    0.8       1.067   24.8   0b1111111111111111    20190618T164745714948
14     230     2.7690      0.0       0.0     0.5433      1.6    6.7       5.096   24.8   0b1111111111111111    20190618T164745715296
15     230     2.6207      0.3       0.8     2.4807      0.3    0.8       1.056   24.8   0b1111111111111111    20190618T164745715546
 0     220     2.6970      0.0       0.0     0.5333      0.8    2.5       5.057   25.0   0b1111111111111111    20190618T164749199700
 1     220     2.6032      0.0       0.0     2.4617      0.4    1.7       1.058   25.0   0b1111111111111111    20190618T164749200111
 2     220     2.7210      0.0       0.0     0.5358      1.2    4.2       5.078   25.0   0b1111111111111111    20190618T164749200425
 3     220     2.6040      0.0       0.0     2.4630      0.6    1.7       1.057   25.0   0b1111111111111111    20190618T164749200747
 4     220     2.7095      0.3       0.8     0.5362      0.8    2.5       5.054   25.0   0b1111111111111111    20190618T164749201038
 5     220     2.6047      0.0       0.0     2.4668      0.6    1.7       1.056   25.0   0b1111111111111111    20190618T164749201323
 6     220     2.6917      0.0       0.0     0.5313      0.8    2.5       5.066   25.0   0b1111111111111111    20190618T164749201629
 7     220     2.6017      0.0       0.0     2.4653      0.7    1.7       1.055   25.0   0b1111111111111111    20190618T164749201914
 8     220     2.6875      0.4       0.8     0.5280      0.6    1.7       5.090   25.0   0b1111111111111111    20190618T164749202196
 9     220     2.6273      0.2       0.8     2.4786      0.4    0.8       1.060   25.0   0b1111111111111111    20190618T164749202497
10     220     2.7015      0.0       0.0     0.5346      0.8    2.5       5.053   25.0   0b1111111111111111    20190618T164749202781
11     220     2.6185      0.3       0.7     2.4998      0.3    0.8       1.047   25.0   0b1111111111111111    20190618T164749203062
12     220     2.6932      0.0       0.0     0.5316      0.9    2.5       5.066   25.0   0b1111111111111111    20190618T164749203340
13     220     2.6308      0.3       0.7     2.4660      0.3    0.8       1.067   25.0   0b1111111111111111    20190618T164749203652
14     220     2.7225      0.0       0.0     0.5344      0.5    1.7       5.094   25.0   0b1111111111111111    20190618T164749203933
15     220     2.6163      0.4       0.7     2.4767      0.4    1.7       1.056   25.0   0b1111111111111111    20190618T164749204212
 0     210     2.6490      0.0       0.0     0.5238      0.4    0.8       5.058   25.1   0b1111111111111111    20190618T164752684739
 1     210     2.5927      0.0       0.0     2.4520      0.4    0.8       1.057   25.1   0b1111111111111111    20190618T164752685154
 2     210     2.6730      0.0       0.0     0.5253      0.7    2.5       5.088   25.1   0b1111111111111111    20190618T164752685508
 3     210     2.5957      0.0       0.0     2.4551      0.2    0.8       1.057   25.1   0b1111111111111111    20190618T164752685810
 4     210     2.6618      0.0       0.0     0.5262      0.8    2.5       5.059   25.1   0b1111111111111111    20190618T164752686100
 5     210     2.5975      0.4       0.7     2.4600      0.4    1.7       1.056   25.1   0b1111111111111111    20190618T164752686405
 6     210     2.6438      0.0       0.0     0.5220      0.8    2.5       5.065   25.1   0b1111111111111111    20190618T164752686690
 7     210     2.5905      0.0       0.0     2.4547      0.4    0.8       1.055   25.1   0b1111111111111111    20190618T164752686972
 8     210     2.6393      0.0       0.0     0.5185      0.5    1.7       5.090   25.1   0b1111111111111111    20190618T164752687272
 9     210     2.6130      0.0       0.0     2.4653      0.4    0.8       1.060   25.1   0b1111111111111111    20190618T164752687554
10     210     2.6534      0.3       0.8     0.5256      0.4    0.8       5.048   25.1   0b1111111111111111    20190618T164752687834
11     210     2.6045      0.3       0.8     2.4864      0.4    0.8       1.048   25.1   0b1111111111111111    20190618T164752688112
12     210     2.6447      0.3       0.8     0.5220      0.6    1.7       5.066   25.1   0b1111111111111111    20190618T164752688402
13     210     2.6157      0.4       0.8     2.4520      0.4    0.8       1.067   25.1   0b1111111111111111    20190618T164752688539
14     210     2.6736      0.3       0.7     0.5248      0.5    1.7       5.095   25.1   0b1111111111111111    20190618T164752688675
15     210     2.6078      0.2       0.8     2.4686      0.4    0.8       1.056   25.1   0b1111111111111111    20190618T164752688809
 0     200     2.6002      0.0       0.0     0.5143      0.5    1.7       5.056   25.3   0b1111111111111111    20190618T164756176578
 1     200     2.5721      0.4       0.8     2.4322      0.4    0.8       1.058   25.3   0b1111111111111111    20190618T164756176980
 2     200     2.6242      0.0       0.0     0.5162      0.4    0.8       5.083   25.3   0b1111111111111111    20190618T164756177321
 3     200     2.5787      0.3       0.7     2.4389      0.4    0.8       1.057   25.3   0b1111111111111111    20190618T164756177617
 4     200     2.6130      0.0       0.0     0.5166      0.4    1.7       5.058   25.3   0b1111111111111111    20190618T164756177907
 5     200     2.5823      0.2       0.8     2.4459      0.4    1.7       1.056   25.3   0b1111111111111111    20190618T164756178287
 6     200     2.5957      0.0       0.0     0.5124      0.3    0.8       5.066   25.3   0b1111111111111111    20190618T164756178582
 7     200     2.5677      0.4       0.7     2.4329      0.4    0.8       1.055   25.3   0b1111111111111111    20190618T164756178865
 8     200     2.5912      0.0       0.0     0.5087      0.4    0.8       5.094   25.3   0b1111111111111111    20190618T164756179228
 9     200     2.5852      0.0       0.0     2.4392      0.2    0.8       1.060   25.3   0b1111111111111111    20190618T164756179394
10     200     2.6047      0.0       0.0     0.5157      0.3    0.8       5.051   25.3   0b1111111111111111    20190618T164756179541
11     200     2.5771      0.3       0.7     2.4606      0.4    0.8       1.047   25.3   0b1111111111111111    20190618T164756179678
12     200     2.5960      0.4       0.8     0.5123      0.3    0.8       5.067   25.3   0b1111111111111111    20190618T164756179823
13     200     2.5867      0.0       0.0     2.4251      0.4    1.7       1.067   25.3   0b1111111111111111    20190618T164756179960
14     200     2.6242      0.0       0.0     0.5150      0.4    1.7       5.096   25.3   0b1111111111111111    20190618T164756180124
15     200     2.5906      0.2       0.8     2.4522      0.4    0.8       1.056   25.3   0b1111111111111111    20190618T164756180267
 0     190     2.5538      0.0       0.0     0.5050      0.0    0.0       5.057   25.5   0b1111111111111111    20190618T164759654555
 1     190     2.5367      0.3       0.7     2.3989      0.4    0.8       1.057   25.5   0b1111111111111111    20190618T164759654964
 2     190     2.5763      0.2       0.7     0.5063      0.4    0.8       5.088   25.5   0b1111111111111111    20190618T164759655263
 3     190     2.5470      0.0       0.0     2.4089      0.4    0.8       1.057   25.5   0b1111111111111111    20190618T164759655625
 4     190     2.5650      0.0       0.0     0.5069      0.4    0.8       5.060   25.5   0b1111111111111111    20190618T164759655917
 5     190     2.5541      0.4       0.8     2.4186      0.4    0.8       1.056   25.5   0b1111111111111111    20190618T164759656201
 6     190     2.5485      0.0       0.0     0.5032      0.5    1.7       5.065   25.5   0b1111111111111111    20190618T164759656538
 7     190     2.5305      0.0       0.0     2.3978      0.4    0.8       1.055   25.5   0b1111111111111111    20190618T164759656822
 8     190     2.5448      0.0       0.0     0.4999      0.2    0.8       5.090   25.5   0b1111111111111111    20190618T164759657102
 9     190     2.5457      0.3       0.8     2.4017      0.0    0.0       1.060   25.5   0b1111111111111111    20190618T164759657499
10     190     2.5575      0.0       0.0     0.5064      0.4    0.8       5.050   25.5   0b1111111111111111    20190618T164759657787
11     190     2.5372      0.2       0.7     2.4220      0.4    0.8       1.048   25.5   0b1111111111111111    20190618T164759658069
12     190     2.5493      0.0       0.0     0.5032      0.3    0.8       5.066   25.5   0b1111111111111111    20190618T164759658391
13     190     2.5448      0.0       0.0     2.3858      0.3    0.8       1.067   25.5   0b1111111111111111    20190618T164759658691
14     190     2.5768      0.3       0.7     0.5056      0.4    0.8       5.097   25.5   0b1111111111111111    20190618T164759658972
15     190     2.5598      0.0       0.0     2.4233      0.0    0.0       1.056   25.5   0b1111111111111111    20190618T164759659250
 0     180     2.5050      0.0       0.0     0.4953      0.4    0.8       5.058   25.6   0b1111111111111111    20190618T164803133945
 1     180     2.4902      0.3       0.7     2.3549      0.3    0.8       1.057   25.6   0b1111111111111111    20190618T164803134403
 2     180     2.5275      0.0       0.0     0.4968      0.2    0.8       5.088   25.6   0b1111111111111111    20190618T164803134752
 3     180     2.5020      0.0       0.0     2.3662      0.4    0.8       1.057   25.6   0b1111111111111111    20190618T164803135049
 4     180     2.5163      0.2       0.8     0.4975      0.0    0.0       5.058   25.6   0b1111111111111111    20190618T164803135445
 5     180     2.5102      0.0       0.0     2.3774      0.2    0.8       1.056   25.6   0b1111111111111111    20190618T164803135744
 6     180     2.5005      0.0       0.0     0.4936      0.4    0.8       5.066   25.6   0b1111111111111111    20190618T164803136031
 7     180     2.4840      0.0       0.0     2.3542      0.0    0.0       1.055   25.6   0b1111111111111111    20190618T164803136515
 8     180     2.4967      0.0       0.0     0.4904      0.4    0.8       5.091   25.6   0b1111111111111111    20190618T164803136808
 9     180     2.4982      0.0       0.0     2.3567      0.0    0.0       1.060   25.6   0b1111111111111111    20190618T164803137090
10     180     2.5088      0.2       0.8     0.4968      0.2    0.8       5.050   25.6   0b1111111111111111    20190618T164803137434
11     180     2.4892      0.0       0.0     2.3767      0.0    0.0       1.047   25.6   0b1111111111111111    20190618T164803137736
12     180     2.5008      0.4       0.8     0.4933      0.0    0.0       5.069   25.6   0b1111111111111111    20190618T164803138018
13     180     2.4971      0.4       0.7     2.3407      0.3    0.8       1.067   25.6   0b1111111111111111    20190618T164803138298
14     180     2.5275      0.0       0.0     0.4958      0.0    0.0       5.097   25.6   0b1111111111111111    20190618T164803138639
15     180     2.5147      0.0       0.0     2.3803      0.4    0.8       1.057   25.6   0b1111111111111111    20190618T164803138921
 0     170     2.4564      0.3       0.8     0.4858      0.2    0.8       5.057   25.7   0b1111111111111111    20190618T164806609418
 1     170     2.4421      0.2       0.8     2.3092      0.3    0.8       1.058   25.7   0b1111111111111111    20190618T164806609848
 2     170     2.4787      0.0       0.0     0.4869      0.4    0.8       5.091   25.7   0b1111111111111111    20190618T164806610757
 3     170     2.4540      0.0       0.0     2.3208      0.0    0.0       1.057   25.7   0b1111111111111111    20190618T164806611108
 4     170     2.4678      0.4       0.8     0.4877      0.4    0.8       5.060   25.7   0b1111111111111111    20190618T164806611460
 5     170     2.4623      0.0       0.0     2.3317      0.3    0.8       1.056   25.7   0b1111111111111111    20190618T164806611758
 6     170     2.4524      0.3       0.8     0.4842      0.4    1.7       5.065   25.7   0b1111111111111111    20190618T164806612213
 7     170     2.4366      0.3       0.7     2.3086      0.4    0.8       1.055   25.7   0b1111111111111111    20190618T164806612513
 8     170     2.4485      0.4       0.7     0.4808      0.0    0.0       5.092   25.7   0b1111111111111111    20190618T164806612801
 9     170     2.4499      0.4       0.7     2.3110      0.3    0.8       1.060   25.7   0b1111111111111111    20190618T164806613109
10     170     2.4608      0.0       0.0     0.4872      0.4    0.8       5.050   25.7   0b1111111111111111    20190618T164806613426
11     170     2.4412      0.0       0.0     2.3308      0.3    0.8       1.047   25.7   0b1111111111111111    20190618T164806613708
12     170     2.4524      0.3       0.8     0.4841      0.2    0.8       5.066   25.7   0b1111111111111111    20190618T164806613988
13     170     2.4487      0.0       0.0     2.2953      0.4    0.8       1.067   25.7   0b1111111111111111    20190618T164806614314
14     170     2.4785      0.3       0.7     0.4863      0.4    0.8       5.096   25.7   0b1111111111111111    20190618T164806614696
15     170     2.4660      0.0       0.0     2.3342      0.0    0.0       1.056   25.7   0b1111111111111111    20190618T164806614978
 0     160     2.4079      0.4       0.7     0.4760      0.3    0.8       5.059   25.8   0b1111111111111111    20190618T164810086381
 1     160     2.3940      0.0       0.0     2.2634      0.3    0.8       1.058   25.8   0b1111111111111111    20190618T164810086777
 2     160     2.4294      0.3       0.7     0.4771      0.4    0.8       5.092   25.8   0b1111111111111111    20190618T164810087124
 3     160     2.4052      0.2       0.8     2.2748      0.3    0.8       1.057   25.8   0b1111111111111111    20190618T164810087465
 4     160     2.4189      0.3       0.8     0.4783      0.0    0.0       5.057   25.8   0b1111111111111111    20190618T164810087758
 5     160     2.4136      0.2       0.8     2.2858      0.0    0.0       1.056   25.8   0b1111111111111111    20190618T164810088045
 6     160     2.4037      0.0       0.0     0.4747      0.4    0.8       5.064   25.8   0b1111111111111111    20190618T164810088312
 7     160     2.3887      0.2       0.8     2.2632      0.3    0.8       1.055   25.8   0b1111111111111111    20190618T164810088453
 8     160     2.4000      0.0       0.0     0.4715      0.3    0.8       5.090   25.8   0b1111111111111111    20190618T164810088591
 9     160     2.4013      0.3       0.8     2.2651      0.4    1.7       1.060   25.8   0b1111111111111111    20190618T164810088756
10     160     2.4120      0.0       0.0     0.4776      0.2    0.8       5.050   25.8   0b1111111111111111    20190618T164810088910
11     160     2.3930      0.3       0.8     2.2844      0.4    0.8       1.048   25.8   0b1111111111111111    20190618T164810089049
12     160     2.4034      0.4       0.7     0.4742      0.0    0.0       5.069   25.8   0b1111111111111111    20190618T164810089213
13     160     2.4000      0.0       0.0     2.2498      0.3    0.8       1.067   25.8   0b1111111111111111    20190618T164810089352
14     160     2.4293      0.0       0.0     0.4767      0.0    0.0       5.096   25.8   0b1111111111111111    20190618T164810089488
15     160     2.4165      0.0       0.0     2.2873      0.3    0.8       1.056   25.8   0b1111111111111111    20190618T164810089624
 0     150     2.3618      0.0       0.0     0.4670      0.4    0.8       5.057   26.0   0b1111111111111111    20190618T164813562765
 1     150     2.3490      0.0       0.0     2.2210      0.3    0.8       1.058   26.0   0b1111111111111111    20190618T164813563172
 2     150     2.3828      0.0       0.0     0.4681      0.4    0.8       5.090   26.0   0b1111111111111111    20190618T164813563571
 3     150     2.3588      0.0       0.0     2.2308      0.0    0.0       1.057   26.0   0b1111111111111111    20190618T164813563876
 4     150     2.3730      0.0       0.0     0.4691      0.2    0.8       5.059   26.0   0b1111111111111111    20190618T164813564167
 5     150     2.3678      0.0       0.0     2.2420      0.4    0.8       1.056   26.0   0b1111111111111111    20190618T164813564510
 6     150     2.3582      0.3       0.7     0.4657      0.2    0.8       5.063   26.0   0b1111111111111111    20190618T164813564799
 7     150     2.3422      0.0       0.0     2.2192      0.0    0.0       1.055   26.0   0b1111111111111111    20190618T164813565081
 8     150     2.3544      0.3       0.8     0.4625      0.0    0.0       5.091   26.0   0b1111111111111111    20190618T164813565407
 9     150     2.3555      0.4       0.8     2.2217      0.0    0.0       1.060   26.0   0b1111111111111111    20190618T164813565751
10     150     2.3657      0.3       0.8     0.4683      0.0    0.0       5.051   26.0   0b1111111111111111    20190618T164813566038
11     150     2.3468      0.0       0.0     2.2400      0.0    0.0       1.048   26.0   0b1111111111111111    20190618T164813566318
12     150     2.3580      0.0       0.0     0.4652      0.3    0.8       5.069   26.0   0b1111111111111111    20190618T164813566662
13     150     2.3542      0.0       0.0     2.2073      0.3    0.8       1.067   26.0   0b1111111111111111    20190618T164813566941
14     150     2.3820      0.0       0.0     0.4675      0.0    0.0       5.095   26.0   0b1111111111111111    20190618T164813567219
15     150     2.3700      0.0       0.0     2.2433      0.0    0.0       1.056   26.0   0b1111111111111111    20190618T164813567546
 0     140     2.3131      0.2       0.8     0.4575      0.0    0.0       5.056   26.1   0b1111111111111111    20190618T164817042373
 1     140     2.3010      0.0       0.0     2.1758      0.0    0.0       1.058   26.1   0b1111111111111111    20190618T164817042814
 2     140     2.3341      0.2       0.8     0.4583      0.0    0.0       5.093   26.1   0b1111111111111111    20190618T164817043131
 3     140     2.3106      0.3       0.8     2.1852      0.3    0.8       1.057   26.1   0b1111111111111111    20190618T164817043491
 4     140     2.3246      0.4       0.8     0.4595      0.4    0.8       5.059   26.1   0b1111111111111111    20190618T164817043816
 5     140     2.3194      0.4       0.8     2.1965      0.3    0.8       1.056   26.1   0b1111111111111111    20190618T164817044111
 6     140     2.3107      0.2       0.8     0.4559      0.3    0.8       5.068   26.1   0b1111111111111111    20190618T164817044465
 7     140     2.2948      0.3       0.8     2.1743      0.3    0.8       1.055   26.1   0b1111111111111111    20190618T164817044801
 8     140     2.3062      0.0       0.0     0.4532      0.3    0.8       5.088   26.1   0b1111111111111111    20190618T164817045097
 9     140     2.3071      0.2       0.8     2.1766      0.3    0.8       1.060   26.1   0b1111111111111111    20190618T164817045446
10     140     2.3180      0.3       0.8     0.4592      0.0    0.0       5.048   26.1   0b1111111111111111    20190618T164817045738
11     140     2.2987      0.0       0.0     2.1944      0.4    0.8       1.048   26.1   0b1111111111111111    20190618T164817046020
12     140     2.3095      0.4       0.8     0.4558      0.0    0.0       5.067   26.1   0b1111111111111111    20190618T164817046300
13     140     2.3062      0.0       0.0     2.1625      0.0    0.0       1.066   26.1   0b1111111111111111    20190618T164817046652
14     140     2.3333      0.0       0.0     0.4579      0.4    0.8       5.095   26.1   0b1111111111111111    20190618T164817046936
15     140     2.3212      0.0       0.0     2.1974      0.3    0.8       1.056   26.1   0b1111111111111111    20190618T164817047216
 0     130     2.2650      0.0       0.0     0.4479      0.4    0.8       5.057   26.2   0b1111111111111111    20190618T164820525410
 1     130     2.2530      0.0       0.0     2.1308      0.2    0.8       1.057   26.2   0b1111111111111111    20190618T164820525808
 2     130     2.2855      0.3       0.8     0.4488      0.4    0.8       5.093   26.2   0b1111111111111111    20190618T164820526192
 3     130     2.2621      0.2       0.8     2.1398      0.3    0.8       1.057   26.2   0b1111111111111111    20190618T164820526514
 4     130     2.2763      0.0       0.0     0.4499      0.2    0.8       5.059   26.2   0b1111111111111111    20190618T164820526805
 5     130     2.2711      0.2       0.8     2.1510      0.3    0.8       1.056   26.2   0b1111111111111111    20190618T164820527117
 6     130     2.2628      0.0       0.0     0.4467      0.0    0.0       5.066   26.2   0b1111111111111111    20190618T164820527431
 7     130     2.2470      0.0       0.0     2.1293      0.3    0.8       1.055   26.2   0b1111111111111111    20190618T164820527714
 8     130     2.2589      0.2       0.8     0.4436      0.4    0.8       5.092   26.2   0b1111111111111111    20190618T164820527994
 9     130     2.2590      0.0       0.0     2.1313      0.4    0.8       1.060   26.2   0b1111111111111111    20190618T164820528281
10     130     2.2695      0.0       0.0     0.4493      0.2    0.8       5.052   26.2   0b1111111111111111    20190618T164820528451
11     130     2.2513      0.3       0.8     2.1490      0.3    0.8       1.048   26.2   0b1111111111111111    20190618T164820528588
12     130     2.2612      0.0       0.0     0.4460      0.3    0.8       5.070   26.2   0b1111111111111111    20190618T164820528723
13     130     2.2582      0.0       0.0     2.1175      0.0    0.0       1.066   26.2   0b1111111111111111    20190618T164820528858
14     130     2.2845      0.0       0.0     0.4482      0.3    0.8       5.097   26.2   0b1111111111111111    20190618T164820528993
15     130     2.2724      0.2       0.8     2.1513      0.4    0.8       1.056   26.2   0b1111111111111111    20190618T164820529165
 0     120     2.2167      0.4       0.8     0.4383      0.0    0.0       5.057   26.3   0b1111111111111111    20190618T164824004532
 1     120     2.2050      0.0       0.0     2.0850      0.0    0.0       1.058   26.3   0b1111111111111111    20190618T164824004932
 2     120     2.2367      0.3       0.8     0.4392      0.0    0.0       5.093   26.3   0b1111111111111111    20190618T164824005334
 3     120     2.2147      0.0       0.0     2.0946      0.4    0.8       1.057   26.3   0b1111111111111111    20190618T164824005642
 4     120     2.2270      0.3       0.8     0.4400      0.0    0.0       5.061   26.3   0b1111111111111111    20190618T164824005936
 5     120     2.2230      0.0       0.0     2.1051      0.3    0.8       1.056   26.3   0b1111111111111111    20190618T164824006279
 6     120     2.2139      0.2       0.8     0.4369      0.4    0.8       5.067   26.3   0b1111111111111111    20190618T164824006570
 7     120     2.2005      0.0       0.0     2.0850      0.0    0.0       1.055   26.3   0b1111111111111111    20190618T164824006865
 8     120     2.2114      0.4       0.8     0.4342      0.0    0.0       5.093   26.3   0b1111111111111111    20190618T164824007236
 9     120     2.2125      0.0       0.0     2.0869      0.4    0.8       1.060   26.3   0b1111111111111111    20190618T164824007532
10     120     2.2215      0.0       0.0     0.4399      0.2    0.8       5.050   26.3   0b1111111111111111    20190618T164824007815
11     120     2.2035      0.0       0.0     2.1033      0.0    0.0       1.048   26.3   0b1111111111111111    20190618T164824008142
12     120     2.2139      0.2       0.8     0.4367      0.0    0.0       5.070   26.3   0b1111111111111111    20190618T164824008360
13     120     2.2095      0.0       0.0     2.0721      0.4    0.8       1.066   26.3   0b1111111111111111    20190618T164824008500
14     120     2.2363      0.3       0.8     0.4387      0.4    0.8       5.098   26.3   0b1111111111111111    20190618T164824008636
15     120     2.2237      0.0       0.0     2.1053      0.4    0.8       1.056   26.3   0b1111111111111111    20190618T164824008772
 0     110     2.1713      0.0       0.0     0.4292      0.0    0.0       5.059   26.4   0b1111111111111111    20190618T164827495834
 1     110     2.1593      0.0       0.0     2.0423      0.4    0.8       1.057   26.4   0b1111111111111111    20190618T164827496330
 2     110     2.1908      0.0       0.0     0.4300      0.0    0.0       5.095   26.4   0b1111111111111111    20190618T164827496654
 3     110     2.1690      0.0       0.0     2.0517      0.0    0.0       1.057   26.4   0b1111111111111111    20190618T164827496951
 4     110     2.1815      0.4       0.8     0.4308      0.0    0.0       5.063   26.4   0b1111111111111111    20190618T164827497297
 5     110     2.1773      0.0       0.0     2.0618      0.2    0.8       1.056   26.4   0b1111111111111111    20190618T164827497589
 6     110     2.1683      0.0       0.0     0.4282      0.3    0.8       5.064   26.4   0b1111111111111111    20190618T164827497873
 7     110     2.1555      0.0       0.0     2.0424      0.3    0.8       1.055   26.4   0b1111111111111111    20190618T164827498248
 8     110     2.1659      0.2       0.8     0.4251      0.2    0.8       5.095   26.4   0b1111111111111111    20190618T164827498390
 9     110     2.1667      0.0       0.0     2.0434      0.3    0.8       1.060   26.4   0b1111111111111111    20190618T164827498528
10     110     2.1758      0.0       0.0     0.4304      0.4    0.8       5.055   26.4   0b1111111111111111    20190618T164827498665
11     110     2.1581      0.4       0.8     2.0600      0.0    0.0       1.048   26.4   0b1111111111111111    20190618T164827498802
12     110     2.1682      0.2       0.8     0.4276      0.3    0.8       5.071   26.4   0b1111111111111111    20190618T164827498938
13     110     2.1638      0.2       0.7     2.0292      0.0    0.0       1.066   26.4   0b1111111111111111    20190618T164827499074
14     110     2.1898      0.3       0.7     0.4294      0.4    0.8       5.099   26.4   0b1111111111111111    20190618T164827499245
15     110     2.1773      0.0       0.0     2.0615      0.3    0.8       1.056   26.4   0b1111111111111111    20190618T164827499382
 0     100     2.1232      0.0       0.0     0.4198      0.3    0.8       5.057   26.5   0b1111111111111111    20190618T164830969424
 1     100     2.1120      0.0       0.0     1.9973      0.3    0.8       1.057   26.5   0b1111111111111111    20190618T164830969822
 2     100     2.1427      0.0       0.0     0.4205      0.4    0.8       5.096   26.5   0b1111111111111111    20190618T164830970228
 3     100     2.1217      0.2       0.8     2.0060      0.3    0.8       1.058   26.5   0b1111111111111111    20190618T164830970541
 4     100     2.1337      0.0       0.0     0.4215      0.3    0.8       5.062   26.5   0b1111111111111111    20190618T164830970833
 5     100     2.1300      0.0       0.0     2.0167      0.0    0.0       1.056   26.5   0b1111111111111111    20190618T164830971169
 6     100     2.1210      0.0       0.0     0.4186      0.4    0.8       5.067   26.5   0b1111111111111111    20190618T164830971489
 7     100     2.1082      0.0       0.0     1.9978      0.4    0.8       1.055   26.5   0b1111111111111111    20190618T164830971776
 8     100     2.1187      0.0       0.0     0.4158      0.0    0.0       5.095   26.5   0b1111111111111111    20190618T164830972182
 9     100     2.1193      0.3       0.8     1.9984      0.3    0.8       1.060   26.5   0b1111111111111111    20190618T164830972477
10     100     2.1278      0.2       0.8     0.4208      0.0    0.0       5.056   26.5   0b1111111111111111    20190618T164830972760
11     100     2.1112      0.2       0.8     2.0148      0.4    0.8       1.048   26.5   0b1111111111111111    20190618T164830973041
12     100     2.1202      0.0       0.0     0.4183      0.0    0.0       5.068   26.5   0b1111111111111111    20190618T164830973367
13     100     2.1165      0.0       0.0     1.9843      0.2    0.8       1.067   26.5   0b1111111111111111    20190618T164830973591
14     100     2.1412      0.0       0.0     0.4200      0.0    0.0       5.098   26.5   0b1111111111111111    20190618T164830973870
15     100     2.1292      0.0       0.0     2.0155      0.4    0.8       1.056   26.5   0b1111111111111111    20190618T164830974213
 0      90     2.0760      0.0       0.0     0.4103      0.4    0.8       5.060   26.7   0b1111111111111111    20190618T164834443581
 1      90     2.0655      0.0       0.0     1.9527      0.4    0.8       1.058   26.7   0b1111111111111111    20190618T164834443980
 2      90     2.0948      0.0       0.0     0.4108      0.0    0.0       5.099   26.7   0b1111111111111111    20190618T164834444289
 3      90     2.0745      0.0       0.0     1.9610      0.3    0.8       1.058   26.7   0b1111111111111111    20190618T164834444660
 4      90     2.0865      0.0       0.0     0.4122      0.4    0.8       5.062   26.7   0b1111111111111111    20190618T164834444955
 5      90     2.0828      0.0       0.0     1.9720      0.4    0.8       1.056   26.7   0b1111111111111111    20190618T164834445242
 6      90     2.0747      0.3       0.8     0.4093      0.3    0.8       5.068   26.7   0b1111111111111111    20190618T164834445598
 7      90     2.0610      0.0       0.0     1.9533      0.3    0.8       1.055   26.7   0b1111111111111111    20190618T164834445932
 8      90     2.0715      0.0       0.0     0.4067      0.0    0.0       5.094   26.7   0b1111111111111111    20190618T164834446221
 9      90     2.0731      0.2       0.8     1.9550      0.0    0.0       1.060   26.7   0b1111111111111111    20190618T164834446563
10      90     2.0813      0.0       0.0     0.4117      0.3    0.8       5.055   26.7   0b1111111111111111    20190618T164834446853
11      90     2.0640      0.0       0.0     1.9699      0.3    0.8       1.048   26.7   0b1111111111111111    20190618T164834447134
12      90     2.0730      0.0       0.0     0.4088      0.4    0.8       5.072   26.7   0b1111111111111111    20190618T164834447474
13      90     2.0692      0.0       0.0     1.9399      0.3    0.8       1.067   26.7   0b1111111111111111    20190618T164834447759
14      90     2.0933      0.0       0.0     0.4104      0.4    0.8       5.100   26.7   0b1111111111111111    20190618T164834448038
15      90     2.0817      0.4       0.8     1.9706      0.4    0.8       1.056   26.7   0b1111111111111111    20190618T164834448315
 0      80     2.0287      0.0       0.0     0.4011      0.4    0.8       5.058   26.8   0b1111111111111111    20190618T164837919874
 1      80     2.0183      0.0       0.0     1.9083      0.3    0.8       1.058   26.8   0b1111111111111111    20190618T164837920136
 2      80     2.0467      0.0       0.0     0.4016      0.2    0.8       5.097   26.8   0b1111111111111111    20190618T164837920301
 3      80     2.0272      0.0       0.0     1.9158      0.0    0.0       1.058   26.8   0b1111111111111111    20190618T164837920450
 4      80     2.0392      0.0       0.0     0.4025      0.0    0.0       5.066   26.8   0b1111111111111111    20190618T164837920594
 5      80     2.0350      0.4       0.8     1.9267      0.0    0.0       1.056   26.8   0b1111111111111111    20190618T164837920747
 6      80     2.0278      0.3       0.8     0.4000      0.0    0.0       5.070   26.8   0b1111111111111111    20190618T164837920886
 7      80     2.0145      0.0       0.0     1.9084      0.2    0.8       1.056   26.8   0b1111111111111111    20190618T164837921025
 8      80     2.0235      0.0       0.0     0.3971      0.4    0.8       5.096   26.8   0b1111111111111111    20190618T164837921175
 9      80     2.0256      0.3       0.8     1.9097      0.4    0.8       1.061   26.8   0b1111111111111111    20190618T164837921313
10      80     2.0333      0.2       0.8     0.4023      0.3    0.8       5.054   26.8   0b1111111111111111    20190618T164837921450
11      80     2.0160      0.0       0.0     1.9242      0.0    0.0       1.048   26.8   0b1111111111111111    20190618T164837921585
12      80     2.0254      0.4       0.8     0.3992      0.0    0.0       5.074   26.8   0b1111111111111111    20190618T164837921720
13      80     2.0212      0.0       0.0     1.8950      0.0    0.0       1.067   26.8   0b1111111111111111    20190618T164837921856
14      80     2.0452      0.0       0.0     0.4008      0.0    0.0       5.102   26.8   0b1111111111111111    20190618T164837922013
15      80     2.0332      0.0       0.0     1.9248      0.3    0.8       1.056   26.8   0b1111111111111111    20190618T164837922158
 0      70     1.9832      0.3       0.7     0.3918      0.3    0.8       5.061   26.9   0b1111111111111111    20190618T164841390306
 1      70     1.9733      0.0       0.0     1.8656      0.4    0.8       1.058   26.9   0b1111111111111111    20190618T164841390704
 2      70     2.0018      0.0       0.0     0.3924      0.2    0.8       5.101   26.9   0b1111111111111111    20190618T164841391013
 3      70     1.9823      0.0       0.0     1.8733      0.3    0.8       1.058   26.9   0b1111111111111111    20190618T164841391372
 4      70     1.9929      0.3       0.8     0.3933      0.0    0.0       5.067   26.9   0b1111111111111111    20190618T164841391668
 5      70     1.9898      0.0       0.0     1.8837      0.4    0.8       1.056   26.9   0b1111111111111111    20190618T164841391982
 6      70     1.9823      0.0       0.0     0.3908      0.0    0.0       5.072   26.9   0b1111111111111111    20190618T164841392332
 7      70     1.9693      0.3       0.8     1.8657      0.3    0.8       1.056   26.9   0b1111111111111111    20190618T164841392679
 8      70     1.9763      0.0       0.0     0.3878      0.4    0.8       5.097   26.9   0b1111111111111111    20190618T164841392968
 9      70     1.9784      0.2       0.8     1.8650      0.0    0.0       1.061   26.9   0b1111111111111111    20190618T164841393311
10      70     1.9868      0.0       0.0     0.3929      0.4    0.8       5.056   26.9   0b1111111111111111    20190618T164841393600
11      70     1.9692      0.4       0.8     1.8789      0.4    0.8       1.048   26.9   0b1111111111111111    20190618T164841393879
12      70     1.9785      0.0       0.0     0.3900      0.0    0.0       5.073   26.9   0b1111111111111111    20190618T164841394218
13      70     1.9754      0.2       0.7     1.8517      0.0    0.0       1.067   26.9   0b1111111111111111    20190618T164841394502
14      70     1.9988      0.0       0.0     0.3917      0.0    0.0       5.103   26.9   0b1111111111111111    20190618T164841394779
15      70     1.9868      0.0       0.0     1.8807      0.3    0.8       1.056   26.9   0b1111111111111111    20190618T164841395058
 0      60     1.9351      0.2       0.8     0.3825      0.0    0.0       5.059   27.0   0b1111111111111111    20190618T164844867070
 1      60     1.9252      0.0       0.0     1.8203      0.4    0.8       1.058   27.0   0b1111111111111111    20190618T164844867547
 2      60     1.9537      0.0       0.0     0.3829      0.4    0.8       5.102   27.0   0b1111111111111111    20190618T164844867844
 3      60     1.9331      0.4       0.8     1.8267      0.0    0.0       1.058   27.0   0b1111111111111111    20190618T164844868201
 4      60     1.9447      0.2       0.7     0.3838      0.4    0.8       5.066   27.0   0b1111111111111111    20190618T164844868368
 5      60     1.9410      0.0       0.0     1.8375      0.0    0.0       1.056   27.0   0b1111111111111111    20190618T164844868505
 6      60     1.9343      0.0       0.0     0.3817      0.0    0.0       5.068   27.0   0b1111111111111111    20190618T164844868642
 7      60     1.9216      0.2       0.8     1.8207      0.3    0.8       1.055   27.0   0b1111111111111111    20190618T164844868778
 8      60     1.9267      0.0       0.0     0.3778      0.4    0.8       5.099   27.0   0b1111111111111111    20190618T164844868913
 9      60     1.9297      0.2       0.8     1.8191      0.3    0.8       1.061   27.0   0b1111111111111111    20190618T164844869048
10      60     1.9365      0.0       0.0     0.3828      0.4    0.8       5.058   27.0   0b1111111111111111    20190618T164844869208
11      60     1.9207      0.0       0.0     1.8325      0.0    0.0       1.048   27.0   0b1111111111111111    20190618T164844869367
12      60     1.9297      0.0       0.0     0.3803      0.4    0.8       5.074   27.0   0b1111111111111111    20190618T164844869512
13      60     1.9255      0.3       0.7     1.8050      0.0    0.0       1.067   27.0   0b1111111111111111    20190618T164844869647
14      60     1.9492      0.0       0.0     0.3822      0.4    0.8       5.101   27.0   0b1111111111111111    20190618T164844869782
15      60     1.9388      0.0       0.0     1.8350      0.0    0.0       1.057   27.0   0b1111111111111111    20190618T164844869917
 0      50     1.8862      0.0       0.0     0.3725      0.0    0.0       5.064   27.1   0b1111111111111111    20190618T164848344363
 1      50     1.8765      0.0       0.0     1.7742      0.0    0.0       1.058   27.1   0b1111111111111111    20190618T164848344750
 2      50     1.9042      0.0       0.0     0.3733      0.2    0.8       5.102   27.1   0b1111111111111111    20190618T164848345047
 3      50     1.8844      0.4       0.8     1.7808      0.3    0.8       1.058   27.1   0b1111111111111111    20190618T164848345348
 4      50     1.8945      0.0       0.0     0.3739      0.4    0.8       5.067   27.1   0b1111111111111111    20190618T164848345642
 5      50     1.8915      0.0       0.0     1.7903      0.4    0.8       1.057   27.1   0b1111111111111111    20190618T164848345926
 6      50     1.8845      0.3       0.8     0.3717      0.0    0.0       5.070   27.1   0b1111111111111111    20190618T164848346208
 7      50     1.8720      0.0       0.0     1.7733      0.0    0.0       1.056   27.1   0b1111111111111111    20190618T164848346512
 8      50     1.8758      0.0       0.0     0.3682      0.3    0.8       5.095   27.1   0b1111111111111111    20190618T164848346793
 9      50     1.8786      0.3       0.8     1.7708      0.0    0.0       1.061   27.1   0b1111111111111111    20190618T164848347072
10      50     1.8855      0.0       0.0     0.3725      0.0    0.0       5.062   27.1   0b1111111111111111    20190618T164848347368
11      50     1.8697      0.0       0.0     1.7840      0.3    0.8       1.048   27.1   0b1111111111111111    20190618T164848347653
12      50     1.8795      0.0       0.0     0.3703      0.4    0.8       5.076   27.1   0b1111111111111111    20190618T164848347932
13      50     1.8752      0.3       0.8     1.7575      0.0    0.0       1.067   27.1   0b1111111111111111    20190618T164848348217
14      50     1.8988      0.3       0.8     0.3720      0.4    0.8       5.104   27.1   0b1111111111111111    20190618T164848348522
15      50     1.8885      0.0       0.0     1.7872      0.4    0.8       1.057   27.1   0b1111111111111111    20190618T164848348806
 0      40     1.8345      0.0       0.0     0.3625      0.0    0.0       5.061   27.2   0b1111111111111111    20190618T164851841054
 1      40     1.8255      0.0       0.0     1.7258      0.0    0.0       1.058   27.2   0b1111111111111111    20190618T164851841492
 2      40     1.8539      0.2       0.8     0.3632      0.3    0.8       5.105   27.2   0b1111111111111111    20190618T164851841823
 3      40     1.8330      0.0       0.0     1.7323      0.3    0.8       1.058   27.2   0b1111111111111111    20190618T164851842121
 4      40     1.8424      0.4       0.8     0.3633      0.0    0.0       5.071   27.2   0b1111111111111111    20190618T164851842433
 5      40     1.8397      0.0       0.0     1.7417      0.0    0.0       1.056   27.2   0b1111111111111111    20190618T164851842722
 6      40     1.8330      0.0       0.0     0.3616      0.2    0.8       5.069   27.2   0b1111111111111111    20190618T164851843005
 7      40     1.8210      0.0       0.0     1.7250      0.0    0.0       1.056   27.2   0b1111111111111111    20190618T164851843313
 8      40     1.8240      0.0       0.0     0.3576      0.2    0.8       5.101   27.2   0b1111111111111111    20190618T164851843595
 9      40     1.8270      0.0       0.0     1.7218      0.3    0.8       1.061   27.2   0b1111111111111111    20190618T164851843875
10      40     1.8337      0.0       0.0     0.3625      0.0    0.0       5.059   27.2   0b1111111111111111    20190618T164851844155
11      40     1.8180      0.0       0.0     1.7347      0.4    0.8       1.048   27.2   0b1111111111111111    20190618T164851844456
12      40     1.8270      0.0       0.0     0.3599      0.3    0.8       5.076   27.2   0b1111111111111111    20190618T164851844736
13      40     1.8233      0.2       0.8     1.7092      0.0    0.0       1.067   27.2   0b1111111111111111    20190618T164851845014
14      40     1.8465      0.0       0.0     0.3617      0.0    0.0       5.106   27.2   0b1111111111111111    20190618T164851845317
15      40     1.8356      0.4       0.8     1.7372      0.4    0.8       1.057   27.2   0b1111111111111111    20190618T164851845598
 0      30     1.7829      0.3       0.8     0.3523      0.4    0.8       5.061   27.3   0b1111111111111111    20190618T164855333181
 1      30     1.7745      0.0       0.0     1.6775      0.0    0.0       1.058   27.3   0b1111111111111111    20190618T164855333617
 2      30     1.8015      0.0       0.0     0.3525      0.0    0.0       5.111   27.3   0b1111111111111111    20190618T164855333932
 3      30     1.7828      0.0       0.0     1.6845      0.4    0.8       1.058   27.3   0b1111111111111111    20190618T164855334251
 4      30     1.7917      0.0       0.0     0.3533      0.0    0.0       5.071   27.3   0b1111111111111111    20190618T164855334545
 5      30     1.7880      0.0       0.0     1.6925      0.0    0.0       1.056   27.3   0b1111111111111111    20190618T164855334833
 6      30     1.7805      0.0       0.0     0.3508      0.0    0.0       5.075   27.3   0b1111111111111111    20190618T164855335118
 7      30     1.7692      0.0       0.0     1.6758      0.0    0.0       1.056   27.3   0b1111111111111111    20190618T164855335422
 8      30     1.7730      0.0       0.0     0.3476      0.3    0.8       5.101   27.3   0b1111111111111111    20190618T164855335704
 9      30     1.7760      0.0       0.0     1.6742      0.0    0.0       1.061   27.3   0b1111111111111111    20190618T164855335986
10      30     1.7828      0.0       0.0     0.3524      0.2    0.8       5.059   27.3   0b1111111111111111    20190618T164855336289
11      30     1.7668      0.3       0.7     1.6858      0.0    0.0       1.048   27.3   0b1111111111111111    20190618T164855336571
12      30     1.7760      0.0       0.0     0.3500      0.0    0.0       5.074   27.3   0b1111111111111111    20190618T164855336850
13      30     1.7723      0.2       0.8     1.6612      0.4    0.8       1.067   27.3   0b1111111111111111    20190618T164855337129
14      30     1.7946      0.3       0.7     0.3517      0.0    0.0       5.103   27.3   0b1111111111111111    20190618T164855337430
15      30     1.7850      0.0       0.0     1.6892      0.0    0.0       1.057   27.3   0b1111111111111111    20190618T164855337710
 0      20     1.7317      0.0       0.0     0.3422      0.4    0.8       5.061   27.5   0b1111111111111111    20190618T164858823728
 1      20     1.7233      0.3       0.8     1.6292      0.0    0.0       1.058   27.5   0b1111111111111111    20190618T164858824146
 2      20     1.7490      0.0       0.0     0.3424      0.3    0.8       5.108   27.5   0b1111111111111111    20190618T164858824543
 3      20     1.7317      0.0       0.0     1.6362      0.4    0.8       1.058   27.5   0b1111111111111111    20190618T164858824850
 4      20     1.7401      0.2       0.8     0.3433      0.0    0.0       5.068   27.5   0b1111111111111111    20190618T164858825140
 5      20     1.7363      0.0       0.0     1.6438      0.4    0.8       1.056   27.5   0b1111111111111111    20190618T164858825489
 6      20     1.7295      0.0       0.0     0.3408      0.0    0.0       5.074   27.5   0b1111111111111111    20190618T164858825840
 7      20     1.7182      0.0       0.0     1.6275      0.0    0.0       1.056   27.5   0b1111111111111111    20190618T164858826131
 8      20     1.7224      0.4       0.8     0.3376      0.2    0.8       5.102   27.5   0b1111111111111111    20190618T164858826482
 9      20     1.7250      0.0       0.0     1.6259      0.2    0.8       1.061   27.5   0b1111111111111111    20190618T164858826773
10      20     1.7318      0.2       0.8     0.3419      0.4    0.8       5.065   27.5   0b1111111111111111    20190618T164858827055
11      20     1.7160      0.0       0.0     1.6372      0.4    0.8       1.048   27.5   0b1111111111111111    20190618T164858827359
12      20     1.7250      0.0       0.0     0.3400      0.0    0.0       5.074   27.5   0b1111111111111111    20190618T164858827672
13      20     1.7212      0.0       0.0     1.6133      0.0    0.0       1.067   27.5   0b1111111111111111    20190618T164858827953
14      20     1.7423      0.2       0.8     0.3412      0.4    0.8       5.107   27.5   0b1111111111111111    20190618T164858828231
15      20     1.7332      0.0       0.0     1.6400      0.0    0.0       1.057   27.5   0b1111111111111111    20190618T164858828566
 0      10     1.6803      0.4       0.8     0.3317      0.0    0.0       5.066   27.6   0b1111111111111111    20190618T164902296521
 1      10     1.6721      0.4       0.8     1.5808      0.0    0.0       1.058   27.6   0b1111111111111111    20190618T164902296919
 2      10     1.6972      0.0       0.0     0.3319      0.4    0.8       5.113   27.6   0b1111111111111111    20190618T164902297315
 3      10     1.6808      0.0       0.0     1.5876      0.2    0.8       1.059   27.6   0b1111111111111111    20190618T164902297621
 4      10     1.6890      0.0       0.0     0.3330      0.4    0.8       5.072   27.6   0b1111111111111111    20190618T164902297910
 5      10     1.6852      0.0       0.0     1.5954      0.4    0.8       1.056   27.6   0b1111111111111111    20190618T164902298263
 6      10     1.6785      0.0       0.0     0.3307      0.2    0.8       5.075   27.6   0b1111111111111111    20190618T164902298600
 7      10     1.6680      0.0       0.0     1.5800      0.0    0.0       1.056   27.6   0b1111111111111111    20190618T164902298901
 8      10     1.6717      0.0       0.0     0.3275      0.0    0.0       5.105   27.6   0b1111111111111111    20190618T164902299252
 9      10     1.6747      0.0       0.0     1.5783      0.0    0.0       1.061   27.6   0b1111111111111111    20190618T164902299543
10      10     1.6815      0.0       0.0     0.3320      0.4    0.8       5.065   27.6   0b1111111111111111    20190618T164902299823
11      10     1.6657      0.0       0.0     1.5892      0.0    0.0       1.048   27.6   0b1111111111111111    20190618T164902300143
12      10     1.6740      0.0       0.0     0.3298      0.4    0.8       5.077   27.6   0b1111111111111111    20190618T164902300439
13      10     1.6706      0.4       0.8     1.5657      0.3    0.8       1.067   27.6   0b1111111111111111    20190618T164902300719
14      10     1.6913      0.0       0.0     0.3310      0.3    0.8       5.110   27.6   0b1111111111111111    20190618T164902300997
15      10     1.6815      0.0       0.0     1.5909      0.3    0.8       1.057   27.6   0b1111111111111111    20190618T164902301318
 0       0     1.6290      0.0       0.0     0.3217      0.0    0.0       5.064   27.6   0b1111111111111111    20190618T164905770007
 1       0     1.6215      0.0       0.0     1.5327      0.3    0.8       1.058   27.6   0b1111111111111111    20190618T164905770469
 2       0     1.6455      0.0       0.0     0.3218      0.2    0.8       5.114   27.6   0b1111111111111111    20190618T164905770774
 3       0     1.6290      0.0       0.0     1.5392      0.0    0.0       1.058   27.6   0b1111111111111111    20190618T164905771062
 4       0     1.6373      0.0       0.0     0.3225      0.0    0.0       5.077   27.6   0b1111111111111111    20190618T164905771373
 5       0     1.6343      0.0       0.0     1.5468      0.3    0.8       1.057   27.6   0b1111111111111111    20190618T164905771657
 6       0     1.6282      0.0       0.0     0.3207      0.3    0.8       5.076   27.6   0b1111111111111111    20190618T164905771955
 7       0     1.6177      0.2       0.8     1.5321      0.4    0.8       1.056   27.6   0b1111111111111111    20190618T164905772260
 8       0     1.6215      0.0       0.0     0.3175      0.0    0.0       5.107   27.6   0b1111111111111111    20190618T164905772616
 9       0     1.6237      0.0       0.0     1.5308      0.3    0.8       1.061   27.6   0b1111111111111111    20190618T164905772906
10       0     1.6307      0.3       0.8     0.3218      0.3    0.8       5.067   27.6   0b1111111111111111    20190618T164905773287
11       0     1.6155      0.0       0.0     1.5415      0.3    0.8       1.048   27.6   0b1111111111111111    20190618T164905773588
12       0     1.6228      0.3       0.8     0.3194      0.4    0.8       5.080   27.6   0b1111111111111111    20190618T164905773867
13       0     1.6200      0.0       0.0     1.5179      0.4    0.8       1.067   27.6   0b1111111111111111    20190618T164905774161
14       0     1.6395      0.0       0.0     0.3209      0.3    0.8       5.109   27.6   0b1111111111111111    20190618T164905774495
15       0     1.6298      0.0       0.0     1.5422      0.4    0.8       1.057   27.6   0b1111111111111111    20190618T164905774778
