CH# Vset[DAC]   V[V]    dVRMS[mV] dVpp[mV]    I[A]  dIRMS[mA] dIpp[mA]   R[ohm]   T[C]   State                Timestamp
 0     250     2.8553      0.0       0.0     0.1315      0.3    0.8      21.713   24.7   0b1111111111111111    20190603T164259241023
 1     250     2.8657      0.0       0.0     0.5674      0.6    1.7       5.051   24.7   0b1111111111111111    20190603T164259241530
 2     250     2.8740      0.0       0.0     0.1314      0.7    2.5      21.869   24.7   0b1111111111111111    20190603T164259241856
 3     250     2.8636      0.3       0.8     0.5681      0.7    2.5       5.041   24.7   0b1111111111111111    20190603T164259242159
 4     250     2.8792      0.0       0.0     0.1308      0.8    2.5      22.007   24.7   0b1111111111111111    20190603T164259242506
 5     250     2.8636      0.3       0.8     0.5698      0.5    1.7       5.026   24.7   0b1111111111111111    20190603T164259242804
 6     250     2.8945      0.4       0.8     0.1330      0.8    3.3      21.764   24.7   0b1111111111111111    20190603T164259243093
 7     250     2.8935      0.0       0.0     0.5710      1.2    4.2       5.067   24.7   0b1111111111111111    20190603T164259243436
 8     250     2.8350      0.0       0.0     0.1287      0.4    0.8      22.034   24.7   0b1111111111111111    20190603T164259243727
 9     250     2.8298      0.0       0.0     0.5617      0.5    1.7       5.038   24.7   0b1111111111111111    20190603T164259244014
10     250     2.8440      0.0       0.0     0.1288      0.4    0.8      22.089   24.7   0b1111111111111111    20190603T164259244353
11     250     2.8355      0.3       0.8     0.5617      0.4    1.7       5.048   24.7   0b1111111111111111    20190603T164259244659
12     250     2.8605      0.0       0.0     0.1320      0.6    1.7      21.670   24.7   0b1111111111111111    20190603T164259244944
13     250     2.8543      0.3       0.8     0.5634      0.6    1.7       5.066   24.7   0b1111111111111111    20190603T164259245228
14     250     2.8508      0.0       0.0     0.1323      0.5    1.7      21.542   24.7   0b1111111111111111    20190603T164259245577
15     250     2.8343      0.0       0.0     0.5588      0.4    0.8       5.072   24.7   0b1111111111111111    20190603T164259245863
 0     240     2.8065      0.0       0.0     0.1292      0.4    1.7      21.728   24.7   0b1111111111111111    20190603T164302699104
 1     240     2.8170      0.0       0.0     0.5578      0.4    0.8       5.050   24.7   0b1111111111111111    20190603T164302699568
 2     240     2.8251      0.3       0.7     0.1295      0.7    2.5      21.815   24.7   0b1111111111111111    20190603T164302699899
 3     240     2.8148      0.2       0.8     0.5578      0.5    1.7       5.047   24.7   0b1111111111111111    20190603T164302700204
 4     240     2.8298      0.2       0.7     0.1288      0.4    0.8      21.965   24.7   0b1111111111111111    20190603T164302700524
 5     240     2.8148      0.0       0.0     0.5600      0.4    1.7       5.026   24.7   0b1111111111111111    20190603T164302700820
 6     240     2.8454      0.3       0.8     0.1317      0.5    1.7      21.610   24.7   0b1111111111111111    20190603T164302701110
 7     240     2.8440      0.0       0.0     0.5610      0.6    1.7       5.070   24.7   0b1111111111111111    20190603T164302701418
 8     240     2.7867      0.4       0.8     0.1263      0.4    0.8      22.073   24.7   0b1111111111111111    20190603T164302701758
 9     240     2.7817      0.0       0.0     0.5520      0.4    0.8       5.039   24.7   0b1111111111111111    20190603T164302702050
10     240     2.7952      0.0       0.0     0.1265      0.3    0.8      22.097   24.7   0b1111111111111111    20190603T164302702335
11     240     2.7871      0.2       0.7     0.5521      0.4    0.8       5.048   24.7   0b1111111111111111    20190603T164302702646
12     240     2.8117      0.0       0.0     0.1302      0.5    1.7      21.601   24.7   0b1111111111111111    20190603T164302702930
13     240     2.8058      0.0       0.0     0.5536      0.5    1.7       5.068   24.7   0b1111111111111111    20190603T164302703213
14     240     2.8022      0.3       0.7     0.1303      0.5    1.7      21.514   24.7   0b1111111111111111    20190603T164302703527
15     240     2.7862      0.0       0.0     0.5494      0.4    0.8       5.071   24.7   0b1111111111111111    20190603T164302703813
 0     230     2.7590      0.3       0.8     0.1268      0.5    1.7      21.753   24.8   0b1111111111111111    20190603T164306151706
 1     230     2.7692      0.3       0.7     0.5484      0.3    0.8       5.049   24.8   0b1111111111111111    20190603T164306152130
 2     230     2.7772      0.0       0.0     0.1272      0.4    0.8      21.839   24.8   0b1111111111111111    20190603T164306152478
 3     230     2.7673      0.3       0.7     0.5489      0.4    0.8       5.041   24.8   0b1111111111111111    20190603T164306152789
 4     230     2.7825      0.0       0.0     0.1266      0.4    1.7      21.982   24.8   0b1111111111111111    20190603T164306153084
 5     230     2.7675      0.0       0.0     0.5507      0.3    0.8       5.026   24.8   0b1111111111111111    20190603T164306153376
 6     230     2.7973      0.3       0.8     0.1293      0.3    0.8      21.628   24.8   0b1111111111111111    20190603T164306153688
 7     230     2.7960      0.0       0.0     0.5514      0.4    0.8       5.071   24.8   0b1111111111111111    20190603T164306154064
 8     230     2.7398      0.0       0.0     0.1241      0.4    1.7      22.080   24.8   0b1111111111111111    20190603T164306154384
 9     230     2.7345      0.0       0.0     0.5428      0.4    0.8       5.037   24.8   0b1111111111111111    20190603T164306154744
10     230     2.7488      0.0       0.0     0.1243      0.2    0.8      22.123   24.8   0b1111111111111111    20190603T164306155032
11     230     2.7405      0.0       0.0     0.5428      0.4    0.8       5.049   24.8   0b1111111111111111    20190603T164306155317
12     230     2.7645      0.0       0.0     0.1281      0.4    0.8      21.584   24.8   0b1111111111111111    20190603T164306155622
13     230     2.7585      0.0       0.0     0.5445      0.4    0.8       5.066   24.8   0b1111111111111111    20190603T164306155908
14     230     2.7555      0.0       0.0     0.1278      0.4    0.8      21.555   24.8   0b1111111111111111    20190603T164306156191
15     230     2.7398      0.0       0.0     0.5401      0.3    0.8       5.073   24.8   0b1111111111111111    20190603T164306156496
 0     220     2.7098      0.0       0.0     0.1249      0.2    0.8      21.692   24.9   0b1111111111111111    20190603T164309626996
 1     220     2.7190      0.3       0.8     0.5385      0.3    0.8       5.049   24.9   0b1111111111111111    20190603T164309627482
 2     220     2.7277      0.0       0.0     0.1251      0.2    0.8      21.807   24.9   0b1111111111111111    20190603T164309627810
 3     220     2.7180      0.0       0.0     0.5392      0.0    0.0       5.041   24.9   0b1111111111111111    20190603T164309628113
 4     220     2.7323      0.0       0.0     0.1243      0.3    0.8      21.975   24.9   0b1111111111111111    20190603T164309628462
 5     220     2.7195      0.0       0.0     0.5413      0.4    0.8       5.024   24.9   0b1111111111111111    20190603T164309628760
 6     220     2.7484      0.4       0.7     0.1269      0.4    0.8      21.655   24.9   0b1111111111111111    20190603T164309629049
 7     220     2.7474      0.3       0.8     0.5418      0.3    0.8       5.071   24.9   0b1111111111111111    20190603T164309629395
 8     220     2.6917      0.0       0.0     0.1217      0.2    0.8      22.109   24.9   0b1111111111111111    20190603T164309629688
 9     220     2.6872      0.0       0.0     0.5332      0.3    0.8       5.040   24.9   0b1111111111111111    20190603T164309629975
10     220     2.7007      0.0       0.0     0.1222      0.4    0.8      22.107   24.9   0b1111111111111111    20190603T164309630259
11     220     2.6917      0.0       0.0     0.5331      0.4    0.8       5.049   24.9   0b1111111111111111    20190603T164309630601
12     220     2.7142      0.0       0.0     0.1257      0.2    0.8      21.584   24.9   0b1111111111111111    20190603T164309630885
13     220     2.7112      0.0       0.0     0.5351      0.2    0.8       5.067   24.9   0b1111111111111111    20190603T164309631180
14     220     2.7075      0.0       0.0     0.1258      0.0    0.0      21.517   24.9   0b1111111111111111    20190603T164309631507
15     220     2.6910      0.0       0.0     0.5307      0.3    0.8       5.071   24.9   0b1111111111111111    20190603T164309631795
 0     210     2.6603      0.0       0.0     0.1223      0.3    0.8      21.746   24.9   0b1111111111111111    20190603T164313101216
 1     210     2.6696      0.4       0.8     0.5287      0.4    0.8       5.049   24.9   0b1111111111111111    20190603T164313101662
 2     210     2.6782      0.0       0.0     0.1227      0.3    0.8      21.834   24.9   0b1111111111111111    20190603T164313101982
 3     210     2.6688      0.4       0.8     0.5292      0.2    0.8       5.043   24.9   0b1111111111111111    20190603T164313102285
 4     210     2.6832      0.4       0.8     0.1219      0.4    0.8      22.008   24.9   0b1111111111111111    20190603T164313102598
 5     210     2.6700      0.0       0.0     0.5317      0.0    0.0       5.022   24.9   0b1111111111111111    20190603T164313102893
 6     210     2.6985      0.0       0.0     0.1247      0.4    0.8      21.646   24.9   0b1111111111111111    20190603T164313103181
 7     210     2.6977      0.0       0.0     0.5317      0.0    0.0       5.074   24.9   0b1111111111111111    20190603T164313103489
 8     210     2.6430      0.0       0.0     0.1198      0.3    0.8      22.056   24.9   0b1111111111111111    20190603T164313103778
 9     210     2.6385      0.0       0.0     0.5236      0.4    0.8       5.039   24.9   0b1111111111111111    20190603T164313104078
10     210     2.6520      0.0       0.0     0.1199      0.3    0.8      22.115   24.9   0b1111111111111111    20190603T164313104425
11     210     2.6435      0.4       0.8     0.5237      0.4    0.8       5.048   24.9   0b1111111111111111    20190603T164313104724
12     210     2.6655      0.0       0.0     0.1233      0.3    0.8      21.627   24.9   0b1111111111111111    20190603T164313105009
13     210     2.6623      0.3       0.8     0.5252      0.3    0.8       5.069   24.9   0b1111111111111111    20190603T164313105292
14     210     2.6585      0.3       0.8     0.1233      0.3    0.8      21.570   24.9   0b1111111111111111    20190603T164313105598
15     210     2.6424      0.3       0.7     0.5211      0.4    0.8       5.071   24.9   0b1111111111111111    20190603T164313105883
 0     200     2.6112      0.4       0.8     0.1200      0.0    0.0      21.760   24.9   0b1111111111111111    20190603T164316558127
 1     200     2.6197      0.0       0.0     0.5188      0.4    0.8       5.050   24.9   0b1111111111111111    20190603T164316558582
 2     200     2.6280      0.0       0.0     0.1202      0.3    0.8      21.870   24.9   0b1111111111111111    20190603T164316558905
 3     200     2.6190      0.0       0.0     0.5196      0.4    0.8       5.041   24.9   0b1111111111111111    20190603T164316559208
 4     200     2.6332      0.0       0.0     0.1193      0.3    0.8      22.066   24.9   0b1111111111111111    20190603T164316559524
 5     200     2.6205      0.0       0.0     0.5217      0.0    0.0       5.023   24.9   0b1111111111111111    20190603T164316559819
 6     200     2.6485      0.3       0.8     0.1223      0.3    0.8      21.650   24.9   0b1111111111111111    20190603T164316560109
 7     200     2.6476      0.2       0.8     0.5219      0.4    0.8       5.073   24.9   0b1111111111111111    20190603T164316560417
 8     200     2.5942      0.0       0.0     0.1173      0.4    0.8      22.126   24.9   0b1111111111111111    20190603T164316560705
 9     200     2.5897      0.0       0.0     0.5142      0.0    0.0       5.037   24.9   0b1111111111111111    20190603T164316561048
10     200     2.6032      0.0       0.0     0.1177      0.3    0.8      22.124   24.9   0b1111111111111111    20190603T164316561342
11     200     2.5949      0.2       0.8     0.5138      0.4    0.8       5.050   24.9   0b1111111111111111    20190603T164316561654
12     200     2.6166      0.3       0.7     0.1210      0.3    0.8      21.625   24.9   0b1111111111111111    20190603T164316561950
13     200     2.6130      0.0       0.0     0.5157      0.3    0.8       5.067   24.9   0b1111111111111111    20190603T164316562236
14     200     2.6092      0.0       0.0     0.1208      0.0    0.0      21.594   24.9   0b1111111111111111    20190603T164316562540
15     200     2.5936      0.3       0.8     0.5116      0.3    0.8       5.070   24.9   0b1111111111111111    20190603T164316562934
 0     190     2.5628      0.0       0.0     0.1179      0.4    0.8      21.734   25.0   0b1111111111111111    20190603T164320024804
 1     190     2.5725      0.0       0.0     0.5095      0.4    0.8       5.049   25.0   0b1111111111111111    20190603T164320025214
 2     190     2.5800      0.0       0.0     0.1179      0.4    0.8      21.880   25.0   0b1111111111111111    20190603T164320025671
 3     190     2.5710      0.0       0.0     0.5100      0.0    0.0       5.041   25.0   0b1111111111111111    20190603T164320025976
 4     190     2.5856      0.4       0.8     0.1173      0.3    0.8      22.037   25.0   0b1111111111111111    20190603T164320026305
 5     190     2.5733      0.0       0.0     0.5124      0.3    0.8       5.022   25.0   0b1111111111111111    20190603T164320026631
 6     190     2.5996      0.2       0.7     0.1201      0.2    0.8      21.648   25.0   0b1111111111111111    20190603T164320026924
 7     190     2.5991      0.4       0.8     0.5126      0.2    0.8       5.070   25.0   0b1111111111111111    20190603T164320027213
 8     190     2.5478      0.0       0.0     0.1151      0.2    0.8      22.138   25.0   0b1111111111111111    20190603T164320027486
 9     190     2.5433      0.0       0.0     0.5046      0.4    0.8       5.040   25.0   0b1111111111111111    20190603T164320027628
10     190     2.5560      0.0       0.0     0.1154      0.4    0.8      22.146   25.0   0b1111111111111111    20190603T164320027767
11     190     2.5485      0.0       0.0     0.5047      0.4    0.8       5.050   25.0   0b1111111111111111    20190603T164320027906
12     190     2.5688      0.0       0.0     0.1188      0.4    0.8      21.616   25.0   0b1111111111111111    20190603T164320028044
13     190     2.5665      0.0       0.0     0.5067      0.0    0.0       5.065   25.0   0b1111111111111111    20190603T164320028183
14     190     2.5630      0.3       0.7     0.1188      0.4    0.8      21.568   25.0   0b1111111111111111    20190603T164320028351
15     190     2.5468      0.3       0.7     0.5020      0.4    0.8       5.073   25.0   0b1111111111111111    20190603T164320028492
 0     180     2.5132      0.0       0.0     0.1157      0.3    0.8      21.728   25.0   0b1111111111111111    20190603T164323486634
 1     180     2.5230      0.0       0.0     0.4996      0.4    0.8       5.050   25.0   0b1111111111111111    20190603T164323487045
 2     180     2.5306      0.2       0.8     0.1155      0.4    0.8      21.910   25.0   0b1111111111111111    20190603T164323487356
 3     180     2.5217      0.3       0.8     0.5001      0.3    0.8       5.043   25.0   0b1111111111111111    20190603T164323487691
 4     180     2.5365      0.0       0.0     0.1150      0.0    0.0      22.057   25.0   0b1111111111111111    20190603T164323487892
 5     180     2.5237      0.0       0.0     0.5025      0.0    0.0       5.022   25.0   0b1111111111111111    20190603T164323488036
 6     180     2.5500      0.0       0.0     0.1177      0.3    0.8      21.671   25.0   0b1111111111111111    20190603T164323488177
 7     180     2.5493      0.2       0.8     0.5026      0.3    0.8       5.072   25.0   0b1111111111111111    20190603T164323488319
 8     180     2.4990      0.0       0.0     0.1129      0.4    0.8      22.131   25.0   0b1111111111111111    20190603T164323488488
 9     180     2.4950      0.3       0.8     0.4950      0.0    0.0       5.040   25.0   0b1111111111111111    20190603T164323488630
10     180     2.5072      0.0       0.0     0.1133      0.0    0.0      22.123   25.0   0b1111111111111111    20190603T164323488781
11     180     2.4997      0.0       0.0     0.4950      0.0    0.0       5.050   25.0   0b1111111111111111    20190603T164323488926
12     180     2.5200      0.0       0.0     0.1167      0.0    0.0      21.600   25.0   0b1111111111111111    20190603T164323489064
13     180     2.5177      0.0       0.0     0.4967      0.0    0.0       5.069   25.0   0b1111111111111111    20190603T164323489202
14     180     2.5140      0.0       0.0     0.1166      0.3    0.8      21.564   25.0   0b1111111111111111    20190603T164323489339
15     180     2.4982      0.0       0.0     0.4925      0.0    0.0       5.073   25.0   0b1111111111111111    20190603T164323489477
 0     170     2.4645      0.0       0.0     0.1133      0.0    0.0      21.746   25.0   0b1111111111111111    20190603T164326939882
 1     170     2.4735      0.0       0.0     0.4899      0.2    0.8       5.049   25.0   0b1111111111111111    20190603T164326940295
 2     170     2.4810      0.0       0.0     0.1133      0.0    0.0      21.891   25.0   0b1111111111111111    20190603T164326940612
 3     170     2.4726      0.3       0.8     0.4903      0.4    0.8       5.044   25.0   0b1111111111111111    20190603T164326940941
 4     170     2.4870      0.0       0.0     0.1126      0.2    0.8      22.090   25.0   0b1111111111111111    20190603T164326941235
 5     170     2.4750      0.0       0.0     0.4928      0.4    0.8       5.023   25.0   0b1111111111111111    20190603T164326941526
 6     170     2.5005      0.0       0.0     0.1153      0.4    0.8      21.681   25.0   0b1111111111111111    20190603T164326941835
 7     170     2.4997      0.0       0.0     0.4925      0.0    0.0       5.076   25.0   0b1111111111111111    20190603T164326942125
 8     170     2.4508      0.3       0.7     0.1108      0.0    0.0      22.112   25.0   0b1111111111111111    20190603T164326942409
 9     170     2.4465      0.0       0.0     0.4855      0.4    0.8       5.039   25.0   0b1111111111111111    20190603T164326942764
10     170     2.4593      0.0       0.0     0.1108      0.0    0.0      22.189   25.0   0b1111111111111111    20190603T164326943055
11     170     2.4518      0.0       0.0     0.4851      0.2    0.8       5.054   25.0   0b1111111111111111    20190603T164326943342
12     170     2.4713      0.0       0.0     0.1142      0.0    0.0      21.646   25.0   0b1111111111111111    20190603T164326943626
13     170     2.4690      0.0       0.0     0.4872      0.4    0.8       5.068   25.0   0b1111111111111111    20190603T164326943936
14     170     2.4653      0.0       0.0     0.1142      0.0    0.0      21.593   25.0   0b1111111111111111    20190603T164326944220
15     170     2.4503      0.0       0.0     0.4833      0.2    0.8       5.070   25.0   0b1111111111111111    20190603T164326944504
 0     160     2.4153      0.4       0.8     0.1108      0.0    0.0      21.792   25.1   0b1111111111111111    20190603T164330404069
 1     160     2.4240      0.0       0.0     0.4800      0.0    0.0       5.050   25.1   0b1111111111111111    20190603T164330404514
 2     160     2.4315      0.0       0.0     0.1111      0.4    0.8      21.889   25.1   0b1111111111111111    20190603T164330404842
 3     160     2.4232      0.0       0.0     0.4806      0.4    0.8       5.042   25.1   0b1111111111111111    20190603T164330405144
 4     160     2.4375      0.0       0.0     0.1104      0.4    0.8      22.075   25.1   0b1111111111111111    20190603T164330405464
 5     160     2.4255      0.0       0.0     0.4830      0.4    0.8       5.022   25.1   0b1111111111111111    20190603T164330405762
 6     160     2.4503      0.0       0.0     0.1133      0.2    0.8      21.636   25.1   0b1111111111111111    20190603T164330406051
 7     160     2.4503      0.0       0.0     0.4831      0.4    0.8       5.072   25.1   0b1111111111111111    20190603T164330406381
 8     160     2.4021      0.3       0.8     0.1083      0.0    0.0      22.173   25.1   0b1111111111111111    20190603T164330406699
 9     160     2.3984      0.2       0.7     0.4758      0.2    0.8       5.041   25.1   0b1111111111111111    20190603T164330406988
10     160     2.4105      0.0       0.0     0.1088      0.4    0.8      22.149   25.1   0b1111111111111111    20190603T164330407290
11     160     2.4030      0.0       0.0     0.4758      0.0    0.0       5.050   25.1   0b1111111111111111    20190603T164330407584
12     160     2.4225      0.0       0.0     0.1119      0.4    0.8      21.646   25.1   0b1111111111111111    20190603T164330407724
13     160     2.4202      0.0       0.0     0.4774      0.2    0.8       5.069   25.1   0b1111111111111111    20190603T164330407862
14     160     2.4165      0.0       0.0     0.1117      0.3    0.8      21.624   25.1   0b1111111111111111    20190603T164330408000
15     160     2.4015      0.0       0.0     0.4733      0.0    0.0       5.074   25.1   0b1111111111111111    20190603T164330408139
 0     150     2.3678      0.0       0.0     0.1085      0.3    0.8      21.823   25.1   0b1111111111111111    20190603T164333856865
 1     150     2.3769      0.3       0.7     0.4708      0.0    0.0       5.048   25.1   0b1111111111111111    20190603T164333857276
 2     150     2.3843      0.0       0.0     0.1088      0.4    0.8      21.924   25.1   0b1111111111111111    20190603T164333857628
 3     150     2.3760      0.0       0.0     0.4712      0.4    0.8       5.043   25.1   0b1111111111111111    20190603T164333857933
 4     150     2.3910      0.0       0.0     0.1082      0.2    0.8      22.088   25.1   0b1111111111111111    20190603T164333858227
 5     150     2.3783      0.0       0.0     0.4733      0.0    0.0       5.024   25.1   0b1111111111111111    20190603T164333858567
 6     150     2.4030      0.0       0.0     0.1108      0.0    0.0      21.681   25.1   0b1111111111111111    20190603T164333858864
 7     150     2.4025      0.4       0.8     0.4733      0.0    0.0       5.076   25.1   0b1111111111111111    20190603T164333859201
 8     150     2.3565      0.0       0.0     0.1063      0.4    0.8      22.179   25.1   0b1111111111111111    20190603T164333859525
 9     150     2.3520      0.0       0.0     0.4667      0.0    0.0       5.040   25.1   0b1111111111111111    20190603T164333859815
10     150     2.3633      0.0       0.0     0.1065      0.3    0.8      22.190   25.1   0b1111111111111111    20190603T164333860099
11     150     2.3565      0.0       0.0     0.4667      0.0    0.0       5.050   25.1   0b1111111111111111    20190603T164333860382
12     150     2.3760      0.0       0.0     0.1098      0.3    0.8      21.633   25.1   0b1111111111111111    20190603T164333860692
13     150     2.3739      0.3       0.8     0.4683      0.3    0.8       5.070   25.1   0b1111111111111111    20190603T164333860976
14     150     2.3708      0.0       0.0     0.1099      0.2    0.8      21.569   25.1   0b1111111111111111    20190603T164333861258
15     150     2.3558      0.0       0.0     0.4642      0.0    0.0       5.075   25.1   0b1111111111111111    20190603T164333861562
 0     140     2.3192      0.3       0.8     0.1065      0.3    0.8      21.777   25.1   0b1111111111111111    20190603T164337303684
 1     140     2.3280      0.0       0.0     0.4608      0.0    0.0       5.052   25.1   0b1111111111111111    20190603T164337304084
 2     140     2.3348      0.0       0.0     0.1067      0.0    0.0      21.888   25.1   0b1111111111111111    20190603T164337304412
 3     140     2.3265      0.0       0.0     0.4617      0.0    0.0       5.039   25.1   0b1111111111111111    20190603T164337304728
 4     140     2.3422      0.0       0.0     0.1059      0.2    0.8      22.114   25.1   0b1111111111111111    20190603T164337305025
 5     140     2.3295      0.0       0.0     0.4637      0.4    0.8       5.024   25.1   0b1111111111111111    20190603T164337305317
 6     140     2.3535      0.0       0.0     0.1083      0.0    0.0      21.725   25.1   0b1111111111111111    20190603T164337305633
 7     140     2.3535      0.0       0.0     0.4638      0.4    0.8       5.074   25.1   0b1111111111111111    20190603T164337305933
 8     140     2.3085      0.0       0.0     0.1042      0.0    0.0      22.162   25.1   0b1111111111111111    20190603T164337306271
 9     140     2.3043      0.4       0.8     0.4569      0.4    0.8       5.043   25.1   0b1111111111111111    20190603T164337306570
10     140     2.3152      0.0       0.0     0.1042      0.0    0.0      22.226   25.1   0b1111111111111111    20190603T164337306868
11     140     2.3086      0.3       0.8     0.4567      0.0    0.0       5.055   25.1   0b1111111111111111    20190603T164337307154
12     140     2.3280      0.0       0.0     0.1075      0.0    0.0      21.656   25.1   0b1111111111111111    20190603T164337307475
13     140     2.3257      0.0       0.0     0.4585      0.3    0.8       5.073   25.1   0b1111111111111111    20190603T164337307650
14     140     2.3220      0.0       0.0     0.1075      0.0    0.0      21.600   25.1   0b1111111111111111    20190603T164337307788
15     140     2.3077      0.0       0.0     0.4546      0.4    0.8       5.077   25.1   0b1111111111111111    20190603T164337307927
 0     130     2.2710      0.0       0.0     0.1042      0.0    0.0      21.802   25.1   0b1111111111111111    20190603T164340748791
 1     130     2.2793      0.0       0.0     0.4508      0.0    0.0       5.056   25.1   0b1111111111111111    20190603T164340749193
 2     130     2.2860      0.0       0.0     0.1042      0.0    0.0      21.946   25.1   0b1111111111111111    20190603T164340749545
 3     130     2.2778      0.0       0.0     0.4517      0.0    0.0       5.043   25.1   0b1111111111111111    20190603T164340749854
 4     130     2.2932      0.4       0.8     0.1035      0.3    0.8      22.157   25.1   0b1111111111111111    20190603T164340750150
 5     130     2.2808      0.0       0.0     0.4540      0.3    0.8       5.024   25.1   0b1111111111111111    20190603T164340750466
 6     130     2.3047      0.0       0.0     0.1059      0.2    0.8      21.760   25.1   0b1111111111111111    20190603T164340750759
 7     130     2.3040      0.0       0.0     0.4542      0.0    0.0       5.073   25.1   0b1111111111111111    20190603T164340751098
 8     130     2.2601      0.4       0.8     0.1017      0.0    0.0      22.230   25.1   0b1111111111111111    20190603T164340751413
 9     130     2.2567      0.2       0.7     0.4474      0.3    0.8       5.044   25.1   0b1111111111111111    20190603T164340751703
10     130     2.2673      0.0       0.0     0.1018      0.3    0.8      22.264   25.1   0b1111111111111111    20190603T164340751988
11     130     2.2605      0.0       0.0     0.4473      0.3    0.8       5.053   25.1   0b1111111111111111    20190603T164340752274
12     130     2.2793      0.0       0.0     0.1050      0.0    0.0      21.707   25.1   0b1111111111111111    20190603T164340752580
13     130     2.2772      0.3       0.8     0.4492      0.0    0.0       5.070   25.1   0b1111111111111111    20190603T164340752864
14     130     2.2740      0.0       0.0     0.1052      0.4    0.8      21.606   25.1   0b1111111111111111    20190603T164340753146
15     130     2.2597      0.0       0.0     0.4450      0.0    0.0       5.078   25.1   0b1111111111111111    20190603T164340753451
 0     120     2.2208      0.2       0.8     0.1017      0.0    0.0      21.844   25.1   0b1111111111111111    20190603T164344194937
 1     120     2.2305      0.0       0.0     0.4413      0.4    0.8       5.054   25.1   0b1111111111111111    20190603T164344195336
 2     120     2.2357      0.0       0.0     0.1017      0.0    0.0      21.991   25.1   0b1111111111111111    20190603T164344195686
 3     120     2.2290      0.0       0.0     0.4418      0.3    0.8       5.046   25.1   0b1111111111111111    20190603T164344195992
 4     120     2.2440      0.0       0.0     0.1014      0.4    0.8      22.127   25.1   0b1111111111111111    20190603T164344196286
 5     120     2.2327      0.0       0.0     0.4442      0.0    0.0       5.027   25.1   0b1111111111111111    20190603T164344196694
 6     120     2.2552      0.2       0.8     0.1039      0.4    0.8      21.702   25.1   0b1111111111111111    20190603T164344196995
 7     120     2.2553      0.0       0.0     0.4442      0.0    0.0       5.077   25.1   0b1111111111111111    20190603T164344197297
 8     120     2.2132      0.2       0.8     0.0997      0.4    0.8      22.206   25.1   0b1111111111111111    20190603T164344197588
 9     120     2.2080      0.0       0.0     0.4376      0.2    0.8       5.046   25.1   0b1111111111111111    20190603T164344197758
10     120     2.2192      0.0       0.0     0.0998      0.4    0.8      22.248   25.1   0b1111111111111111    20190603T164344197905
11     120     2.2126      0.3       0.8     0.4376      0.2    0.8       5.057   25.1   0b1111111111111111    20190603T164344198045
12     120     2.2305      0.0       0.0     0.1029      0.4    0.8      21.673   25.1   0b1111111111111111    20190603T164344198184
13     120     2.2297      0.0       0.0     0.4397      0.4    0.8       5.071   25.1   0b1111111111111111    20190603T164344198323
14     120     2.2260      0.0       0.0     0.1029      0.4    0.8      21.629   25.1   0b1111111111111111    20190603T164344198487
15     120     2.2117      0.0       0.0     0.4358      0.2    0.8       5.076   25.1   0b1111111111111111    20190603T164344198627
 0     110     2.1743      0.2       0.8     0.0994      0.4    0.8      21.871   25.2   0b1111111111111111    20190603T164347644899
 1     110     2.1840      0.0       0.0     0.4320      0.4    0.8       5.056   25.2   0b1111111111111111    20190603T164347645309
 2     110     2.1893      0.0       0.0     0.0996      0.4    0.8      21.984   25.2   0b1111111111111111    20190603T164347645626
 3     110     2.1825      0.0       0.0     0.4327      0.3    0.8       5.044   25.2   0b1111111111111111    20190603T164347645952
 4     110     2.1975      0.0       0.0     0.0992      0.0    0.0      22.160   25.2   0b1111111111111111    20190603T164347646245
 5     110     2.1865      0.3       0.8     0.4350      0.0    0.0       5.026   25.2   0b1111111111111111    20190603T164347646538
 6     110     2.2081      0.2       0.7     0.1017      0.0    0.0      21.719   25.2   0b1111111111111111    20190603T164347646847
 7     110     2.2081      0.3       0.7     0.4350      0.0    0.0       5.076   25.2   0b1111111111111111    20190603T164347647136
 8     110     2.1667      0.0       0.0     0.0975      0.0    0.0      22.223   25.2   0b1111111111111111    20190603T164347647422
 9     110     2.1615      0.0       0.0     0.4284      0.2    0.8       5.045   25.2   0b1111111111111111    20190603T164347647779
10     110     2.1728      0.0       0.0     0.0975      0.0    0.0      22.285   25.2   0b1111111111111111    20190603T164347648072
11     110     2.1667      0.0       0.0     0.4283      0.0    0.0       5.059   25.2   0b1111111111111111    20190603T164347648371
12     110     2.1840      0.0       0.0     0.1008      0.0    0.0      21.660   25.2   0b1111111111111111    20190603T164347648739
13     110     2.1822      0.4       0.8     0.4300      0.0    0.0       5.075   25.2   0b1111111111111111    20190603T164347649027
14     110     2.1780      0.0       0.0     0.1008      0.0    0.0      21.600   25.2   0b1111111111111111    20190603T164347649311
15     110     2.1650      0.3       0.8     0.4263      0.4    0.8       5.078   25.2   0b1111111111111111    20190603T164347649595
 0     100     2.1262      0.0       0.0     0.0971      0.4    0.8      21.901   25.2   0b1111111111111111    20190603T164351124098
 1     100     2.1352      0.0       0.0     0.4224      0.3    0.8       5.055   25.2   0b1111111111111111    20190603T164351124539
 2     100     2.1398      0.2       0.8     0.0973      0.3    0.8      21.985   25.2   0b1111111111111111    20190603T164351124864
 3     100     2.1337      0.0       0.0     0.4229      0.4    0.8       5.045   25.2   0b1111111111111111    20190603T164351125166
 4     100     2.1495      0.0       0.0     0.0968      0.2    0.8      22.217   25.2   0b1111111111111111    20190603T164351125483
 5     100     2.1382      0.0       0.0     0.4256      0.4    0.8       5.024   25.2   0b1111111111111111    20190603T164351125778
 6     100     2.1593      0.0       0.0     0.0992      0.4    1.7      21.774   25.2   0b1111111111111111    20190603T164351126078
 7     100     2.1593      0.2       0.8     0.4252      0.4    0.8       5.078   25.2   0b1111111111111111    20190603T164351126367
 8     100     2.1172      0.0       0.0     0.0950      0.0    0.0      22.287   25.2   0b1111111111111111    20190603T164351126709
 9     100     2.1127      0.0       0.0     0.4186      0.4    0.8       5.047   25.2   0b1111111111111111    20190603T164351127000
10     100     2.1240      0.0       0.0     0.0952      0.3    0.8      22.319   25.2   0b1111111111111111    20190603T164351127287
11     100     2.1180      0.0       0.0     0.4187      0.4    0.8       5.059   25.2   0b1111111111111111    20190603T164351127583
12     100     2.1345      0.0       0.0     0.0983      0.0    0.0      21.707   25.2   0b1111111111111111    20190603T164351127723
13     100     2.1322      0.0       0.0     0.4201      0.2    0.8       5.076   25.2   0b1111111111111111    20190603T164351127863
14     100     2.1277      0.0       0.0     0.0983      0.0    0.0      21.638   25.2   0b1111111111111111    20190603T164351128002
15     100     2.1154      0.4       0.8     0.4166      0.3    0.8       5.078   25.2   0b1111111111111111    20190603T164351128141
 0      90     2.0774      0.2       0.7     0.0949      0.2    0.8      21.887   25.2   0b1111111111111111    20190603T164354577684
 1      90     2.0865      0.0       0.0     0.4125      0.0    0.0       5.058   25.2   0b1111111111111111    20190603T164354578091
 2      90     2.0918      0.0       0.0     0.0950      0.0    0.0      22.018   25.2   0b1111111111111111    20190603T164354578465
 3      90     2.0858      0.0       0.0     0.4133      0.0    0.0       5.046   25.2   0b1111111111111111    20190603T164354578779
 4      90     2.1005      0.3       0.8     0.0945      0.4    0.8      22.228   25.2   0b1111111111111111    20190603T164354579075
 5      90     2.0886      0.3       0.8     0.4157      0.3    0.8       5.025   25.2   0b1111111111111111    20190603T164354579367
 6      90     2.1105      0.0       0.0     0.0971      0.4    0.8      21.739   25.2   0b1111111111111111    20190603T164354579678
 7      90     2.1111      0.3       0.8     0.4158      0.0    0.0       5.077   25.2   0b1111111111111111    20190603T164354579966
 8      90     2.0678      0.0       0.0     0.0927      0.3    0.8      22.314   25.2   0b1111111111111111    20190603T164354580382
 9      90     2.0633      0.0       0.0     0.4088      0.4    0.8       5.047   25.2   0b1111111111111111    20190603T164354580708
10      90     2.0745      0.0       0.0     0.0931      0.4    0.8      22.286   25.2   0b1111111111111111    20190603T164354580997
11      90     2.0685      0.0       0.0     0.4091      0.2    0.8       5.056   25.2   0b1111111111111111    20190603T164354581283
12      90     2.0835      0.0       0.0     0.0958      0.0    0.0      21.741   25.2   0b1111111111111111    20190603T164354581589
13      90     2.0820      0.0       0.0     0.4102      0.3    0.8       5.076   25.2   0b1111111111111111    20190603T164354581876
14      90     2.0783      0.0       0.0     0.0958      0.0    0.0      21.686   25.2   0b1111111111111111    20190603T164354582159
15      90     2.0648      0.0       0.0     0.4067      0.0    0.0       5.077   25.2   0b1111111111111111    20190603T164354582463
 0      80     2.0272      0.0       0.0     0.0925      0.0    0.0      21.916   25.2   0b1111111111111111    20190603T164358031558
 1      80     2.0365      0.3       0.8     0.4025      0.0    0.0       5.060   25.2   0b1111111111111111    20190603T164358031939
 2      80     2.0415      0.0       0.0     0.0925      0.0    0.0      22.070   25.2   0b1111111111111111    20190603T164358032252
 3      80     2.0362      0.0       0.0     0.4033      0.0    0.0       5.049   25.2   0b1111111111111111    20190603T164358032572
 4      80     2.0513      0.0       0.0     0.0924      0.2    0.8      22.196   25.2   0b1111111111111111    20190603T164358032868
 5      80     2.0392      0.0       0.0     0.4058      0.0    0.0       5.025   25.2   0b1111111111111111    20190603T164358033170
 6      80     2.0611      0.2       0.8     0.0948      0.3    0.8      21.734   25.2   0b1111111111111111    20190603T164358033480
 7      80     2.0617      0.0       0.0     0.4057      0.3    0.8       5.081   25.2   0b1111111111111111    20190603T164358033770
 8      80     2.0168      0.0       0.0     0.0903      0.4    0.8      22.326   25.2   0b1111111111111111    20190603T164358034054
 9      80     2.0123      0.0       0.0     0.3985      0.3    0.8       5.050   25.2   0b1111111111111111    20190603T164358034408
10      80     2.0235      0.0       0.0     0.0907      0.2    0.8      22.298   25.2   0b1111111111111111    20190603T164358034699
11      80     2.0174      0.2       0.8     0.3989      0.4    0.8       5.057   25.2   0b1111111111111111    20190603T164358034983
12      80     2.0317      0.0       0.0     0.0935      0.3    0.8      21.730   25.2   0b1111111111111111    20190603T164358035265
13      80     2.0302      0.0       0.0     0.4000      0.0    0.0       5.076   25.2   0b1111111111111111    20190603T164358035572
14      80     2.0265      0.0       0.0     0.0935      0.3    0.8      21.674   25.2   0b1111111111111111    20190603T164358035856
15      80     2.0130      0.0       0.0     0.3959      0.3    0.8       5.084   25.2   0b1111111111111111    20190603T164358036138
 0      70     1.9766      0.4       0.7     0.0901      0.2    0.8      21.941   25.2   0b1111111111111111    20190603T164401480807
 1      70     1.9868      0.0       0.0     0.3925      0.0    0.0       5.062   25.2   0b1111111111111111    20190603T164401481233
 2      70     1.9920      0.0       0.0     0.0901      0.2    0.8      22.113   25.2   0b1111111111111111    20190603T164401481556
 3      70     1.9853      0.0       0.0     0.3933      0.0    0.0       5.047   25.2   0b1111111111111111    20190603T164401481887
 4      70     2.0025      0.0       0.0     0.0900      0.0    0.0      22.250   25.2   0b1111111111111111    20190603T164401482187
 5      70     1.9899      0.3       0.8     0.3958      0.0    0.0       5.027   25.2   0b1111111111111111    20190603T164401482483
 6      70     2.0123      0.0       0.0     0.0925      0.0    0.0      21.754   25.2   0b1111111111111111    20190603T164401482798
 7      70     2.0130      0.0       0.0     0.3961      0.4    0.8       5.082   25.2   0b1111111111111111    20190603T164401483137
 8      70     1.9665      0.0       0.0     0.0881      0.4    0.8      22.325   25.2   0b1111111111111111    20190603T164401483430
 9      70     1.9613      0.0       0.0     0.3883      0.0    0.0       5.050   25.2   0b1111111111111111    20190603T164401483742
10      70     1.9725      0.0       0.0     0.0883      0.3    0.8      22.351   25.2   0b1111111111111111    20190603T164401484033
11      70     1.9672      0.0       0.0     0.3886      0.4    0.8       5.063   25.2   0b1111111111111111    20190603T164401484321
12      70     1.9809      0.3       0.8     0.0911      0.4    0.8      21.748   25.2   0b1111111111111111    20190603T164401484607
13      70     1.9785      0.0       0.0     0.3898      0.3    0.8       5.075   25.2   0b1111111111111111    20190603T164401484918
14      70     1.9748      0.0       0.0     0.0910      0.3    0.8      21.701   25.2   0b1111111111111111    20190603T164401485204
15      70     1.9629      0.3       0.7     0.3865      0.3    0.8       5.079   25.2   0b1111111111111111    20190603T164401485489
 0      60     1.9245      0.0       0.0     0.0875      0.0    0.0      21.994   25.3   0b1111111111111111    20190603T164404929373
 1      60     1.9350      0.0       0.0     0.3825      0.0    0.0       5.059   25.3   0b1111111111111111    20190603T164404929813
 2      60     1.9395      0.0       0.0     0.0877      0.3    0.8      22.124   25.3   0b1111111111111111    20190603T164404930137
 3      60     1.9327      0.0       0.0     0.3830      0.4    0.8       5.046   25.3   0b1111111111111111    20190603T164404930468
 4      60     1.9507      0.0       0.0     0.0876      0.3    0.8      22.273   25.3   0b1111111111111111    20190603T164404930785
 5      60     1.9395      0.0       0.0     0.3858      0.0    0.0       5.027   25.3   0b1111111111111111    20190603T164404931083
 6      60     1.9598      0.0       0.0     0.0900      0.0    0.0      21.775   25.3   0b1111111111111111    20190603T164404931372
 7      60     1.9620      0.0       0.0     0.3859      0.2    0.8       5.084   25.3   0b1111111111111111    20190603T164404931684
 8      60     1.9156      0.2       0.8     0.0858      0.0    0.0      22.317   25.3   0b1111111111111111    20190603T164404932024
 9      60     1.9110      0.0       0.0     0.3783      0.0    0.0       5.051   25.3   0b1111111111111111    20190603T164404932325
10      60     1.9215      0.0       0.0     0.0858      0.0    0.0      22.386   25.3   0b1111111111111111    20190603T164404932634
11      60     1.9163      0.0       0.0     0.3783      0.0    0.0       5.065   25.3   0b1111111111111111    20190603T164404932921
12      60     1.9290      0.0       0.0     0.0889      0.4    0.8      21.694   25.3   0b1111111111111111    20190603T164404933205
13      60     1.9290      0.0       0.0     0.3799      0.3    0.8       5.077   25.3   0b1111111111111111    20190603T164404933514
14      60     1.9237      0.0       0.0     0.0888      0.4    0.8      21.676   25.3   0b1111111111111111    20190603T164404933800
15      60     1.9118      0.0       0.0     0.3760      0.3    0.8       5.084   25.3   0b1111111111111111    20190603T164404934086
 0      50     1.8727      0.0       0.0     0.0853      0.4    0.8      21.968   25.3   0b1111111111111111    20190603T164408380179
 1      50     1.8825      0.0       0.0     0.3717      0.0    0.0       5.065   25.3   0b1111111111111111    20190603T164408380712
 2      50     1.8870      0.0       0.0     0.0853      0.4    0.8      22.135   25.3   0b1111111111111111    20190603T164408381044
 3      50     1.8810      0.0       0.0     0.3725      0.0    0.0       5.050   25.3   0b1111111111111111    20190603T164408381350
 4      50     1.8983      0.0       0.0     0.0850      0.0    0.0      22.332   25.3   0b1111111111111111    20190603T164408381666
 5      50     1.8870      0.0       0.0     0.3752      0.4    0.8       5.029   25.3   0b1111111111111111    20190603T164408381964
 6      50     1.9072      0.0       0.0     0.0875      0.0    0.0      21.797   25.3   0b1111111111111111    20190603T164408382255
 7      50     1.9095      0.0       0.0     0.3758      0.2    0.8       5.082   25.3   0b1111111111111111    20190603T164408382544
 8      50     1.8651      0.3       0.8     0.0833      0.2    0.8      22.404   25.3   0b1111111111111111    20190603T164408382898
 9      50     1.8606      0.3       0.8     0.3683      0.0    0.0       5.051   25.3   0b1111111111111111    20190603T164408383195
10      50     1.8705      0.0       0.0     0.0833      0.0    0.0      22.446   25.3   0b1111111111111111    20190603T164408383481
11      50     1.8660      0.0       0.0     0.3683      0.0    0.0       5.066   25.3   0b1111111111111111    20190603T164408383788
12      50     1.8780      0.0       0.0     0.0863      0.4    0.8      21.774   25.3   0b1111111111111111    20190603T164408384076
13      50     1.8773      0.0       0.0     0.3697      0.4    0.8       5.077   25.3   0b1111111111111111    20190603T164408384461
14      50     1.8725      0.3       0.8     0.0865      0.3    0.8      21.648   25.3   0b1111111111111111    20190603T164408384778
15      50     1.8615      0.0       0.0     0.3660      0.3    0.8       5.086   25.3   0b1111111111111111    20190603T164408385066
 0      40     1.8210      0.0       0.0     0.0829      0.4    0.8      21.962   25.3   0b1111111111111111    20190603T164411831701
 1      40     1.8299      0.2       0.8     0.3617      0.0    0.0       5.060   25.3   0b1111111111111111    20190603T164411832105
 2      40     1.8345      0.0       0.0     0.0826      0.2    0.8      22.214   25.3   0b1111111111111111    20190603T164411832460
 3      40     1.8286      0.3       0.8     0.3623      0.4    0.8       5.048   25.3   0b1111111111111111    20190603T164411832767
 4      40     1.8450      0.0       0.0     0.0825      0.0    0.0      22.364   25.3   0b1111111111111111    20190603T164411833060
 5      40     1.8345      0.0       0.0     0.3650      0.0    0.0       5.026   25.3   0b1111111111111111    20190603T164411833350
 6      40     1.8540      0.0       0.0     0.0849      0.3    0.8      21.833   25.3   0b1111111111111111    20190603T164411833663
 7      40     1.8562      0.0       0.0     0.3650      0.0    0.0       5.086   25.3   0b1111111111111111    20190603T164411833953
 8      40     1.8135      0.0       0.0     0.0808      0.0    0.0      22.435   25.3   0b1111111111111111    20190603T164411834238
 9      40     1.8097      0.0       0.0     0.3583      0.2    0.8       5.052   25.3   0b1111111111111111    20190603T164411834578
10      40     1.8195      0.0       0.0     0.0812      0.4    0.8      22.417   25.3   0b1111111111111111    20190603T164411834879
11      40     1.8149      0.2       0.7     0.3583      0.0    0.0       5.065   25.3   0b1111111111111111    20190603T164411835165
12      40     1.8263      0.0       0.0     0.0842      0.0    0.0      21.698   25.3   0b1111111111111111    20190603T164411835475
13      40     1.8263      0.0       0.0     0.3592      0.0    0.0       5.085   25.3   0b1111111111111111    20190603T164411835763
14      40     1.8218      0.0       0.0     0.0840      0.3    0.8      21.688   25.3   0b1111111111111111    20190603T164411836046
15      40     1.8102      0.4       0.8     0.3558      0.0    0.0       5.087   25.3   0b1111111111111111    20190603T164411836330
 0      30     1.7685      0.0       0.0     0.0803      0.4    0.8      22.015   25.3   0b1111111111111111    20190603T164415311052
 1      30     1.7789      0.2       0.8     0.3513      0.4    0.8       5.063   25.3   0b1111111111111111    20190603T164415311449
 2      30     1.7828      0.0       0.0     0.0804      0.4    0.8      22.169   25.3   0b1111111111111111    20190603T164415311854
 3      30     1.7768      0.0       0.0     0.3518      0.2    0.8       5.051   25.3   0b1111111111111111    20190603T164415312168
 4      30     1.7933      0.0       0.0     0.0800      0.0    0.0      22.416   25.3   0b1111111111111111    20190603T164415312465
 5      30     1.7820      0.0       0.0     0.3542      0.0    0.0       5.032   25.3   0b1111111111111111    20190603T164415312815
 6      30     1.8015      0.0       0.0     0.0825      0.0    0.0      21.836   25.3   0b1111111111111111    20190603T164415313110
 7      30     1.8036      0.3       0.8     0.3544      0.4    0.8       5.089   25.3   0b1111111111111111    20190603T164415313455
 8      30     1.7659      0.4       0.8     0.0785      0.3    0.8      22.495   25.3   0b1111111111111111    20190603T164415313817
 9      30     1.7602      0.2       0.8     0.3482      0.3    0.8       5.054   25.3   0b1111111111111111    20190603T164415314111
10      30     1.7692      0.0       0.0     0.0789      0.4    0.8      22.419   25.3   0b1111111111111111    20190603T164415314395
11      30     1.7655      0.0       0.0     0.3483      0.0    0.0       5.068   25.3   0b1111111111111111    20190603T164415314736
12      30     1.7768      0.0       0.0     0.0817      0.0    0.0      21.756   25.3   0b1111111111111111    20190603T164415315026
13      30     1.7760      0.0       0.0     0.3493      0.3    0.8       5.084   25.3   0b1111111111111111    20190603T164415315309
14      30     1.7723      0.0       0.0     0.0816      0.3    0.8      21.723   25.3   0b1111111111111111    20190603T164415315591
15      30     1.7609      0.2       0.8     0.3459      0.2    0.8       5.091   25.3   0b1111111111111111    20190603T164415315921
 0      20     1.7175      0.0       0.0     0.0779      0.4    0.8      22.043   25.3   0b1111111111111111    20190603T164418761270
 1      20     1.7273      0.0       0.0     0.3408      0.0    0.0       5.068   25.3   0b1111111111111111    20190603T164418763251
 2      20     1.7310      0.0       0.0     0.0780      0.4    0.8      22.192   25.3   0b1111111111111111    20190603T164418763708
 3      20     1.7258      0.0       0.0     0.3417      0.0    0.0       5.051   25.3   0b1111111111111111    20190603T164418764031
 4      20     1.7415      0.0       0.0     0.0775      0.0    0.0      22.471   25.3   0b1111111111111111    20190603T164418764431
 5      20     1.7303      0.0       0.0     0.3442      0.0    0.0       5.027   25.3   0b1111111111111111    20190603T164418764760
 6      20     1.7493      0.4       0.8     0.0799      0.2    0.8      21.889   25.3   0b1111111111111111    20190603T164418765053
 7      20     1.7513      0.0       0.0     0.3442      0.0    0.0       5.088   25.3   0b1111111111111111    20190603T164418765341
 8      20     1.7159      0.2       0.8     0.0762      0.4    0.8      22.504   25.3   0b1111111111111111    20190603T164418765678
 9      20     1.7100      0.0       0.0     0.3383      0.2    0.8       5.055   25.3   0b1111111111111111    20190603T164418765968
10      20     1.7190      0.0       0.0     0.0767      0.0    0.0      22.422   25.3   0b1111111111111111    20190603T164418766253
11      20     1.7160      0.0       0.0     0.3383      0.0    0.0       5.072   25.3   0b1111111111111111    20190603T164418766680
12      20     1.7265      0.0       0.0     0.0792      0.0    0.0      21.808   25.3   0b1111111111111111    20190603T164418766969
13      20     1.7256      0.3       0.8     0.3394      0.4    0.8       5.084   25.3   0b1111111111111111    20190603T164418767254
14      20     1.7220      0.0       0.0     0.0793      0.2    0.8      21.729   25.3   0b1111111111111111    20190603T164418767565
15      20     1.7107      0.0       0.0     0.3362      0.4    0.8       5.089   25.3   0b1111111111111111    20190603T164418767707
 0      10     1.6670      0.3       0.8     0.0758      0.0    0.0      21.983   25.3   0b1111111111111111    20190603T164422212345
 1      10     1.6763      0.0       0.0     0.3308      0.0    0.0       5.067   25.3   0b1111111111111111    20190603T164422212850
 2      10     1.6800      0.0       0.0     0.0758      0.2    0.8      22.178   25.3   0b1111111111111111    20190603T164422213182
 3      10     1.6747      0.2       0.8     0.3317      0.0    0.0       5.049   25.3   0b1111111111111111    20190603T164422213484
 4      10     1.6898      0.0       0.0     0.0751      0.2    0.8      22.505   25.3   0b1111111111111111    20190603T164422213835
 5      10     1.6793      0.0       0.0     0.3338      0.4    0.8       5.030   25.3   0b1111111111111111    20190603T164422214135
 6      10     1.6973      0.2       0.8     0.0776      0.3    0.8      21.877   25.3   0b1111111111111111    20190603T164422214426
 7      10     1.6995      0.0       0.0     0.3342      0.0    0.0       5.086   25.3   0b1111111111111111    20190603T164422214771
 8      10     1.6657      0.0       0.0     0.0742      0.0    0.0      22.460   25.3   0b1111111111111111    20190603T164422215064
 9      10     1.6605      0.0       0.0     0.3283      0.0    0.0       5.057   25.3   0b1111111111111111    20190603T164422215402
10      10     1.6693      0.3       0.8     0.0742      0.0    0.0      22.507   25.3   0b1111111111111111    20190603T164422215758
11      10     1.6659      0.3       0.8     0.3287      0.4    0.8       5.069   25.3   0b1111111111111111    20190603T164422216055
12      10     1.6763      0.0       0.0     0.0767      0.0    0.0      21.864   25.3   0b1111111111111111    20190603T164422216340
13      10     1.6752      0.4       0.7     0.3293      0.3    0.8       5.087   25.3   0b1111111111111111    20190603T164422216627
14      10     1.6717      0.0       0.0     0.0767      0.0    0.0      21.805   25.3   0b1111111111111111    20190603T164422216962
15      10     1.6613      0.0       0.0     0.3263      0.4    0.8       5.091   25.3   0b1111111111111111    20190603T164422217247
 0       0     1.6163      0.0       0.0     0.0733      0.0    0.0      22.040   25.4   0b1111111111111111    20190603T164425656782
 1       0     1.6247      0.3       0.8     0.3208      0.0    0.0       5.064   25.4   0b1111111111111111    20190603T164425657190
 2       0     1.6282      0.0       0.0     0.0733      0.2    0.8      22.229   25.4   0b1111111111111111    20190603T164425657505
 3       0     1.6237      0.0       0.0     0.3216      0.3    0.8       5.049   25.4   0b1111111111111111    20190603T164425657886
 4       0     1.6381      0.3       0.8     0.0725      0.0    0.0      22.595   25.4   0b1111111111111111    20190603T164425658191
 5       0     1.6275      0.0       0.0     0.3234      0.3    0.8       5.032   25.4   0b1111111111111111    20190603T164425658483
 6       0     1.6455      0.0       0.0     0.0750      0.0    0.0      21.940   25.4   0b1111111111111111    20190603T164425658827
 7       0     1.6477      0.0       0.0     0.3237      0.4    0.8       5.091   25.4   0b1111111111111111    20190603T164425659120
 8       0     1.6155      0.0       0.0     0.0716      0.2    0.8      22.568   25.4   0b1111111111111111    20190603T164425659406
 9       0     1.6103      0.0       0.0     0.3183      0.0    0.0       5.058   25.4   0b1111111111111111    20190603T164425659749
10       0     1.6192      0.0       0.0     0.0717      0.0    0.0      22.594   25.4   0b1111111111111111    20190603T164425660090
11       0     1.6157      0.3       0.8     0.3183      0.0    0.0       5.076   25.4   0b1111111111111111    20190603T164425660384
12       0     1.6252      0.0       0.0     0.0742      0.3    0.8      21.889   25.4   0b1111111111111111    20190603T164425660734
13       0     1.6249      0.4       0.8     0.3193      0.3    0.8       5.090   25.4   0b1111111111111111    20190603T164425661031
14       0     1.6215      0.0       0.0     0.0746      0.4    0.8      21.741   25.4   0b1111111111111111    20190603T164425661316
15       0     1.6110      0.0       0.0     0.3166      0.2    0.8       5.089   25.4   0b1111111111111111    20190603T164425661601
