CH# Vset[DAC]   V[V]    dVRMS[mV] dVpp[mV]    I[A]  dIRMS[mA] dIpp[mA]   R[ohm]   T[C]   State                Timestamp
 0     250     2.8514      0.2       0.8     0.5610      1.5    4.2       5.083   28.1   0b1111111111111111    20190909T155557218663
 1     250     2.6903      0.6       1.5     2.5453      0.7    1.7       1.057   28.1   0b1111111111111111    20190909T155557219015
 2     250     2.8598      0.0       0.0     0.5600      1.6    5.0       5.107   28.1   0b1111111111111111    20190909T155557219260
 3     250     2.6898      0.6       2.3     2.5262      0.8    2.5       1.065   28.1   0b1111111111111111    20190909T155557219461
 4     250     2.8245      0.0       0.0     0.5577      1.0    3.3       5.065   28.1   0b1111111111111111    20190909T155557219647
 5     250     2.6938      0.6       1.5     2.5277      0.3    0.8       1.066   28.1   0b1111111111111111    20190909T155557219829
 6     250     2.8418      0.0       0.0     0.5604      1.7    5.8       5.071   28.1   0b1111111111111111    20190909T155557220005
 7     250     2.6727      0.7       2.3     2.5193      0.5    1.7       1.061   28.1   0b1111111111111111    20190909T155557220242
 8     250     2.8588      0.3       0.7     0.5624      2.0    6.7       5.083   28.1   0b1111111111111111    20190909T155557220414
 9     250     2.6980      0.8       2.3     2.5431      0.5    1.7       1.061   28.1   0b1111111111111111    20190909T155557220575
10     250     2.8577      0.3       0.7     0.5606      2.0    6.7       5.098   28.1   0b1111111111111111    20190909T155557220777
11     250     2.6997      0.7       2.3     2.5372      0.8    2.5       1.064   28.1   0b1111111111111111    20190909T155557220940
12     250     2.8777      0.0       0.0     0.5704      2.2    7.5       5.045   28.1   0b1111111111111111    20190909T155557221102
13     250     2.7034      0.8       2.3     2.5358      0.9    2.5       1.066   28.1   0b1111111111111111    20190909T155557221252
14     250     2.8672      0.0       0.0     0.5622      2.2    9.2       5.100   28.1   0b1111111111111111    20190909T155557221404
15     250     2.6925      0.8       2.3     2.5280      0.6    1.7       1.065   28.1   0b1111111111111111    20190909T155557221554
 0     240     2.8063      0.3       0.7     0.5516      1.2    3.3       5.088   28.3   0b1111111111111111    20190909T155600689418
 1     240     2.6852      0.5       1.5     2.5406      0.5    1.7       1.057   28.3   0b1111111111111111    20190909T155600689821
 2     240     2.8155      0.0       0.0     0.5522      1.7    5.8       5.099   28.3   0b1111111111111111    20190909T155600690229
 3     240     2.6845      0.5       1.5     2.5216      0.6    1.7       1.065   28.3   0b1111111111111111    20190909T155600690544
 4     240     2.7787      0.2       0.8     0.5486      1.0    2.5       5.065   28.3   0b1111111111111111    20190909T155600690838
 5     240     2.6866      0.4       1.5     2.5212      0.4    0.8       1.066   28.3   0b1111111111111111    20190909T155600691187
 6     240     2.7967      0.2       0.8     0.5517      1.3    4.2       5.069   28.3   0b1111111111111111    20190909T155600691563
 7     240     2.6680      0.5       1.5     2.5157      0.5    1.7       1.061   28.3   0b1111111111111111    20190909T155600691861
 8     240     2.8144      0.4       0.8     0.5546      1.4    3.3       5.075   28.3   0b1111111111111111    20190909T155600692220
 9     240     2.6927      0.5       1.5     2.5387      0.4    0.8       1.061   28.3   0b1111111111111111    20190909T155600692517
10     240     2.8129      0.4       0.8     0.5519      1.1    4.2       5.097   28.3   0b1111111111111111    20190909T155600692804
11     240     2.6942      0.5       1.5     2.5322      0.4    0.8       1.064   28.3   0b1111111111111111    20190909T155600693119
12     240     2.8359      0.3       0.8     0.5615      1.1    4.2       5.051   28.3   0b1111111111111111    20190909T155600693430
13     240     2.6979      0.6       1.5     2.5312      0.6    1.7       1.066   28.3   0b1111111111111111    20190909T155600693715
14     240     2.8245      0.0       0.0     0.5544      1.3    4.2       5.095   28.3   0b1111111111111111    20190909T155600694013
15     240     2.6864      0.5       1.5     2.5231      0.5    1.7       1.065   28.3   0b1111111111111111    20190909T155600694342
 0     230     2.7594      0.3       0.8     0.5424      0.7    2.5       5.087   28.5   0b1111111111111111    20190909T155604162907
 1     230     2.6774      0.5       1.5     2.5335      0.6    2.5       1.057   28.5   0b1111111111111111    20190909T155604163390
 2     230     2.7690      0.0       0.0     0.5432      1.0    3.3       5.098   28.5   0b1111111111111111    20190909T155604163716
 3     230     2.6761      0.3       0.8     2.5138      0.6    1.7       1.065   28.5   0b1111111111111111    20190909T155604164019
 4     230     2.7325      0.3       0.8     0.5392      0.6    1.7       5.068   28.5   0b1111111111111111    20190909T155604164363
 5     230     2.6759      0.4       1.5     2.5113      0.4    0.8       1.066   28.5   0b1111111111111111    20190909T155604164659
 6     230     2.7510      0.0       0.0     0.5430      0.7    2.5       5.066   28.5   0b1111111111111111    20190909T155604164949
 7     230     2.6612      0.3       0.7     2.5093      0.3    0.8       1.061   28.5   0b1111111111111111    20190909T155604165339
 8     230     2.7674      0.2       0.7     0.5457      0.8    2.5       5.072   28.5   0b1111111111111111    20190909T155604165647
 9     230     2.6854      0.4       0.8     2.5312      0.7    2.5       1.061   28.5   0b1111111111111111    20190909T155604165935
10     230     2.7660      0.0       0.0     0.5426      0.4    1.7       5.098   28.5   0b1111111111111111    20190909T155604166282
11     230     2.6866      0.4       1.5     2.5250      0.4    1.7       1.064   28.5   0b1111111111111111    20190909T155604166578
12     230     2.7893      0.2       0.8     0.5521      0.6    1.7       5.052   28.5   0b1111111111111111    20190909T155604166863
13     230     2.6898      0.4       0.8     2.5237      0.4    0.8       1.066   28.5   0b1111111111111111    20190909T155604167207
14     230     2.7772      0.0       0.0     0.5448      1.3    5.0       5.098   28.5   0b1111111111111111    20190909T155604167498
15     230     2.6777      0.3       0.7     2.5152      0.3    0.8       1.065   28.5   0b1111111111111111    20190909T155604167783
 0     220     2.7112      0.0       0.0     0.5335      0.6    1.7       5.082   28.6   0b1111111111111111    20190909T155607632586
 1     220     2.6651      0.4       0.8     2.5222      0.6    1.7       1.057   28.6   0b1111111111111111    20190909T155607632984
 2     220     2.7225      0.0       0.0     0.5347      0.7    2.5       5.092   28.6   0b1111111111111111    20190909T155607633375
 3     220     2.6625      0.0       0.0     2.5008      0.4    1.7       1.065   28.6   0b1111111111111111    20190909T155607633686
 4     220     2.6856      0.3       0.8     0.5302      0.4    0.8       5.065   28.6   0b1111111111111111    20190909T155607633982
 5     220     2.6580      0.0       0.0     2.4944      0.4    0.8       1.066   28.6   0b1111111111111111    20190909T155607634411
 6     220     2.7030      0.0       0.0     0.5337      0.4    0.8       5.064   28.6   0b1111111111111111    20190909T155607634715
 7     220     2.6501      0.4       0.8     2.4990      0.3    0.8       1.060   28.6   0b1111111111111111    20190909T155607635005
 8     220     2.7186      0.3       0.8     0.5361      0.5    1.7       5.071   28.6   0b1111111111111111    20190909T155607635394
 9     220     2.6737      0.2       0.7     2.5207      0.3    0.8       1.061   28.6   0b1111111111111111    20190909T155607635690
10     220     2.7173      0.0       0.0     0.5333      0.6    1.7       5.096   28.6   0b1111111111111111    20190909T155607635984
11     220     2.6740      0.4       0.8     2.5137      0.4    0.8       1.064   28.6   0b1111111111111111    20190909T155607636332
12     220     2.7413      0.0       0.0     0.5426      0.6    1.7       5.052   28.6   0b1111111111111111    20190909T155607636626
13     220     2.6769      0.3       0.8     2.5119      0.4    0.8       1.066   28.6   0b1111111111111111    20190909T155607636924
14     220     2.7277      0.0       0.0     0.5352      0.5    1.7       5.097   28.6   0b1111111111111111    20190909T155607637262
15     220     2.6637      0.4       0.8     2.5017      0.6    1.7       1.065   28.6   0b1111111111111111    20190909T155607637552
 0     210     2.6625      0.0       0.0     0.5235      0.3    0.8       5.086   28.8   0b1111111111111111    20190909T155611103791
 1     210     2.6430      0.0       0.0     2.5012      0.4    0.8       1.057   28.8   0b1111111111111111    20190909T155611104279
 2     210     2.6730      0.0       0.0     0.5249      0.2    0.8       5.092   28.8   0b1111111111111111    20190909T155611104590
 3     210     2.6378      0.2       0.7     2.4781      0.4    0.8       1.064   28.8   0b1111111111111111    20190909T155611104886
 4     210     2.6378      0.0       0.0     0.5208      0.4    1.7       5.064   28.8   0b1111111111111111    20190909T155611105237
 5     210     2.6265      0.0       0.0     2.4651      0.3    0.8       1.065   28.8   0b1111111111111111    20190909T155611105532
 6     210     2.6550      0.0       0.0     0.5242      0.4    1.7       5.065   28.8   0b1111111111111111    20190909T155611105820
 7     210     2.6303      0.0       0.0     2.4803      0.4    0.8       1.060   28.8   0b1111111111111111    20190909T155611106225
 8     210     2.6693      0.0       0.0     0.5261      0.4    0.8       5.074   28.8   0b1111111111111111    20190909T155611106518
 9     210     2.6528      0.0       0.0     2.5010      0.5    1.7       1.061   28.8   0b1111111111111111    20190909T155611106805
10     210     2.6678      0.0       0.0     0.5236      0.4    0.8       5.095   28.8   0b1111111111111111    20190909T155611107121
11     210     2.6520      0.0       0.0     2.4929      0.4    0.8       1.064   28.8   0b1111111111111111    20190909T155611107432
12     210     2.6911      0.2       0.7     0.5324      0.6    1.7       5.054   28.8   0b1111111111111111    20190909T155611107718
13     210     2.6535      0.0       0.0     2.4900      0.5    1.7       1.066   28.8   0b1111111111111111    20190909T155611108005
14     210     2.6782      0.0       0.0     0.5254      0.4    0.8       5.097   28.8   0b1111111111111111    20190909T155611108339
15     210     2.6385      0.0       0.0     2.4779      0.4    0.8       1.065   28.8   0b1111111111111111    20190909T155611108627
 0     200     2.6130      0.0       0.0     0.5139      0.4    0.8       5.084   28.9   0b1111111111111111    20190909T155614582009
 1     200     2.6050      0.4       0.8     2.4653      0.4    0.8       1.057   28.9   0b1111111111111111    20190909T155614582451
 2     200     2.6235      0.0       0.0     0.5152      0.4    0.8       5.092   28.9   0b1111111111111111    20190909T155614582815
 3     200     2.5980      0.0       0.0     2.4404      0.4    0.8       1.065   28.9   0b1111111111111111    20190909T155614583147
 4     200     2.5897      0.0       0.0     0.5114      0.4    0.8       5.064   28.9   0b1111111111111111    20190909T155614583448
 5     200     2.5830      0.0       0.0     2.4239      0.4    0.8       1.066   28.9   0b1111111111111111    20190909T155614583741
 6     200     2.6062      0.0       0.0     0.5145      0.4    0.8       5.066   28.9   0b1111111111111111    20190909T155614584032
 7     200     2.5956      0.3       0.7     2.4475      0.0    0.0       1.061   28.9   0b1111111111111111    20190909T155614584342
 8     200     2.6190      0.0       0.0     0.5162      0.4    0.8       5.073   28.9   0b1111111111111111    20190909T155614584631
 9     200     2.6160      0.0       0.0     2.4661      0.4    0.8       1.061   28.9   0b1111111111111111    20190909T155614584980
10     200     2.6182      0.2       0.8     0.5137      0.4    0.8       5.097   28.9   0b1111111111111111    20190909T155614585293
11     200     2.6138      0.0       0.0     2.4568      0.3    0.8       1.064   28.9   0b1111111111111111    20190909T155614585583
12     200     2.6408      0.0       0.0     0.5227      0.3    0.8       5.052   28.9   0b1111111111111111    20190909T155614585880
13     200     2.6145      0.0       0.0     2.4535      0.3    0.8       1.066   28.9   0b1111111111111111    20190909T155614586193
14     200     2.6281      0.2       0.8     0.5157      0.2    0.8       5.096   28.9   0b1111111111111111    20190909T155614586478
15     200     2.5979      0.2       0.7     2.4397      0.4    0.8       1.065   28.9   0b1111111111111111    20190909T155614586763
 0     190     2.5657      0.2       0.7     0.5046      0.4    0.8       5.085   29.0   0b1111111111111111    20190909T155618055481
 1     190     2.5598      0.0       0.0     2.4225      0.0    0.0       1.057   29.0   0b1111111111111111    20190909T155618055888
 2     190     2.5757      0.3       0.8     0.5057      0.3    0.8       5.094   29.0   0b1111111111111111    20190909T155618056208
 3     190     2.5523      0.0       0.0     2.3974      0.3    0.8       1.065   29.0   0b1111111111111111    20190909T155618056585
 4     190     2.5440      0.0       0.0     0.5022      0.4    0.8       5.066   29.0   0b1111111111111111    20190909T155618056882
 5     190     2.5372      0.0       0.0     2.3816      0.2    0.8       1.065   29.0   0b1111111111111111    20190909T155618057173
 6     190     2.5601      0.4       0.8     0.5052      0.3    0.8       5.068   29.0   0b1111111111111111    20190909T155618057528
 7     190     2.5523      0.0       0.0     2.4067      0.3    0.8       1.060   29.0   0b1111111111111111    20190909T155618057820
 8     190     2.5709      0.3       0.8     0.5067      0.0    0.0       5.074   29.0   0b1111111111111111    20190909T155618058109
 9     190     2.5703      0.0       0.0     2.4231      0.4    0.8       1.061   29.0   0b1111111111111111    20190909T155618058406
10     190     2.5703      0.0       0.0     0.5042      0.0    0.0       5.098   29.0   0b1111111111111111    20190909T155618058549
11     190     2.5673      0.0       0.0     2.4130      0.4    0.8       1.064   29.0   0b1111111111111111    20190909T155618058689
12     190     2.5920      0.0       0.0     0.5130      0.4    0.8       5.053   29.0   0b1111111111111111    20190909T155618058828
13     190     2.5687      0.2       0.8     2.4100      0.0    0.0       1.066   29.0   0b1111111111111111    20190909T155618058968
14     190     2.5808      0.0       0.0     0.5064      0.4    0.8       5.096   29.0   0b1111111111111111    20190909T155618059107
15     190     2.5508      0.0       0.0     2.3957      0.3    0.8       1.065   29.0   0b1111111111111111    20190909T155618059276
 0     180     2.5162      0.0       0.0     0.4951      0.3    0.8       5.082   29.1   0b1111111111111111    20190909T155621526007
 1     180     2.5103      0.2       0.8     2.3758      0.0    0.0       1.057   29.1   0b1111111111111111    20190909T155621526451
 2     180     2.5260      0.0       0.0     0.4958      0.0    0.0       5.094   29.1   0b1111111111111111    20190909T155621526772
 3     180     2.5033      0.3       0.8     2.3513      0.4    0.8       1.065   29.1   0b1111111111111111    20190909T155621527073
 4     180     2.4960      0.0       0.0     0.4928      0.4    0.8       5.065   29.1   0b1111111111111111    20190909T155621527393
 5     180     2.4892      0.0       0.0     2.3358      0.0    0.0       1.066   29.1   0b1111111111111111    20190909T155621527686
 6     180     2.5117      0.0       0.0     0.4958      0.0    0.0       5.066   29.1   0b1111111111111111    20190909T155621527975
 7     180     2.5042      0.0       0.0     2.3616      0.3    0.8       1.060   29.1   0b1111111111111111    20190909T155621528266
 8     180     2.5210      0.3       0.7     0.4969      0.4    0.8       5.073   29.1   0b1111111111111111    20190909T155621528409
 9     180     2.5208      0.0       0.0     2.3763      0.4    0.8       1.061   29.1   0b1111111111111111    20190909T155621528550
10     180     2.5205      0.3       0.7     0.4944      0.4    0.8       5.098   29.1   0b1111111111111111    20190909T155621528706
11     180     2.5177      0.0       0.0     2.3665      0.3    0.8       1.064   29.1   0b1111111111111111    20190909T155621528860
12     180     2.5425      0.0       0.0     0.5033      0.3    0.8       5.052   29.1   0b1111111111111111    20190909T155621529000
13     180     2.5185      0.0       0.0     2.3632      0.2    0.8       1.066   29.1   0b1111111111111111    20190909T155621529151
14     180     2.5305      0.0       0.0     0.4967      0.0    0.0       5.095   29.1   0b1111111111111111    20190909T155621529291
15     180     2.5018      0.3       0.7     2.3495      0.4    0.8       1.065   29.1   0b1111111111111111    20190909T155621529429
 0     170     2.4668      0.0       0.0     0.4850      0.0    0.0       5.086   29.2   0b1111111111111111    20190909T155625001789
 1     170     2.4610      0.3       0.8     2.3290      0.3    0.8       1.057   29.2   0b1111111111111111    20190909T155625002259
 2     170     2.4765      0.0       0.0     0.4861      0.4    0.8       5.095   29.2   0b1111111111111111    20190909T155625002602
 3     170     2.4540      0.0       0.0     2.3050      0.0    0.0       1.065   29.2   0b1111111111111111    20190909T155625002907
 4     170     2.4480      0.0       0.0     0.4833      0.0    0.0       5.065   29.2   0b1111111111111111    20190909T155625003228
 5     170     2.4412      0.0       0.0     2.2912      0.4    0.8       1.066   29.2   0b1111111111111111    20190909T155625003524
 6     170     2.4638      0.0       0.0     0.4864      0.4    0.8       5.065   29.2   0b1111111111111111    20190909T155625003814
 7     170     2.4563      0.0       0.0     2.3158      0.0    0.0       1.061   29.2   0b1111111111111111    20190909T155625004126
 8     170     2.4713      0.0       0.0     0.4873      0.3    0.8       5.071   29.2   0b1111111111111111    20190909T155625004417
 9     170     2.4706      0.2       0.8     2.3292      0.0    0.0       1.061   29.2   0b1111111111111111    20190909T155625004754
10     170     2.4706      0.2       0.8     0.4846      0.4    0.8       5.098   29.2   0b1111111111111111    20190909T155625005042
11     170     2.4675      0.0       0.0     2.3193      0.2    0.8       1.064   29.2   0b1111111111111111    20190909T155625005356
12     170     2.4922      0.2       0.8     0.4932      0.3    0.8       5.053   29.2   0b1111111111111111    20190909T155625005645
13     170     2.4690      0.0       0.0     2.3167      0.0    0.0       1.066   29.2   0b1111111111111111    20190909T155625005930
14     170     2.4810      0.0       0.0     0.4867      0.0    0.0       5.098   29.2   0b1111111111111111    20190909T155625006235
15     170     2.4525      0.0       0.0     2.3031      0.4    0.8       1.065   29.2   0b1111111111111111    20190909T155625006521
 0     160     2.4172      0.0       0.0     0.4752      0.3    0.8       5.087   29.3   0b1111111111111111    20190909T155628475440
 1     160     2.4114      0.3       0.8     2.2822      0.4    0.8       1.057   29.3   0b1111111111111111    20190909T155628475855
 2     160     2.4270      0.0       0.0     0.4765      0.3    0.8       5.093   29.3   0b1111111111111111    20190909T155628476215
 3     160     2.4045      0.0       0.0     2.2588      0.4    0.8       1.064   29.3   0b1111111111111111    20190909T155628476525
 4     160     2.4000      0.0       0.0     0.4740      0.3    0.8       5.063   29.3   0b1111111111111111    20190909T155628476823
 5     160     2.3933      0.0       0.0     2.2460      0.3    0.8       1.066   29.3   0b1111111111111111    20190909T155628477139
 6     160     2.4157      0.2       0.8     0.4768      0.2    0.8       5.067   29.3   0b1111111111111111    20190909T155628477434
 7     160     2.4079      0.4       0.7     2.2703      0.4    0.8       1.061   29.3   0b1111111111111111    20190909T155628477724
 8     160     2.4214      0.4       0.8     0.4773      0.3    0.8       5.073   29.3   0b1111111111111111    20190909T155628478014
 9     160     2.4208      0.3       0.8     2.2817      0.0    0.0       1.061   29.3   0b1111111111111111    20190909T155628478314
10     160     2.4209      0.2       0.8     0.4749      0.3    0.8       5.098   29.3   0b1111111111111111    20190909T155628478471
11     160     2.4180      0.0       0.0     2.2725      0.0    0.0       1.064   29.3   0b1111111111111111    20190909T155628478612
12     160     2.4419      0.3       0.8     0.4833      0.0    0.0       5.052   29.3   0b1111111111111111    20190909T155628478752
13     160     2.4187      0.0       0.0     2.2698      0.3    0.8       1.066   29.3   0b1111111111111111    20190909T155628478892
14     160     2.4307      0.2       0.8     0.4768      0.2    0.8       5.098   29.3   0b1111111111111111    20190909T155628479031
15     160     2.4030      0.0       0.0     2.2568      0.3    0.8       1.065   29.3   0b1111111111111111    20190909T155628479182
 0     150     2.3700      0.0       0.0     0.4661      0.4    0.8       5.085   29.4   0b1111111111111111    20190909T155631947381
 1     150     2.3640      0.0       0.0     2.2374      0.3    0.8       1.057   29.4   0b1111111111111111    20190909T155631947786
 2     150     2.3790      0.0       0.0     0.4670      0.4    0.8       5.094   29.4   0b1111111111111111    20190909T155631948138
 3     150     2.3573      0.0       0.0     2.2142      0.0    0.0       1.065   29.4   0b1111111111111111    20190909T155631948353
 4     150     2.3542      0.0       0.0     0.4650      0.0    0.0       5.063   29.4   0b1111111111111111    20190909T155631948503
 5     150     2.3476      0.2       0.8     2.2033      0.0    0.0       1.065   29.4   0b1111111111111111    20190909T155631948649
 6     150     2.3693      0.0       0.0     0.4677      0.3    0.8       5.066   29.4   0b1111111111111111    20190909T155631948792
 7     150     2.3618      0.0       0.0     2.2266      0.2    0.8       1.061   29.4   0b1111111111111111    20190909T155631948934
 8     150     2.3740      0.3       0.8     0.4680      0.4    0.8       5.073   29.4   0b1111111111111111    20190909T155631949075
 9     150     2.3730      0.0       0.0     2.2366      0.3    0.8       1.061   29.4   0b1111111111111111    20190909T155631949226
10     150     2.3730      0.0       0.0     0.4652      0.4    0.8       5.100   29.4   0b1111111111111111    20190909T155631949367
11     150     2.3700      0.0       0.0     2.2277      0.4    0.8       1.064   29.4   0b1111111111111111    20190909T155631949505
12     150     2.3934      0.3       0.8     0.4737      0.4    0.8       5.053   29.4   0b1111111111111111    20190909T155631949643
13     150     2.3723      0.0       0.0     2.2260      0.3    0.8       1.066   29.4   0b1111111111111111    20190909T155631949782
14     150     2.3835      0.0       0.0     0.4677      0.3    0.8       5.097   29.4   0b1111111111111111    20190909T155631949920
15     150     2.3551      0.2       0.8     2.2120      0.4    0.8       1.065   29.4   0b1111111111111111    20190909T155631950060
 0     140     2.3212      0.0       0.0     0.4563      0.4    0.8       5.087   29.5   0b1111111111111111    20190909T155635410306
 1     140     2.3152      0.0       0.0     2.1907      0.3    0.8       1.057   29.5   0b1111111111111111    20190909T155635410542
 2     140     2.3295      0.0       0.0     0.4575      0.0    0.0       5.092   29.5   0b1111111111111111    20190909T155635410715
 3     140     2.3085      0.0       0.0     2.1683      0.0    0.0       1.065   29.5   0b1111111111111111    20190909T155635410870
 4     140     2.3062      0.0       0.0     0.4554      0.4    0.8       5.064   29.5   0b1111111111111111    20190909T155635411018
 5     140     2.3002      0.0       0.0     2.1588      0.4    0.8       1.066   29.5   0b1111111111111111    20190909T155635411179
 6     140     2.3212      0.0       0.0     0.4583      0.0    0.0       5.065   29.5   0b1111111111111111    20190909T155635411325
 7     140     2.3137      0.0       0.0     2.1816      0.2    0.8       1.061   29.5   0b1111111111111111    20190909T155635411467
 8     140     2.3242      0.0       0.0     0.4582      0.2    0.8       5.072   29.5   0b1111111111111111    20190909T155635411616
 9     140     2.3232      0.4       0.8     2.1894      0.4    0.8       1.061   29.5   0b1111111111111111    20190909T155635411757
10     140     2.3235      0.0       0.0     0.4558      0.0    0.0       5.097   29.5   0b1111111111111111    20190909T155635411897
11     140     2.3205      0.0       0.0     2.1808      0.0    0.0       1.064   29.5   0b1111111111111111    20190909T155635412052
12     140     2.3436      0.3       0.8     0.4639      0.4    0.8       5.052   29.5   0b1111111111111111    20190909T155635412215
13     140     2.3227      0.0       0.0     2.1796      0.4    0.8       1.066   29.5   0b1111111111111111    20190909T155635412367
14     140     2.3333      0.0       0.0     0.4578      0.4    0.8       5.097   29.5   0b1111111111111111    20190909T155635412507
15     140     2.3062      0.0       0.0     2.1659      0.2    0.8       1.065   29.5   0b1111111111111111    20190909T155635412645
 0     130     2.2718      0.2       0.8     0.4467      0.0    0.0       5.086   29.6   0b1111111111111111    20190909T155638880396
 1     130     2.2658      0.2       0.8     2.1442      0.0    0.0       1.057   29.6   0b1111111111111111    20190909T155638880809
 2     130     2.2806      0.3       0.8     0.4475      0.0    0.0       5.096   29.6   0b1111111111111111    20190909T155638881204
 3     130     2.2597      0.0       0.0     2.1225      0.0    0.0       1.065   29.6   0b1111111111111111    20190909T155638881532
 4     130     2.2590      0.0       0.0     0.4458      0.0    0.0       5.067   29.6   0b1111111111111111    20190909T155638881834
 5     130     2.2530      0.0       0.0     2.1142      0.2    0.8       1.066   29.6   0b1111111111111111    20190909T155638882252
 6     130     2.2739      0.2       0.8     0.4488      0.4    0.8       5.067   29.6   0b1111111111111111    20190909T155638882566
 7     130     2.2658      0.0       0.0     2.1366      0.3    0.8       1.060   29.6   0b1111111111111111    20190909T155638882900
 8     130     2.2748      0.0       0.0     0.4483      0.0    0.0       5.074   29.6   0b1111111111111111    20190909T155638883267
 9     130     2.2734      0.3       0.8     2.1426      0.2    0.8       1.061   29.6   0b1111111111111111    20190909T155638883628
10     130     2.2740      0.0       0.0     0.4458      0.0    0.0       5.101   29.6   0b1111111111111111    20190909T155638883971
11     130     2.2710      0.0       0.0     2.1343      0.3    0.8       1.064   29.6   0b1111111111111111    20190909T155638884319
12     130     2.2935      0.0       0.0     0.4542      0.0    0.0       5.050   29.6   0b1111111111111111    20190909T155638884623
13     130     2.2733      0.0       0.0     2.1334      0.3    0.8       1.066   29.6   0b1111111111111111    20190909T155638884910
14     130     2.2838      0.0       0.0     0.4483      0.3    0.8       5.095   29.6   0b1111111111111111    20190909T155638885249
15     130     2.2575      0.0       0.0     2.1201      0.2    0.8       1.065   29.6   0b1111111111111111    20190909T155638885765
 0     120     2.2226      0.4       0.8     0.4367      0.0    0.0       5.090   29.7   0b1111111111111111    20190909T155642354715
 1     120     2.2174      0.4       0.8     2.0983      0.0    0.0       1.057   29.7   0b1111111111111111    20190909T155642355265
 2     120     2.2312      0.0       0.0     0.4379      0.4    0.8       5.095   29.7   0b1111111111111111    20190909T155642355599
 3     120     2.2110      0.0       0.0     2.0768      0.3    0.8       1.065   29.7   0b1111111111111111    20190909T155642355902
 4     120     2.2117      0.0       0.0     0.4366      0.3    0.8       5.066   29.7   0b1111111111111111    20190909T155642356267
 5     120     2.2058      0.0       0.0     2.0700      0.0    0.0       1.066   29.7   0b1111111111111111    20190909T155642356570
 6     120     2.2252      0.0       0.0     0.4392      0.0    0.0       5.067   29.7   0b1111111111111111    20190909T155642356919
 7     120     2.2192      0.0       0.0     2.0923      0.3    0.8       1.061   29.7   0b1111111111111111    20190909T155642357388
 8     120     2.2252      0.0       0.0     0.4385      0.3    0.8       5.075   29.7   0b1111111111111111    20190909T155642357690
 9     120     2.2238      0.2       0.8     2.0958      0.0    0.0       1.061   29.7   0b1111111111111111    20190909T155642357980
10     120     2.2260      0.0       0.0     0.4364      0.4    0.8       5.101   29.7   0b1111111111111111    20190909T155642358285
11     120     2.2222      0.0       0.0     2.0883      0.0    0.0       1.064   29.7   0b1111111111111111    20190909T155642358428
12     120     2.2440      0.0       0.0     0.4441      0.2    0.8       5.053   29.7   0b1111111111111111    20190909T155642358568
13     120     2.2230      0.0       0.0     2.0866      0.2    0.8       1.065   29.7   0b1111111111111111    20190909T155642358708
14     120     2.2342      0.0       0.0     0.4383      0.0    0.0       5.097   29.7   0b1111111111111111    20190909T155642358847
15     120     2.2087      0.0       0.0     2.0742      0.0    0.0       1.065   29.7   0b1111111111111111    20190909T155642358986
 0     110     2.1765      0.0       0.0     0.4275      0.0    0.0       5.091   29.8   0b1111111111111111    20190909T155645836926
 1     110     2.1705      0.0       0.0     2.0539      0.4    0.8       1.057   29.8   0b1111111111111111    20190909T155645837410
 2     110     2.1843      0.4       0.8     0.4285      0.3    0.8       5.098   29.8   0b1111111111111111    20190909T155645837741
 3     110     2.1652      0.2       0.8     2.0333      0.0    0.0       1.065   29.8   0b1111111111111111    20190909T155645838047
 4     110     2.1665      0.3       0.8     0.4275      0.0    0.0       5.068   29.8   0b1111111111111111    20190909T155645838324
 5     110     2.1608      0.0       0.0     2.0279      0.4    0.8       1.066   29.8   0b1111111111111111    20190909T155645838473
 6     110     2.1798      0.4       0.8     0.4300      0.0    0.0       5.069   29.8   0b1111111111111111    20190909T155645838618
 7     110     2.1735      0.0       0.0     2.0493      0.3    0.8       1.061   29.8   0b1111111111111111    20190909T155645838760
 8     110     2.1782      0.3       0.8     0.4292      0.0    0.0       5.075   29.8   0b1111111111111111    20190909T155645838901
 9     110     2.1772      0.2       0.8     2.0517      0.0    0.0       1.061   29.8   0b1111111111111111    20190909T155645839043
10     110     2.1788      0.0       0.0     0.4272      0.4    0.8       5.100   29.8   0b1111111111111111    20190909T155645839208
11     110     2.1750      0.0       0.0     2.0434      0.3    0.8       1.064   29.8   0b1111111111111111    20190909T155645839349
12     110     2.1966      0.3       0.8     0.4348      0.4    0.8       5.053   29.8   0b1111111111111111    20190909T155645839490
13     110     2.1760      0.3       0.8     2.0425      0.0    0.0       1.065   29.8   0b1111111111111111    20190909T155645839657
14     110     2.1870      0.0       0.0     0.4290      0.3    0.8       5.098   29.8   0b1111111111111111    20190909T155645839804
15     110     2.1623      0.0       0.0     2.0305      0.4    0.8       1.065   29.8   0b1111111111111111    20190909T155645839943
 0     100     2.1277      0.0       0.0     0.4180      0.4    0.8       5.090   29.8   0b1111111111111111    20190909T155649315523
 1     100     2.1220      0.3       0.8     2.0076      0.3    0.8       1.057   29.8   0b1111111111111111    20190909T155649315763
 2     100     2.1355      0.4       0.8     0.4192      0.0    0.0       5.095   29.8   0b1111111111111111    20190909T155649315929
 3     100     2.1165      0.0       0.0     1.9878      0.4    0.8       1.065   29.8   0b1111111111111111    20190909T155649316129
 4     100     2.1191      0.4       0.8     0.4183      0.0    0.0       5.066   29.8   0b1111111111111111    20190909T155649316294
 5     100     2.1135      0.0       0.0     1.9834      0.3    0.8       1.066   29.8   0b1111111111111111    20190909T155649316440
 6     100     2.1322      0.0       0.0     0.4208      0.0    0.0       5.067   29.8   0b1111111111111111    20190909T155649316590
 7     100     2.1262      0.0       0.0     2.0043      0.3    0.8       1.061   29.8   0b1111111111111111    20190909T155649316733
 8     100     2.1292      0.0       0.0     0.4196      0.4    0.8       5.075   29.8   0b1111111111111111    20190909T155649316874
 9     100     2.1277      0.0       0.0     2.0050      0.0    0.0       1.061   29.8   0b1111111111111111    20190909T155649317014
10     100     2.1294      0.3       0.8     0.4174      0.2    0.8       5.101   29.8   0b1111111111111111    20190909T155649317183
11     100     2.1262      0.2       0.8     1.9973      0.3    0.8       1.065   29.8   0b1111111111111111    20190909T155649317326
12     100     2.1473      0.0       0.0     0.4250      0.0    0.0       5.052   29.8   0b1111111111111111    20190909T155649317464
13     100     2.1270      0.0       0.0     1.9967      0.0    0.0       1.065   29.8   0b1111111111111111    20190909T155649317603
14     100     2.1375      0.0       0.0     0.4192      0.0    0.0       5.099   29.8   0b1111111111111111    20190909T155649317742
15     100     2.1138      0.4       0.8     1.9848      0.3    0.8       1.065   29.8   0b1111111111111111    20190909T155649317882
 0      90     2.0790      0.0       0.0     0.4084      0.2    0.8       5.090   30.0   0b1111111111111111    20190909T155652779369
 1      90     2.0741      0.4       0.8     1.9623      0.3    0.8       1.057   30.0   0b1111111111111111    20190909T155652779716
 2      90     2.0873      0.0       0.0     0.4094      0.4    0.8       5.098   30.0   0b1111111111111111    20190909T155652779992
 3      90     2.0692      0.0       0.0     1.9430      0.4    0.8       1.065   30.0   0b1111111111111111    20190909T155652780267
 4      90     2.0715      0.0       0.0     0.4088      0.4    0.8       5.068   30.0   0b1111111111111111    20190909T155652780530
 5      90     2.0663      0.0       0.0     1.9392      0.0    0.0       1.066   30.0   0b1111111111111111    20190909T155652780790
 6      90     2.0843      0.0       0.0     0.4116      0.2    0.8       5.064   30.0   0b1111111111111111    20190909T155652781049
 7      90     2.0785      0.3       0.8     1.9593      0.3    0.8       1.061   30.0   0b1111111111111111    20190909T155652781315
 8      90     2.0807      0.3       0.8     0.4100      0.0    0.0       5.075   30.0   0b1111111111111111    20190909T155652781574
 9      90     2.0790      0.0       0.0     1.9590      0.3    0.8       1.061   30.0   0b1111111111111111    20190909T155652781829
10      90     2.0805      0.0       0.0     0.4076      0.3    0.8       5.104   30.0   0b1111111111111111    20190909T155652782129
11      90     2.0768      0.0       0.0     1.9508      0.0    0.0       1.065   30.0   0b1111111111111111    20190909T155652782450
12      90     2.0985      0.0       0.0     0.4150      0.0    0.0       5.057   30.0   0b1111111111111111    20190909T155652782709
13      90     2.0790      0.0       0.0     1.9517      0.0    0.0       1.065   30.0   0b1111111111111111    20190909T155652782964
14      90     2.0888      0.0       0.0     0.4097      0.4    0.8       5.099   30.0   0b1111111111111111    20190909T155652783245
15      90     2.0649      0.3       0.8     1.9388      0.4    0.8       1.065   30.0   0b1111111111111111    20190909T155652783505
 0      80     2.0302      0.0       0.0     0.3988      0.4    0.8       5.092   30.0   0b1111111111111111    20190909T155656256777
 1      80     2.0254      0.4       0.8     1.9158      0.0    0.0       1.057   30.0   0b1111111111111111    20190909T155656257180
 2      80     2.0385      0.0       0.0     0.3999      0.3    0.8       5.097   30.0   0b1111111111111111    20190909T155656257522
 3      80     2.0205      0.0       0.0     1.8975      0.0    0.0       1.065   30.0   0b1111111111111111    20190909T155656257829
 4      80     2.0227      0.0       0.0     0.3992      0.0    0.0       5.067   30.0   0b1111111111111111    20190909T155656258126
 5      80     2.0175      0.0       0.0     1.8933      0.2    0.8       1.066   30.0   0b1111111111111111    20190909T155656258431
 6      80     2.0355      0.0       0.0     0.4017      0.0    0.0       5.068   30.0   0b1111111111111111    20190909T155656258699
 7      80     2.0296      0.2       0.8     1.9133      0.0    0.0       1.061   30.0   0b1111111111111111    20190909T155656258842
 8      80     2.0316      0.3       0.7     0.4002      0.3    0.8       5.077   30.0   0b1111111111111111    20190909T155656258983
 9      80     2.0295      0.0       0.0     1.9125      0.0    0.0       1.061   30.0   0b1111111111111111    20190909T155656259124
10      80     2.0310      0.0       0.0     0.3977      0.4    0.8       5.106   30.0   0b1111111111111111    20190909T155656259265
11      80     2.0272      0.0       0.0     1.9042      0.0    0.0       1.065   30.0   0b1111111111111111    20190909T155656259406
12      80     2.0490      0.0       0.0     0.4055      0.4    0.8       5.053   30.0   0b1111111111111111    20190909T155656259559
13      80     2.0296      0.2       0.8     1.9056      0.4    0.8       1.065   30.0   0b1111111111111111    20190909T155656259699
14      80     2.0392      0.0       0.0     0.4000      0.0    0.0       5.098   30.0   0b1111111111111111    20190909T155656259837
15      80     2.0160      0.0       0.0     1.8928      0.4    0.8       1.065   30.0   0b1111111111111111    20190909T155656259976
 0      70     1.9828      0.3       0.8     0.3892      0.0    0.0       5.095   30.2   0b1111111111111111    20190909T155659744192
 1      70     1.9777      0.2       0.8     1.8707      0.2    0.8       1.057   30.2   0b1111111111111111    20190909T155659744642
 2      70     1.9905      0.0       0.0     0.3902      0.3    0.8       5.102   30.2   0b1111111111111111    20190909T155659744970
 3      70     1.9733      0.0       0.0     1.8526      0.3    0.8       1.065   30.2   0b1111111111111111    20190909T155659745275
 4      70     1.9732      0.2       0.8     0.3892      0.0    0.0       5.070   30.2   0b1111111111111111    20190909T155659745595
 5      70     1.9680      0.0       0.0     1.8467      0.0    0.0       1.066   30.2   0b1111111111111111    20190909T155659745891
 6      70     1.9853      0.0       0.0     0.3917      0.0    0.0       5.069   30.2   0b1111111111111111    20190909T155659746182
 7      70     1.9808      0.0       0.0     1.8671      0.4    0.8       1.061   30.2   0b1111111111111111    20190909T155659746491
 8      70     1.9823      0.0       0.0     0.3907      0.3    0.8       5.074   30.2   0b1111111111111111    20190909T155659746783
 9      70     1.9808      0.0       0.0     1.8665      0.3    0.8       1.061   30.2   0b1111111111111111    20190909T155659747072
10      70     1.9815      0.0       0.0     0.3883      0.0    0.0       5.103   30.2   0b1111111111111111    20190909T155659747363
11      70     1.9782      0.4       0.8     1.8578      0.4    0.8       1.065   30.2   0b1111111111111111    20190909T155659747667
12      70     2.0006      0.4       0.7     0.3958      0.0    0.0       5.054   30.2   0b1111111111111111    20190909T155659747956
13      70     1.9815      0.0       0.0     1.8601      0.3    0.8       1.065   30.2   0b1111111111111111    20190909T155659748242
14      70     1.9905      0.0       0.0     0.3901      0.3    0.8       5.103   30.2   0b1111111111111111    20190909T155659748558
15      70     1.9680      0.0       0.0     1.8475      0.0    0.0       1.065   30.2   0b1111111111111111    20190909T155659748735
 0      60     1.9320      0.0       0.0     0.3792      0.0    0.0       5.095   30.2   0b1111111111111111    20190909T155703239353
 1      60     1.9275      0.0       0.0     1.8231      0.4    0.8       1.057   30.2   0b1111111111111111    20190909T155703239792
 2      60     1.9403      0.0       0.0     0.3806      0.4    0.8       5.098   30.2   0b1111111111111111    20190909T155703240117
 3      60     1.9222      0.0       0.0     1.8050      0.0    0.0       1.065   30.2   0b1111111111111111    20190909T155703240422
 4      60     1.9215      0.0       0.0     0.3789      0.4    0.8       5.071   30.2   0b1111111111111111    20190909T155703240758
 5      60     1.9163      0.0       0.0     1.7983      0.3    0.8       1.066   30.2   0b1111111111111111    20190909T155703241056
 6      60     1.9343      0.0       0.0     0.3815      0.3    0.8       5.070   30.2   0b1111111111111111    20190909T155703241345
 7      60     1.9305      0.0       0.0     1.8194      0.4    0.8       1.061   30.2   0b1111111111111111    20190909T155703241652
 8      60     1.9304      0.3       0.8     0.3802      0.3    0.8       5.078   30.2   0b1111111111111111    20190909T155703241942
 9      60     1.9290      0.0       0.0     1.8175      0.0    0.0       1.061   30.2   0b1111111111111111    20190909T155703242227
10      60     1.9320      0.0       0.0     0.3783      0.0    0.0       5.107   30.2   0b1111111111111111    20190909T155703242534
11      60     1.9263      0.4       0.8     1.8092      0.0    0.0       1.065   30.2   0b1111111111111111    20190909T155703242820
12      60     1.9492      0.0       0.0     0.3858      0.0    0.0       5.052   30.2   0b1111111111111111    20190909T155703243106
13      60     1.9290      0.0       0.0     1.8108      0.0    0.0       1.065   30.2   0b1111111111111111    20190909T155703243391
14      60     1.9402      0.2       0.8     0.3800      0.0    0.0       5.106   30.2   0b1111111111111111    20190909T155703243698
15      60     1.9169      0.2       0.8     1.7992      0.0    0.0       1.065   30.2   0b1111111111111111    20190909T155703243984
 0      50     1.8810      0.0       0.0     0.3692      0.0    0.0       5.095   30.3   0b1111111111111111    20190909T155706740504
 1      50     1.8758      0.0       0.0     1.7742      0.0    0.0       1.057   30.3   0b1111111111111111    20190909T155706740911
 2      50     1.8884      0.3       0.7     0.3700      0.0    0.0       5.104   30.3   0b1111111111111111    20190909T155706741256
 3      50     1.8712      0.0       0.0     1.7569      0.4    0.8       1.065   30.3   0b1111111111111111    20190909T155706741563
 4      50     1.8700      0.4       0.8     0.3690      0.3    0.8       5.068   30.3   0b1111111111111111    20190909T155706741859
 5      50     1.8645      0.0       0.0     1.7498      0.3    0.8       1.066   30.3   0b1111111111111111    20190909T155706742151
 6      50     1.8817      0.0       0.0     0.3710      0.3    0.8       5.072   30.3   0b1111111111111111    20190909T155706742463
 7      50     1.8788      0.0       0.0     1.7708      0.0    0.0       1.061   30.3   0b1111111111111111    20190909T155706742755
 8      50     1.8782      0.3       0.8     0.3700      0.0    0.0       5.076   30.3   0b1111111111111111    20190909T155706743045
 9      50     1.8765      0.0       0.0     1.7682      0.2    0.8       1.061   30.3   0b1111111111111111    20190909T155706743357
10      50     1.8795      0.0       0.0     0.3682      0.3    0.8       5.105   30.3   0b1111111111111111    20190909T155706743645
11      50     1.8742      0.0       0.0     1.7600      0.0    0.0       1.065   30.3   0b1111111111111111    20190909T155706743931
12      50     1.8968      0.0       0.0     0.3751      0.2    0.8       5.057   30.3   0b1111111111111111    20190909T155706744235
13      50     1.8770      0.3       0.8     1.7617      0.0    0.0       1.065   30.3   0b1111111111111111    20190909T155706744523
14      50     1.8878      0.0       0.0     0.3700      0.4    1.7       5.102   30.3   0b1111111111111111    20190909T155706744808
15      50     1.8653      0.0       0.0     1.7507      0.3    0.8       1.065   30.3   0b1111111111111111    20190909T155706745091
 0      40     1.8278      0.0       0.0     0.3584      0.2    0.8       5.100   30.4   0b1111111111111111    20190909T155710234271
 1      40     1.8233      0.0       0.0     1.7242      0.0    0.0       1.057   30.4   0b1111111111111111    20190909T155710234707
 2      40     1.8356      0.4       0.8     0.3595      0.4    0.8       5.106   30.4   0b1111111111111111    20190909T155710235044
 3      40     1.8188      0.0       0.0     1.7075      0.0    0.0       1.065   30.4   0b1111111111111111    20190909T155710235348
 4      40     1.8180      0.0       0.0     0.3583      0.0    0.0       5.073   30.4   0b1111111111111111    20190909T155710235664
 5      40     1.8135      0.0       0.0     1.7017      0.0    0.0       1.066   30.4   0b1111111111111111    20190909T155710235960
 6      40     1.8301      0.3       0.8     0.3608      0.2    0.8       5.073   30.4   0b1111111111111111    20190909T155710236252
 7      40     1.8270      0.0       0.0     1.7217      0.0    0.0       1.061   30.4   0b1111111111111111    20190909T155710236561
 8      40     1.8252      0.4       0.7     0.3593      0.3    0.8       5.081   30.4   0b1111111111111111    20190909T155710236856
 9      40     1.8240      0.0       0.0     1.7183      0.0    0.0       1.061   30.4   0b1111111111111111    20190909T155710237143
10      40     1.8263      0.2       0.7     0.3575      0.0    0.0       5.109   30.4   0b1111111111111111    20190909T155710237428
11      40     1.8210      0.0       0.0     1.7100      0.0    0.0       1.065   30.4   0b1111111111111111    20190909T155710237734
12      40     1.8428      0.0       0.0     0.3644      0.4    0.8       5.057   30.4   0b1111111111111111    20190909T155710238019
13      40     1.8240      0.0       0.0     1.7123      0.4    0.8       1.065   30.4   0b1111111111111111    20190909T155710238304
14      40     1.8345      0.0       0.0     0.3595      0.4    0.8       5.103   30.4   0b1111111111111111    20190909T155710238623
15      40     1.8128      0.0       0.0     1.7011      0.4    0.8       1.066   30.4   0b1111111111111111    20190909T155710238763
 0      30     1.7752      0.2       0.8     0.3483      0.0    0.0       5.096   30.5   0b1111111111111111    20190909T155713722968
 1      30     1.7708      0.0       0.0     1.6748      0.3    0.8       1.057   30.5   0b1111111111111111    20190909T155713723310
 2      30     1.7835      0.0       0.0     0.3493      0.3    0.8       5.105   30.5   0b1111111111111111    20190909T155713723533
 3      30     1.7670      0.0       0.0     1.6592      0.0    0.0       1.065   30.5   0b1111111111111111    20190909T155713723735
 4      30     1.7692      0.0       0.0     0.3489      0.4    0.8       5.071   30.5   0b1111111111111111    20190909T155713723925
 5      30     1.7635      0.3       0.8     1.6548      0.3    0.8       1.066   30.5   0b1111111111111111    20190909T155713724263
 6      30     1.7788      0.3       0.8     0.3508      0.3    0.8       5.072   30.5   0b1111111111111111    20190909T155713724576
 7      30     1.7768      0.0       0.0     1.6745      0.4    0.8       1.061   30.5   0b1111111111111111    20190909T155713724869
 8      30     1.7740      0.3       0.8     0.3492      0.0    0.0       5.081   30.5   0b1111111111111111    20190909T155713725222
 9      30     1.7723      0.0       0.0     1.6699      0.2    0.8       1.061   30.5   0b1111111111111111    20190909T155713725582
10      30     1.7745      0.0       0.0     0.3474      0.2    0.8       5.108   30.5   0b1111111111111111    20190909T155713725878
11      30     1.7700      0.0       0.0     1.6616      0.3    0.8       1.065   30.5   0b1111111111111111    20190909T155713726235
12      30     1.7910      0.0       0.0     0.3542      0.0    0.0       5.057   30.5   0b1111111111111111    20190909T155713726532
13      30     1.7730      0.0       0.0     1.6642      0.0    0.0       1.065   30.5   0b1111111111111111    20190909T155713726819
14      30     1.7820      0.0       0.0     0.3492      0.0    0.0       5.104   30.5   0b1111111111111111    20190909T155713727149
15      30     1.7610      0.0       0.0     1.6525      0.0    0.0       1.066   30.5   0b1111111111111111    20190909T155713727453
 0      20     1.7235      0.0       0.0     0.3378      0.4    0.8       5.102   30.6   0b1111111111111111    20190909T155717201747
 1      20     1.7190      0.0       0.0     1.6258      0.0    0.0       1.057   30.6   0b1111111111111111    20190909T155717202286
 2      20     1.7317      0.0       0.0     0.3393      0.3    0.8       5.105   30.6   0b1111111111111111    20190909T155717202619
 3      20     1.7160      0.0       0.0     1.6108      0.0    0.0       1.065   30.6   0b1111111111111111    20190909T155717202922
 4      20     1.7190      0.0       0.0     0.3389      0.4    0.8       5.072   30.6   0b1111111111111111    20190909T155717203276
 5      20     1.7130      0.0       0.0     1.6075      0.0    0.0       1.066   30.6   0b1111111111111111    20190909T155717203577
 6      20     1.7280      0.0       0.0     0.3407      0.2    0.8       5.071   30.6   0b1111111111111111    20190909T155717203869
 7      20     1.7258      0.0       0.0     1.6267      0.0    0.0       1.061   30.6   0b1111111111111111    20190909T155717204215
 8      20     1.7227      0.2       0.8     0.3392      0.0    0.0       5.079   30.6   0b1111111111111111    20190909T155717204559
 9      20     1.7200      0.4       0.8     1.6208      0.0    0.0       1.061   30.6   0b1111111111111111    20190909T155717204849
10      20     1.7223      0.4       0.8     0.3369      0.4    0.8       5.112   30.6   0b1111111111111111    20190909T155717205207
11      20     1.7182      0.0       0.0     1.6129      0.4    0.8       1.065   30.6   0b1111111111111111    20190909T155717205504
12      20     1.7385      0.0       0.0     0.3440      0.3    0.8       5.054   30.6   0b1111111111111111    20190909T155717205790
13      20     1.7209      0.4       0.7     1.6153      0.4    0.8       1.065   30.6   0b1111111111111111    20190909T155717206075
14      20     1.7303      0.0       0.0     0.3390      0.3    0.8       5.104   30.6   0b1111111111111111    20190909T155717206413
15      20     1.7099      0.3       0.8     1.6047      0.4    0.8       1.066   30.6   0b1111111111111111    20190909T155717206697
 0      10     1.6717      0.0       0.0     0.3277      0.3    0.8       5.102   30.7   0b1111111111111111    20190909T155720689114
 1      10     1.6672      0.0       0.0     1.5768      0.2    0.8       1.057   30.7   0b1111111111111111    20190909T155720689564
 2      10     1.6800      0.0       0.0     0.3292      0.0    0.0       5.104   30.7   0b1111111111111111    20190909T155720689887
 3      10     1.6645      0.4       0.7     1.5628      0.4    0.8       1.065   30.7   0b1111111111111111    20190909T155720690192
 4      10     1.6687      0.0       0.0     0.3292      0.0    0.0       5.070   30.7   0b1111111111111111    20190909T155720690514
 5      10     1.6635      0.0       0.0     1.5608      0.0    0.0       1.066   30.7   0b1111111111111111    20190909T155720690808
 6      10     1.6778      0.0       0.0     0.3308      0.0    0.0       5.071   30.7   0b1111111111111111    20190909T155720691100
 7      10     1.6762      0.2       0.8     1.5792      0.0    0.0       1.061   30.7   0b1111111111111111    20190909T155720691407
 8      10     1.6710      0.0       0.0     0.3288      0.4    0.8       5.082   30.7   0b1111111111111111    20190909T155720691699
 9      10     1.6680      0.0       0.0     1.5717      0.0    0.0       1.061   30.7   0b1111111111111111    20190909T155720691985
10      10     1.6702      0.0       0.0     0.3268      0.3    0.8       5.110   30.7   0b1111111111111111    20190909T155720692294
11      10     1.6665      0.0       0.0     1.5642      0.0    0.0       1.065   30.7   0b1111111111111111    20190909T155720692582
12      10     1.6860      0.0       0.0     0.3333      0.0    0.0       5.058   30.7   0b1111111111111111    20190909T155720692867
13      10     1.6687      0.0       0.0     1.5667      0.0    0.0       1.065   30.7   0b1111111111111111    20190909T155720693151
14      10     1.6778      0.0       0.0     0.3285      0.3    0.8       5.107   30.7   0b1111111111111111    20190909T155720693460
15      10     1.6583      0.0       0.0     1.5564      0.4    0.8       1.065   30.7   0b1111111111111111    20190909T155720693744
 0       0     1.6200      0.0       0.0     0.3175      0.0    0.0       5.102   30.8   0b1111111111111111    20190909T155724174375
 1       0     1.6163      0.0       0.0     1.5283      0.0    0.0       1.058   30.8   0b1111111111111111    20190909T155724174771
 2       0     1.6282      0.0       0.0     0.3186      0.4    0.8       5.111   30.8   0b1111111111111111    20190909T155724175072
 3       0     1.6133      0.0       0.0     1.5144      0.4    0.8       1.065   30.8   0b1111111111111111    20190909T155724175419
 4       0     1.6185      0.0       0.0     0.3192      0.0    0.0       5.071   30.8   0b1111111111111111    20190909T155724175711
 5       0     1.6133      0.0       0.0     1.5136      0.4    0.8       1.066   30.8   0b1111111111111111    20190909T155724175999
 6       0     1.6275      0.0       0.0     0.3207      0.3    0.8       5.074   30.8   0b1111111111111111    20190909T155724176331
 7       0     1.6252      0.0       0.0     1.5317      0.0    0.0       1.061   30.8   0b1111111111111111    20190909T155724176619
 8       0     1.6185      0.0       0.0     0.3184      0.2    0.8       5.083   30.8   0b1111111111111111    20190909T155724176905
 9       0     1.6163      0.2       0.7     1.5232      0.3    0.8       1.061   30.8   0b1111111111111111    20190909T155724177286
10       0     1.6187      0.3       0.7     0.3167      0.0    0.0       5.112   30.8   0b1111111111111111    20190909T155724177581
11       0     1.6148      0.0       0.0     1.5158      0.0    0.0       1.065   30.8   0b1111111111111111    20190909T155724177867
12       0     1.6335      0.0       0.0     0.3229      0.4    0.8       5.059   30.8   0b1111111111111111    20190909T155724178230
13       0     1.6170      0.0       0.0     1.5177      0.4    0.8       1.065   30.8   0b1111111111111111    20190909T155724178371
14       0     1.6260      0.0       0.0     0.3183      0.0    0.0       5.108   30.8   0b1111111111111111    20190909T155724178509
15       0     1.6073      0.0       0.0     1.5082      0.3    0.8       1.066   30.8   0b1111111111111111    20190909T155724178646
