CH# Vset[DAC]   V[V]    dVRMS[mV] dVpp[mV]    I[A]  dIRMS[mA] dIpp[mA]   R[ohm]   T[C]   State                Timestamp
 0     250     2.8260      0.0       0.0     0.5605      1.3    3.3       5.042   24.2   0b1111111111111111    20190521T104221592949
 1     250     2.7066      0.6       1.5     2.5541      0.8    2.5       1.060   24.2   0b1111111111111111    20190521T104221593400
 2     250     2.8268      0.2       0.8     0.5608      2.0    5.8       5.041   24.2   0b1111111111111111    20190521T104221593752
 3     250     2.7079      0.5       1.5     2.5548      0.7    1.7       1.060   24.2   0b1111111111111111    20190521T104221594057
 4     250     2.8612      0.0       0.0     0.5626      2.4    8.3       5.086   24.2   0b1111111111111111    20190521T104221594348
 5     250     2.7083      0.7       2.3     2.5577      0.8    2.5       1.059   24.2   0b1111111111111111    20190521T104221594656
 6     250     2.8500      0.0       0.0     0.5590      2.8    8.3       5.098   24.2   0b1111111111111111    20190521T104221594946
 7     250     2.7110      0.6       1.5     2.5672      0.8    2.5       1.056   24.2   0b1111111111111111    20190521T104221595234
 8     250     2.8545      0.0       0.0     0.5560      0.7    2.5       5.134   24.2   0b1111111111111111    20190521T104221595562
 9     250     2.7231      0.6       1.5     2.5653      0.5    1.7       1.062   24.2   0b1111111111111111    20190521T104221595869
10     250     2.8507      0.2       0.8     0.5619      0.7    2.5       5.073   24.2   0b1111111111111111    20190521T104221596154
11     250     2.7236      0.7       2.2     2.5945      0.8    2.5       1.050   24.2   0b1111111111111111    20190521T104221596437
12     250     2.8358      0.0       0.0     0.5602      0.5    1.7       5.062   24.2   0b1111111111111111    20190521T104221596743
13     250     2.7301      0.7       2.3     2.5615      0.6    1.7       1.066   24.2   0b1111111111111111    20190521T104221597028
14     250     2.8419      0.3       0.7     0.5584      1.4    3.3       5.089   24.2   0b1111111111111111    20190521T104221597312
15     250     2.7030      0.8       2.3     2.5511      0.5    1.7       1.060   24.2   0b1111111111111111    20190521T104221597594
 0     240     2.7787      0.0       0.0     0.5510      0.3    0.8       5.043   24.4   0b1111111111111111    20190521T104225034930
 1     240     2.6988      0.4       0.8     2.5465      0.6    1.7       1.060   24.4   0b1111111111111111    20190521T104225035331
 2     240     2.7802      0.0       0.0     0.5507      0.7    1.7       5.048   24.4   0b1111111111111111    20190521T104225035673
 3     240     2.6997      0.4       0.8     2.5471      0.4    0.8       1.060   24.4   0b1111111111111111    20190521T104225035974
 4     240     2.8148      0.0       0.0     0.5549      1.4    5.0       5.072   24.4   0b1111111111111111    20190521T104225036266
 5     240     2.7010      0.4       0.8     2.5510      0.5    1.7       1.059   24.4   0b1111111111111111    20190521T104225036577
 6     240     2.8033      0.3       0.8     0.5497      0.8    2.5       5.099   24.4   0b1111111111111111    20190521T104225036866
 7     240     2.7042      0.4       0.8     2.5605      0.4    0.8       1.056   24.4   0b1111111111111111    20190521T104225037192
 8     240     2.8065      0.0       0.0     0.5467      0.8    2.5       5.134   24.4   0b1111111111111111    20190521T104225037519
 9     240     2.7144      0.3       0.8     2.5568      0.5    1.7       1.062   24.4   0b1111111111111111    20190521T104225037807
10     240     2.8020      0.0       0.0     0.5529      0.6    1.7       5.068   24.4   0b1111111111111111    20190521T104225038090
11     240     2.7170      0.4       0.8     2.5882      0.5    1.7       1.050   24.4   0b1111111111111111    20190521T104225038374
12     240     2.7877      0.0       0.0     0.5509      0.4    1.7       5.060   24.4   0b1111111111111111    20190521T104225038681
13     240     2.7225      0.5       1.5     2.5543      0.6    1.7       1.066   24.4   0b1111111111111111    20190521T104225038964
14     240     2.7945      0.0       0.0     0.5485      0.6    1.7       5.095   24.4   0b1111111111111111    20190521T104225039260
15     240     2.6977      0.3       1.5     2.5460      0.3    0.8       1.060   24.4   0b1111111111111111    20190521T104225039563
 0     230     2.7328      0.3       0.8     0.5421      0.6    1.7       5.041   24.5   0b1111111111111111    20190521T104228501725
 1     230     2.6869      0.4       0.7     2.5353      0.4    0.8       1.060   24.5   0b1111111111111111    20190521T104228502142
 2     230     2.7344      0.3       0.7     0.5417      0.4    1.7       5.048   24.5   0b1111111111111111    20190521T104228502532
 3     230     2.6872      0.0       0.0     2.5353      0.4    0.8       1.060   24.5   0b1111111111111111    20190521T104228502844
 4     230     2.7683      0.0       0.0     0.5456      0.5    1.7       5.074   24.5   0b1111111111111111    20190521T104228503140
 5     230     2.6902      0.0       0.0     2.5407      0.3    0.8       1.059   24.5   0b1111111111111111    20190521T104228503487
 6     230     2.7570      0.0       0.0     0.5408      0.8    2.5       5.098   24.5   0b1111111111111111    20190521T104228503783
 7     230     2.6944      0.4       0.8     2.5514      0.5    1.7       1.056   24.5   0b1111111111111111    20190521T104228504071
 8     230     2.7593      0.0       0.0     0.5373      0.6    1.7       5.135   24.5   0b1111111111111111    20190521T104228504414
 9     230     2.7008      0.2       0.8     2.5442      0.4    1.7       1.062   24.5   0b1111111111111111    20190521T104228504705
10     230     2.7548      0.2       0.7     0.5437      0.6    1.7       5.066   24.5   0b1111111111111111    20190521T104228504989
11     230     2.7073      0.3       0.8     2.5791      0.4    1.7       1.050   24.5   0b1111111111111111    20190521T104228505305
12     230     2.7413      0.0       0.0     0.5418      0.6    1.7       5.059   24.5   0b1111111111111111    20190521T104228505609
13     230     2.7112      0.0       0.0     2.5439      0.7    1.7       1.066   24.5   0b1111111111111111    20190521T104228505894
14     230     2.7480      0.0       0.0     0.5394      0.4    0.8       5.094   24.5   0b1111111111111111    20190521T104228506178
15     230     2.6902      0.0       0.0     2.5393      0.5    1.7       1.059   24.5   0b1111111111111111    20190521T104228506502
 0     220     2.6863      0.3       0.8     0.5328      0.6    1.7       5.041   24.7   0b1111111111111111    20190521T104231949384
 1     220     2.6655      0.0       0.0     2.5151      0.2    0.8       1.060   24.7   0b1111111111111111    20190521T104231949625
 2     220     2.6872      0.0       0.0     0.5319      0.4    0.8       5.052   24.7   0b1111111111111111    20190521T104231949783
 3     220     2.6648      0.0       0.0     2.5141      0.4    1.7       1.060   24.7   0b1111111111111111    20190521T104231949928
 4     220     2.7204      0.3       0.8     0.5361      0.5    1.7       5.075   24.7   0b1111111111111111    20190521T104231950068
 5     220     2.6715      0.0       0.0     2.5229      0.6    1.7       1.059   24.7   0b1111111111111111    20190521T104231950208
 6     220     2.7089      0.2       0.7     0.5310      0.7    1.7       5.102   24.7   0b1111111111111111    20190521T104231950347
 7     220     2.6764      0.4       0.8     2.5346      0.4    0.8       1.056   24.7   0b1111111111111111    20190521T104231950498
 8     220     2.7092      0.3       0.8     0.5277      0.4    0.8       5.134   24.7   0b1111111111111111    20190521T104231950636
 9     220     2.6762      0.3       0.8     2.5211      0.4    0.8       1.062   24.7   0b1111111111111111    20190521T104231950774
10     220     2.7067      0.0       0.0     0.5341      0.3    0.8       5.068   24.7   0b1111111111111111    20190521T104231950911
11     220     2.6887      0.0       0.0     2.5617      0.0    0.0       1.050   24.7   0b1111111111111111    20190521T104231951048
12     220     2.6932      0.0       0.0     0.5322      0.4    0.8       5.061   24.7   0b1111111111111111    20190521T104231951185
13     220     2.6910      0.0       0.0     2.5247      0.4    0.8       1.066   24.7   0b1111111111111111    20190521T104231951330
14     220     2.7000      0.0       0.0     0.5298      0.4    0.8       5.097   24.7   0b1111111111111111    20190521T104231951481
15     220     2.6762      0.3       0.8     2.5259      0.3    0.8       1.060   24.7   0b1111111111111111    20190521T104231951624
 0     210     2.6382      0.4       0.7     0.5236      0.4    0.8       5.039   24.8   0b1111111111111111    20190521T104235394813
 1     210     2.6295      0.0       0.0     2.4808      0.0    0.0       1.060   24.8   0b1111111111111111    20190521T104235395218
 2     210     2.6393      0.0       0.0     0.5226      0.3    0.8       5.050   24.8   0b1111111111111111    20190521T104235395560
 3     210     2.6280      0.0       0.0     2.4794      0.4    0.8       1.060   24.8   0b1111111111111111    20190521T104235395861
 4     210     2.6715      0.0       0.0     0.5260      0.3    0.8       5.079   24.8   0b1111111111111111    20190521T104235396152
 5     210     2.6378      0.0       0.0     2.4912      0.4    0.8       1.059   24.8   0b1111111111111111    20190521T104235396463
 6     210     2.6603      0.0       0.0     0.5217      0.0    0.0       5.100   24.8   0b1111111111111111    20190521T104235396752
 7     210     2.6447      0.3       0.8     2.5047      0.4    0.8       1.056   24.8   0b1111111111111111    20190521T104235397037
 8     210     2.6603      0.0       0.0     0.5181      0.4    0.8       5.135   24.8   0b1111111111111111    20190521T104235397322
 9     210     2.6366      0.4       0.8     2.4836      0.4    0.8       1.062   24.8   0b1111111111111111    20190521T104235397595
10     210     2.6573      0.2       0.8     0.5246      0.4    0.8       5.066   24.8   0b1111111111111111    20190521T104235397759
11     210     2.6565      0.0       0.0     2.5308      0.3    0.8       1.050   24.8   0b1111111111111111    20190521T104235397907
12     210     2.6445      0.0       0.0     0.5228      0.4    0.8       5.059   24.8   0b1111111111111111    20190521T104235398045
13     210     2.6558      0.0       0.0     2.4917      0.4    1.7       1.066   24.8   0b1111111111111111    20190521T104235398182
14     210     2.6513      0.0       0.0     0.5206      0.4    0.8       5.093   24.8   0b1111111111111111    20190521T104235398320
15     210     2.6510      0.4       0.8     2.5018      0.3    0.8       1.060   24.8   0b1111111111111111    20190521T104235398470
 0     200     2.5900      0.4       0.8     0.5138      0.4    0.8       5.041   25.0   0b1111111111111111    20190521T104238858436
 1     200     2.5838      0.0       0.0     2.4376      0.2    0.8       1.060   25.0   0b1111111111111111    20190521T104238858931
 2     200     2.5912      0.0       0.0     0.5128      0.4    0.8       5.053   25.0   0b1111111111111111    20190521T104238859258
 3     200     2.5821      0.3       0.7     2.4361      0.4    0.8       1.060   25.0   0b1111111111111111    20190521T104238859632
 4     200     2.6227      0.0       0.0     0.5166      0.3    0.8       5.077   25.0   0b1111111111111111    20190521T104238859935
 5     200     2.5925      0.3       0.8     2.4483      0.3    0.8       1.059   25.0   0b1111111111111111    20190521T104238860228
 6     200     2.6115      0.0       0.0     0.5118      0.3    0.8       5.103   25.0   0b1111111111111111    20190521T104238860581
 7     200     2.6002      0.0       0.0     2.4624      0.3    0.8       1.056   25.0   0b1111111111111111    20190521T104238860883
 8     200     2.6107      0.0       0.0     0.5082      0.3    0.8       5.137   25.0   0b1111111111111111    20190521T104238861172
 9     200     2.5890      0.0       0.0     2.4388      0.4    0.8       1.062   25.0   0b1111111111111111    20190521T104238861468
10     200     2.6085      0.0       0.0     0.5147      0.4    0.8       5.068   25.0   0b1111111111111111    20190521T104238861800
11     200     2.6107      0.0       0.0     2.4873      0.3    0.8       1.050   25.0   0b1111111111111111    20190521T104238862087
12     200     2.5957      0.0       0.0     0.5133      0.0    0.0       5.057   25.0   0b1111111111111111    20190521T104238862400
13     200     2.6092      0.0       0.0     2.4480      0.4    0.8       1.066   25.0   0b1111111111111111    20190521T104238862739
14     200     2.6025      0.0       0.0     0.5108      0.2    0.8       5.095   25.0   0b1111111111111111    20190521T104238863026
15     200     2.6100      0.0       0.0     2.4633      0.4    1.7       1.060   25.0   0b1111111111111111    20190521T104238863326
 0     190     2.5445      0.3       0.7     0.5049      0.2    0.8       5.039   25.1   0b1111111111111111    20190521T104242313701
 1     190     2.5380      0.0       0.0     2.3948      0.3    0.8       1.060   25.1   0b1111111111111111    20190521T104242314097
 2     190     2.5455      0.0       0.0     0.5042      0.0    0.0       5.049   25.1   0b1111111111111111    20190521T104242314441
 3     190     2.5359      0.3       0.8     2.3928      0.4    0.8       1.060   25.1   0b1111111111111111    20190521T104242314746
 4     190     2.5755      0.0       0.0     0.5074      0.2    0.8       5.076   25.1   0b1111111111111111    20190521T104242315140
 5     190     2.5463      0.0       0.0     2.4043      0.2    0.8       1.059   25.1   0b1111111111111111    20190521T104242315467
 6     190     2.5649      0.3       0.8     0.5027      0.3    0.8       5.102   25.1   0b1111111111111111    20190521T104242315761
 7     190     2.5545      0.0       0.0     2.4190      0.3    0.8       1.056   25.1   0b1111111111111111    20190521T104242316047
 8     190     2.5643      0.0       0.0     0.4992      0.0    0.0       5.137   25.1   0b1111111111111111    20190521T104242316357
 9     190     2.5417      0.0       0.0     2.3940      0.3    0.8       1.062   25.1   0b1111111111111111    20190521T104242316694
10     190     2.5620      0.0       0.0     0.5055      0.4    0.8       5.068   25.1   0b1111111111111111    20190521T104242316980
11     190     2.5643      0.0       0.0     2.4429      0.4    0.8       1.050   25.1   0b1111111111111111    20190521T104242317264
12     190     2.5500      0.0       0.0     0.5039      0.4    0.8       5.060   25.1   0b1111111111111111    20190521T104242317576
13     190     2.5620      0.0       0.0     2.4039      0.4    0.8       1.066   25.1   0b1111111111111111    20190521T104242317862
14     190     2.5553      0.0       0.0     0.5017      0.0    0.0       5.094   25.1   0b1111111111111111    20190521T104242318145
15     190     2.5650      0.0       0.0     2.4210      0.3    0.8       1.059   25.1   0b1111111111111111    20190521T104242318447
 0     180     2.4961      0.3       0.8     0.4952      0.3    0.8       5.041   25.2   0b1111111111111111    20190521T104245782925
 1     180     2.4900      0.0       0.0     2.3492      0.0    0.0       1.060   25.2   0b1111111111111111    20190521T104245783351
 2     180     2.4975      0.0       0.0     0.4949      0.2    0.8       5.046   25.2   0b1111111111111111    20190521T104245784948
 3     180     2.4885      0.0       0.0     2.3476      0.2    0.8       1.060   25.2   0b1111111111111111    20190521T104245785299
 4     180     2.5267      0.0       0.0     0.4977      0.3    0.8       5.077   25.2   0b1111111111111111    20190521T104245785669
 5     180     2.4976      0.2       0.8     2.3584      0.3    0.8       1.059   25.2   0b1111111111111111    20190521T104245785970
 6     180     2.5162      0.0       0.0     0.4932      0.3    0.8       5.102   25.2   0b1111111111111111    20190521T104245786260
 7     180     2.5057      0.0       0.0     2.3729      0.4    0.8       1.056   25.2   0b1111111111111111    20190521T104245786623
 8     180     2.5151      0.4       0.8     0.4897      0.4    0.8       5.136   25.2   0b1111111111111111    20190521T104245786914
 9     180     2.4924      0.3       0.7     2.3478      0.4    0.8       1.062   25.2   0b1111111111111111    20190521T104245787199
10     180     2.5125      0.0       0.0     0.4958      0.0    0.0       5.067   25.2   0b1111111111111111    20190521T104245787498
11     180     2.5147      0.0       0.0     2.3958      0.0    0.0       1.050   25.2   0b1111111111111111    20190521T104245787846
12     180     2.5012      0.0       0.0     0.4943      0.3    0.8       5.060   25.2   0b1111111111111111    20190521T104245788218
13     180     2.5132      0.0       0.0     2.3582      0.3    0.8       1.066   25.2   0b1111111111111111    20190521T104245788550
14     180     2.5066      0.2       0.8     0.4922      0.4    0.8       5.093   25.2   0b1111111111111111    20190521T104245788862
15     180     2.5162      0.0       0.0     2.3753      0.4    0.8       1.059   25.2   0b1111111111111111    20190521T104245789144
 0     170     2.4487      0.0       0.0     0.4858      0.0    0.0       5.040   25.3   0b1111111111111111    20190521T104249259457
 1     170     2.4420      0.0       0.0     2.3042      0.0    0.0       1.060   25.3   0b1111111111111111    20190521T104249259789
 2     170     2.4495      0.0       0.0     0.4852      0.3    0.8       5.049   25.3   0b1111111111111111    20190521T104249260052
 3     170     2.4405      0.0       0.0     2.3031      0.4    0.8       1.060   25.3   0b1111111111111111    20190521T104249260369
 4     170     2.4780      0.0       0.0     0.4880      0.4    0.8       5.078   25.3   0b1111111111111111    20190521T104249260627
 5     170     2.4495      0.0       0.0     2.3128      0.4    0.8       1.059   25.3   0b1111111111111111    20190521T104249260883
 6     170     2.4675      0.0       0.0     0.4834      0.2    0.8       5.104   25.3   0b1111111111111111    20190521T104249261137
 7     170     2.4570      0.0       0.0     2.3270      0.4    0.8       1.056   25.3   0b1111111111111111    20190521T104249261442
 8     170     2.4660      0.0       0.0     0.4800      0.0    0.0       5.138   25.3   0b1111111111111111    20190521T104249261698
 9     170     2.4436      0.3       0.8     2.3023      0.3    0.8       1.061   25.3   0b1111111111111111    20190521T104249261952
10     170     2.4635      0.3       0.8     0.4862      0.4    0.8       5.067   25.3   0b1111111111111111    20190521T104249262204
11     170     2.4653      0.0       0.0     2.3492      0.0    0.0       1.049   25.3   0b1111111111111111    20190521T104249262499
12     170     2.4525      0.0       0.0     0.4850      0.0    0.0       5.057   25.3   0b1111111111111111    20190521T104249262756
13     170     2.4645      0.0       0.0     2.3123      0.3    0.8       1.066   25.3   0b1111111111111111    20190521T104249263007
14     170     2.4585      0.0       0.0     0.4825      0.0    0.0       5.095   25.3   0b1111111111111111    20190521T104249263259
15     170     2.4676      0.3       0.8     2.3294      0.4    0.8       1.059   25.3   0b1111111111111111    20190521T104249263557
 0     160     2.4004      0.4       0.8     0.4762      0.4    0.8       5.041   25.5   0b1111111111111111    20190521T104252716620
 1     160     2.3940      0.0       0.0     2.2587      0.4    0.8       1.060   25.5   0b1111111111111111    20190521T104252717020
 2     160     2.4015      0.0       0.0     0.4758      0.0    0.0       5.047   25.5   0b1111111111111111    20190521T104252717325
 3     160     2.3926      0.2       0.8     2.2577      0.3    0.8       1.060   25.5   0b1111111111111111    20190521T104252717599
 4     160     2.4291      0.3       0.7     0.4783      0.0    0.0       5.078   25.5   0b1111111111111111    20190521T104252717741
 5     160     2.4007      0.0       0.0     2.2667      0.0    0.0       1.059   25.5   0b1111111111111111    20190521T104252717880
 6     160     2.4187      0.0       0.0     0.4740      0.3    0.8       5.103   25.5   0b1111111111111111    20190521T104252718020
 7     160     2.4082      0.0       0.0     2.2808      0.3    0.8       1.056   25.5   0b1111111111111111    20190521T104252718159
 8     160     2.4165      0.0       0.0     0.4702      0.3    0.8       5.140   25.5   0b1111111111111111    20190521T104252718297
 9     160     2.3947      0.0       0.0     2.2564      0.4    0.8       1.061   25.5   0b1111111111111111    20190521T104252718446
10     160     2.4142      0.0       0.0     0.4764      0.4    0.8       5.068   25.5   0b1111111111111111    20190521T104252718593
11     160     2.4157      0.0       0.0     2.3021      0.4    0.8       1.049   25.5   0b1111111111111111    20190521T104252718731
12     160     2.4038      0.2       0.8     0.4751      0.2    0.8       5.060   25.5   0b1111111111111111    20190521T104252718868
13     160     2.4157      0.0       0.0     2.2666      0.2    0.8       1.066   25.5   0b1111111111111111    20190521T104252719029
14     160     2.4097      0.0       0.0     0.4730      0.4    0.8       5.095   25.5   0b1111111111111111    20190521T104252719168
15     160     2.4187      0.0       0.0     2.2833      0.0    0.0       1.059   25.5   0b1111111111111111    20190521T104252719305
 0     150     2.3550      0.0       0.0     0.4675      0.0    0.0       5.037   25.6   0b1111111111111111    20190521T104256154803
 1     150     2.3483      0.0       0.0     2.2155      0.4    0.8       1.060   25.6   0b1111111111111111    20190521T104256155202
 2     150     2.3560      0.3       0.8     0.4668      0.3    0.8       5.048   25.6   0b1111111111111111    20190521T104256155555
 3     150     2.3470      0.3       0.8     2.2149      0.3    0.8       1.060   25.6   0b1111111111111111    20190521T104256155864
 4     150     2.3813      0.0       0.0     0.4691      0.2    0.8       5.076   25.6   0b1111111111111111    20190521T104256156163
 5     150     2.3542      0.0       0.0     2.2232      0.3    0.8       1.059   25.6   0b1111111111111111    20190521T104256156479
 6     150     2.3723      0.0       0.0     0.4649      0.3    0.8       5.103   25.6   0b1111111111111111    20190521T104256156773
 7     150     2.3609      0.3       0.7     2.2358      0.0    0.0       1.056   25.6   0b1111111111111111    20190521T104256157062
 8     150     2.3696      0.4       0.8     0.4608      0.0    0.0       5.142   25.6   0b1111111111111111    20190521T104256157349
 9     150     2.3483      0.0       0.0     2.2125      0.0    0.0       1.061   25.6   0b1111111111111111    20190521T104256157621
10     150     2.3663      0.0       0.0     0.4667      0.3    0.8       5.070   25.6   0b1111111111111111    20190521T104256157782
11     150     2.3685      0.0       0.0     2.2573      0.3    0.8       1.049   25.6   0b1111111111111111    20190521T104256157928
12     150     2.3578      0.3       0.8     0.4662      0.4    0.8       5.057   25.6   0b1111111111111111    20190521T104256158067
13     150     2.3685      0.0       0.0     2.2226      0.2    0.8       1.066   25.6   0b1111111111111111    20190521T104256158206
14     150     2.3633      0.0       0.0     0.4638      0.4    0.8       5.095   25.6   0b1111111111111111    20190521T104256158344
15     150     2.3723      0.0       0.0     2.2398      0.3    0.8       1.059   25.6   0b1111111111111111    20190521T104256158493
 0     140     2.3071      0.3       0.8     0.4582      0.2    0.8       5.035   25.7   0b1111111111111111    20190521T104259612092
 1     140     2.3002      0.0       0.0     2.1708      0.3    0.8       1.060   25.7   0b1111111111111111    20190521T104259612565
 2     140     2.3085      0.0       0.0     0.4575      0.0    0.0       5.046   25.7   0b1111111111111111    20190521T104259612891
 3     140     2.2997      0.3       0.8     2.1703      0.4    0.8       1.060   25.7   0b1111111111111111    20190521T104259613193
 4     140     2.3325      0.0       0.0     0.4592      0.0    0.0       5.080   25.7   0b1111111111111111    20190521T104259613534
 5     140     2.3062      0.0       0.0     2.1775      0.0    0.0       1.059   25.7   0b1111111111111111    20190521T104259613828
 6     140     2.3242      0.0       0.0     0.4552      0.3    0.8       5.106   25.7   0b1111111111111111    20190521T104259614117
 7     140     2.3122      0.0       0.0     2.1900      0.0    0.0       1.056   25.7   0b1111111111111111    20190521T104259614458
 8     140     2.3205      0.0       0.0     0.4516      0.2    0.8       5.139   25.7   0b1111111111111111    20190521T104259614761
 9     140     2.3002      0.0       0.0     2.1667      0.3    0.8       1.062   25.7   0b1111111111111111    20190521T104259615048
10     140     2.3179      0.4       0.8     0.4575      0.0    0.0       5.066   25.7   0b1111111111111111    20190521T104259615392
11     140     2.3197      0.0       0.0     2.2107      0.3    0.8       1.049   25.7   0b1111111111111111    20190521T104259615683
12     140     2.3092      0.0       0.0     0.4567      0.0    0.0       5.057   25.7   0b1111111111111111    20190521T104259615967
13     140     2.3199      0.3       0.8     2.1771      0.4    0.8       1.066   25.7   0b1111111111111111    20190521T104259616250
14     140     2.3149      0.4       0.8     0.4543      0.2    0.8       5.096   25.7   0b1111111111111111    20190521T104259616590
15     140     2.3242      0.0       0.0     2.1942      0.0    0.0       1.059   25.7   0b1111111111111111    20190521T104259616874
 0     130     2.2597      0.0       0.0     0.4483      0.0    0.0       5.040   25.8   0b1111111111111111    20190521T104303053826
 1     130     2.2530      0.0       0.0     2.1258      0.0    0.0       1.060   25.8   0b1111111111111111    20190521T104303054229
 2     130     2.2611      0.3       0.8     0.4482      0.3    0.8       5.044   25.8   0b1111111111111111    20190521T104303054588
 3     130     2.2524      0.3       0.8     2.1259      0.2    0.8       1.059   25.8   0b1111111111111111    20190521T104303054892
 4     130     2.2845      0.0       0.0     0.4497      0.4    0.8       5.080   25.8   0b1111111111111111    20190521T104303055190
 5     130     2.2580      0.4       0.7     2.1318      0.3    0.8       1.059   25.8   0b1111111111111111    20190521T104303055513
 6     130     2.2763      0.0       0.0     0.4458      0.0    0.0       5.106   25.8   0b1111111111111111    20190521T104303055805
 7     130     2.2643      0.0       0.0     2.1442      0.0    0.0       1.056   25.8   0b1111111111111111    20190521T104303056094
 8     130     2.2718      0.0       0.0     0.4418      0.3    0.8       5.143   25.8   0b1111111111111111    20190521T104303056380
 9     130     2.2517      0.3       0.8     2.1215      0.3    0.8       1.061   25.8   0b1111111111111111    20190521T104303056731
10     130     2.2695      0.0       0.0     0.4475      0.0    0.0       5.072   25.8   0b1111111111111111    20190521T104303057021
11     130     2.2710      0.0       0.0     2.1642      0.0    0.0       1.049   25.8   0b1111111111111111    20190521T104303057309
12     130     2.2612      0.0       0.0     0.4472      0.4    0.8       5.057   25.8   0b1111111111111111    20190521T104303057581
13     130     2.2718      0.0       0.0     2.1318      0.2    0.8       1.066   25.8   0b1111111111111111    20190521T104303057722
14     130     2.2671      0.3       0.8     0.4449      0.3    0.8       5.096   25.8   0b1111111111111111    20190521T104303057861
15     130     2.2759      0.4       0.8     2.1486      0.4    0.8       1.059   25.8   0b1111111111111111    20190521T104303058000
 0     120     2.2132      0.0       0.0     0.4392      0.2    0.8       5.039   25.9   0b1111111111111111    20190521T104306493890
 1     120     2.2058      0.2       0.8     2.0811      0.4    0.8       1.060   25.9   0b1111111111111111    20190521T104306494206
 2     120     2.2136      0.4       0.8     0.4386      0.4    0.8       5.047   25.9   0b1111111111111111    20190521T104306494469
 3     120     2.2058      0.0       0.0     2.0822      0.4    0.8       1.059   25.9   0b1111111111111111    20190521T104306494718
 4     120     2.2357      0.0       0.0     0.4401      0.3    0.8       5.080   25.9   0b1111111111111111    20190521T104306494967
 5     120     2.2110      0.0       0.0     2.0876      0.3    0.8       1.059   25.9   0b1111111111111111    20190521T104306495212
 6     120     2.2275      0.0       0.0     0.4359      0.3    0.8       5.110   25.9   0b1111111111111111    20190521T104306495463
 7     120     2.2174      0.4       0.8     2.0997      0.4    0.8       1.056   25.9   0b1111111111111111    20190521T104306495709
 8     120     2.2237      0.0       0.0     0.4325      0.0    0.0       5.142   25.9   0b1111111111111111    20190521T104306495952
 9     120     2.2028      0.0       0.0     2.0750      0.0    0.0       1.062   25.9   0b1111111111111111    20190521T104306496199
10     120     2.2207      0.0       0.0     0.4381      0.4    0.8       5.069   25.9   0b1111111111111111    20190521T104306496479
11     120     2.2216      0.2       0.8     2.1173      0.3    0.8       1.049   25.9   0b1111111111111111    20190521T104306496728
12     120     2.2147      0.0       0.0     0.4380      0.4    0.8       5.057   25.9   0b1111111111111111    20190521T104306496977
13     120     2.2240      0.3       0.8     2.0867      0.0    0.0       1.066   25.9   0b1111111111111111    20190521T104306497216
14     120     2.2192      0.0       0.0     0.4356      0.4    0.8       5.095   25.9   0b1111111111111111    20190521T104306497497
15     120     2.2260      0.0       0.0     2.1017      0.0    0.0       1.059   25.9   0b1111111111111111    20190521T104306497942
 0     110     2.1682      0.2       0.8     0.4302      0.3    0.8       5.040   26.0   0b1111111111111111    20190521T104309951314
 1     110     2.1608      0.2       0.8     2.0383      0.0    0.0       1.060   26.0   0b1111111111111111    20190521T104309951766
 2     110     2.1686      0.4       0.8     0.4299      0.2    0.8       5.044   26.0   0b1111111111111111    20190521T104309952086
 3     110     2.1614      0.2       0.8     2.0402      0.3    0.8       1.059   26.0   0b1111111111111111    20190521T104309952386
 4     110     2.1900      0.0       0.0     0.4308      0.0    0.0       5.083   26.0   0b1111111111111111    20190521T104309952702
 5     110     2.1654      0.3       0.8     2.0442      0.0    0.0       1.059   26.0   0b1111111111111111    20190521T104309952994
 6     110     2.1818      0.0       0.0     0.4269      0.4    0.8       5.110   26.0   0b1111111111111111    20190521T104309953281
 7     110     2.1720      0.0       0.0     2.0561      0.4    0.8       1.056   26.0   0b1111111111111111    20190521T104309953586
 8     110     2.1773      0.0       0.0     0.4233      0.0    0.0       5.143   26.0   0b1111111111111111    20190521T104309953872
 9     110     2.1570      0.0       0.0     2.0317      0.0    0.0       1.062   26.0   0b1111111111111111    20190521T104309954187
10     110     2.1743      0.0       0.0     0.4286      0.4    0.8       5.073   26.0   0b1111111111111111    20190521T104309954509
11     110     2.1757      0.2       0.8     2.0727      0.3    0.8       1.050   26.0   0b1111111111111111    20190521T104309954796
12     110     2.1690      0.0       0.0     0.4285      0.3    0.8       5.062   26.0   0b1111111111111111    20190521T104309955079
13     110     2.1785      0.4       0.8     2.0442      0.0    0.0       1.066   26.0   0b1111111111111111    20190521T104309955362
14     110     2.1737      0.3       0.8     0.4267      0.0    0.0       5.094   26.0   0b1111111111111111    20190521T104309955666
15     110     2.1810      0.0       0.0     2.0588      0.4    0.8       1.059   26.0   0b1111111111111111    20190521T104309955949
 0     100     2.1210      0.0       0.0     0.4208      0.0    0.0       5.040   26.1   0b1111111111111111    20190521T104313394557
 1     100     2.1139      0.4       0.8     1.9939      0.4    0.8       1.060   26.1   0b1111111111111111    20190521T104313394994
 2     100     2.1216      0.3       0.8     0.4203      0.4    0.8       5.047   26.1   0b1111111111111111    20190521T104313395311
 3     100     2.1142      0.0       0.0     1.9962      0.4    0.8       1.059   26.1   0b1111111111111111    20190521T104313395613
 4     100     2.1420      0.0       0.0     0.4217      0.0    0.0       5.080   26.1   0b1111111111111111    20190521T104313395933
 5     100     2.1180      0.0       0.0     1.9990      0.3    0.8       1.060   26.1   0b1111111111111111    20190521T104313396224
 6     100     2.1337      0.0       0.0     0.4175      0.0    0.0       5.111   26.1   0b1111111111111111    20190521T104313396525
 7     100     2.1240      0.0       0.0     2.0108      0.0    0.0       1.056   26.1   0b1111111111111111    20190521T104313396830
 8     100     2.1285      0.0       0.0     0.4135      0.3    0.8       5.148   26.1   0b1111111111111111    20190521T104313397161
 9     100     2.1089      0.2       0.8     1.9863      0.4    0.8       1.062   26.1   0b1111111111111111    20190521T104313397452
10     100     2.1255      0.0       0.0     0.4192      0.0    0.0       5.071   26.1   0b1111111111111111    20190521T104313397770
11     100     2.1270      0.0       0.0     2.0266      0.3    0.8       1.050   26.1   0b1111111111111111    20190521T104313397928
12     100     2.1210      0.0       0.0     0.4192      0.0    0.0       5.060   26.1   0b1111111111111111    20190521T104313398067
13     100     2.1307      0.0       0.0     1.9992      0.0    0.0       1.066   26.1   0b1111111111111111    20190521T104313398205
14     100     2.1262      0.0       0.0     0.4169      0.4    0.8       5.100   26.1   0b1111111111111111    20190521T104313398342
15     100     2.1330      0.0       0.0     2.0134      0.3    0.8       1.059   26.1   0b1111111111111111    20190521T104313398482
 0      90     2.0737      0.0       0.0     0.4115      0.3    0.8       5.039   26.2   0b1111111111111111    20190521T104316835606
 1      90     2.0678      0.0       0.0     1.9501      0.2    0.8       1.060   26.2   0b1111111111111111    20190521T104316836017
 2      90     2.0753      0.0       0.0     0.4112      0.4    0.8       5.046   26.2   0b1111111111111111    20190521T104316836341
 3      90     2.0678      0.0       0.0     1.9523      0.4    0.8       1.059   26.2   0b1111111111111111    20190521T104316836669
 4      90     2.0939      0.3       0.8     0.4117      0.0    0.0       5.086   26.2   0b1111111111111111    20190521T104316836973
 5      90     2.0707      0.0       0.0     1.9542      0.3    0.8       1.060   26.2   0b1111111111111111    20190521T104316837271
 6      90     2.0861      0.4       0.8     0.4078      0.4    0.8       5.115   26.2   0b1111111111111111    20190521T104316837564
 7      90     2.0768      0.0       0.0     1.9655      0.4    0.8       1.057   26.2   0b1111111111111111    20190521T104316837780
 8      90     2.0795      0.3       0.8     0.4039      0.4    0.8       5.148   26.2   0b1111111111111111    20190521T104316837948
 9      90     2.0602      0.0       0.0     1.9407      0.3    0.8       1.062   26.2   0b1111111111111111    20190521T104316838098
10      90     2.0768      0.0       0.0     0.4092      0.0    0.0       5.076   26.2   0b1111111111111111    20190521T104316838241
11      90     2.0777      0.3       0.8     1.9796      0.4    0.8       1.050   26.2   0b1111111111111111    20190521T104316838383
12      90     2.0735      0.4       0.8     0.4099      0.2    0.8       5.058   26.2   0b1111111111111111    20190521T104316838522
13      90     2.0835      0.0       0.0     1.9550      0.0    0.0       1.066   26.2   0b1111111111111111    20190521T104316838676
14      90     2.0784      0.3       0.8     0.4075      0.0    0.0       5.100   26.2   0b1111111111111111    20190521T104316838818
15      90     2.0850      0.0       0.0     1.9683      0.0    0.0       1.059   26.2   0b1111111111111111    20190521T104316838957
 0      80     2.0265      0.0       0.0     0.4020      0.4    0.8       5.041   26.3   0b1111111111111111    20190521T104320289736
 1      80     2.0203      0.3       0.8     1.9054      0.4    0.8       1.060   26.3   0b1111111111111111    20190521T104320290134
 2      80     2.0275      0.4       0.8     0.4017      0.3    0.8       5.047   26.3   0b1111111111111111    20190521T104320290449
 3      80     2.0205      0.0       0.0     1.9076      0.3    0.8       1.059   26.3   0b1111111111111111    20190521T104320290772
 4      80     2.0452      0.0       0.0     0.4025      0.0    0.0       5.081   26.3   0b1111111111111111    20190521T104320291067
 5      80     2.0227      0.0       0.0     1.9092      0.0    0.0       1.059   26.3   0b1111111111111111    20190521T104320291370
 6      80     2.0383      0.3       0.8     0.3983      0.0    0.0       5.117   26.3   0b1111111111111111    20190521T104320291681
 7      80     2.0287      0.0       0.0     1.9201      0.3    0.8       1.057   26.3   0b1111111111111111    20190521T104320291970
 8      80     2.0293      0.3       0.8     0.3942      0.0    0.0       5.148   26.3   0b1111111111111111    20190521T104320292256
 9      80     2.0102      0.3       0.8     1.8933      0.0    0.0       1.062   26.3   0b1111111111111111    20190521T104320292542
10      80     2.0265      0.0       0.0     0.3992      0.0    0.0       5.077   26.3   0b1111111111111111    20190521T104320292887
11      80     2.0280      0.0       0.0     1.9318      0.3    0.8       1.050   26.3   0b1111111111111111    20190521T104320293176
12      80     2.0242      0.0       0.0     0.4000      0.0    0.0       5.061   26.3   0b1111111111111111    20190521T104320293493
13      80     2.0347      0.0       0.0     1.9091      0.2    0.8       1.066   26.3   0b1111111111111111    20190521T104320293852
14      80     2.0299      0.4       0.8     0.3982      0.3    0.8       5.098   26.3   0b1111111111111111    20190521T104320294145
15      80     2.0370      0.0       0.0     1.9227      0.3    0.8       1.059   26.3   0b1111111111111111    20190521T104320294429
 0      70     1.9792      0.0       0.0     0.3927      0.3    0.8       5.041   26.5   0b1111111111111111    20190521T104323727964
 1      70     1.9733      0.0       0.0     1.8609      0.2    0.8       1.060   26.5   0b1111111111111111    20190521T104323728606
 2      70     1.9808      0.0       0.0     0.3926      0.2    0.8       5.045   26.5   0b1111111111111111    20190521T104323729139
 3      70     1.9741      0.2       0.8     1.8640      0.3    0.8       1.059   26.5   0b1111111111111111    20190521T104323729688
 4      70     1.9987      0.2       0.8     0.3931      0.4    0.8       5.085   26.5   0b1111111111111111    20190521T104323730217
 5      70     1.9755      0.0       0.0     1.8644      0.4    0.8       1.060   26.5   0b1111111111111111    20190521T104323730798
 6      70     1.9913      0.0       0.0     0.3891      0.2    0.8       5.118   26.5   0b1111111111111111    20190521T104323731313
 7      70     1.9815      0.0       0.0     1.8757      0.3    0.8       1.056   26.5   0b1111111111111111    20190521T104323731849
 8      70     1.9792      0.0       0.0     0.3842      0.0    0.0       5.152   26.5   0b1111111111111111    20190521T104323732372
 9      70     1.9600      0.3       0.8     1.8458      0.0    0.0       1.062   26.5   0b1111111111111111    20190521T104323733045
10      70     1.9760      0.4       0.8     0.3892      0.0    0.0       5.077   26.5   0b1111111111111111    20190521T104323733596
11      70     1.9785      0.0       0.0     1.8848      0.3    0.8       1.050   26.5   0b1111111111111111    20190521T104323734118
12      70     1.9748      0.0       0.0     0.3900      0.0    0.0       5.063   26.5   0b1111111111111111    20190521T104323734635
13      70     1.9864      0.4       0.8     1.8634      0.3    0.8       1.066   26.5   0b1111111111111111    20190521T104323735133
14      70     1.9815      0.0       0.0     0.3883      0.0    0.0       5.103   26.5   0b1111111111111111    20190521T104323735682
15      70     1.9883      0.0       0.0     1.8774      0.3    0.8       1.059   26.5   0b1111111111111111    20190521T104323736201
 0      60     1.9297      0.0       0.0     0.3829      0.4    0.8       5.040   26.6   0b1111111111111111    20190521T104327175193
 1      60     1.9237      0.0       0.0     1.8142      0.0    0.0       1.060   26.6   0b1111111111111111    20190521T104327175628
 2      60     1.9320      0.0       0.0     0.3830      0.4    0.8       5.044   26.6   0b1111111111111111    20190521T104327175952
 3      60     1.9252      0.0       0.0     1.8175      0.0    0.0       1.059   26.6   0b1111111111111111    20190521T104327176252
 4      60     1.9484      0.2       0.8     0.3831      0.4    0.8       5.086   26.6   0b1111111111111111    20190521T104327176591
 5      60     1.9262      0.3       0.8     1.8183      0.0    0.0       1.059   26.6   0b1111111111111111    20190521T104327176889
 6      60     1.9421      0.4       0.8     0.3793      0.3    0.8       5.121   26.6   0b1111111111111111    20190521T104327177240
 7      60     1.9312      0.0       0.0     1.8283      0.0    0.0       1.056   26.6   0b1111111111111111    20190521T104327177617
 8      60     1.9267      0.0       0.0     0.3738      0.4    0.8       5.154   26.6   0b1111111111111111    20190521T104327177914
 9      60     1.9087      0.0       0.0     1.7976      0.3    0.8       1.062   26.6   0b1111111111111111    20190521T104327178201
10      60     1.9244      0.2       0.8     0.3790      0.3    0.8       5.078   26.6   0b1111111111111111    20190521T104327178523
11      60     1.9260      0.0       0.0     1.8350      0.0    0.0       1.050   26.6   0b1111111111111111    20190521T104327178810
12      60     1.9245      0.0       0.0     0.3802      0.3    0.8       5.062   26.6   0b1111111111111111    20190521T104327179093
13      60     1.9352      0.3       0.8     1.8158      0.0    0.0       1.066   26.6   0b1111111111111111    20190521T104327179376
14      60     1.9304      0.2       0.8     0.3783      0.0    0.0       5.102   26.6   0b1111111111111111    20190521T104327179737
15      60     1.9365      0.0       0.0     1.8283      0.0    0.0       1.059   26.6   0b1111111111111111    20190521T104327180024
 0      50     1.8794      0.3       0.8     0.3728      0.4    0.8       5.042   26.7   0b1111111111111111    20190521T104330618985
 1      50     1.8729      0.3       0.8     1.7667      0.0    0.0       1.060   26.7   0b1111111111111111    20190521T104330619383
 2      50     1.8810      0.0       0.0     0.3727      0.3    0.8       5.047   26.7   0b1111111111111111    20190521T104330619735
 3      50     1.8750      0.0       0.0     1.7703      0.4    0.8       1.059   26.7   0b1111111111111111    20190521T104330620037
 4      50     1.8968      0.0       0.0     0.3726      0.2    0.8       5.091   26.7   0b1111111111111111    20190521T104330620327
 5      50     1.8758      0.0       0.0     1.7703      0.4    0.8       1.060   26.7   0b1111111111111111    20190521T104330620637
 6      50     1.8914      0.2       0.8     0.3692      0.2    0.8       5.122   26.7   0b1111111111111111    20190521T104330620926
 7      50     1.8810      0.0       0.0     1.7800      0.0    0.0       1.057   26.7   0b1111111111111111    20190521T104330621210
 8      50     1.8750      0.0       0.0     0.3634      0.3    0.8       5.159   26.7   0b1111111111111111    20190521T104330621556
 9      50     1.8570      0.0       0.0     1.7491      0.3    0.8       1.062   26.7   0b1111111111111111    20190521T104330621846
10      50     1.8720      0.0       0.0     0.3683      0.0    0.0       5.082   26.7   0b1111111111111111    20190521T104330622131
11      50     1.8742      0.0       0.0     1.7852      0.3    0.8       1.050   26.7   0b1111111111111111    20190521T104330622437
12      50     1.8728      0.2       0.8     0.3700      0.0    0.0       5.062   26.7   0b1111111111111111    20190521T104330622722
13      50     1.8834      0.3       0.8     1.7670      0.4    0.8       1.066   26.7   0b1111111111111111    20190521T104330623005
14      50     1.8788      0.0       0.0     0.3683      0.0    0.0       5.101   26.7   0b1111111111111111    20190521T104330623287
15      50     1.8847      0.0       0.0     1.7792      0.0    0.0       1.059   26.7   0b1111111111111111    20190521T104330623588
 0      40     1.8270      0.0       0.0     0.3625      0.0    0.0       5.040   26.7   0b1111111111111111    20190521T104334084567
 1      40     1.8218      0.0       0.0     1.7182      0.3    0.8       1.060   26.7   0b1111111111111111    20190521T104334084967
 2      40     1.8299      0.2       0.8     0.3625      0.0    0.0       5.048   26.7   0b1111111111111111    20190521T104334085346
 3      40     1.8233      0.0       0.0     1.7217      0.0    0.0       1.059   26.7   0b1111111111111111    20190521T104334085671
 4      40     1.8450      0.0       0.0     0.3625      0.0    0.0       5.090   26.7   0b1111111111111111    20190521T104334085965
 5      40     1.8240      0.0       0.0     1.7215      0.3    0.8       1.060   26.7   0b1111111111111111    20190521T104334086255
 6      40     1.8390      0.0       0.0     0.3591      0.2    0.8       5.121   26.7   0b1111111111111111    20190521T104334086600
 7      40     1.8287      0.3       0.8     1.7308      0.0    0.0       1.057   26.7   0b1111111111111111    20190521T104334086888
 8      40     1.8218      0.0       0.0     0.3533      0.0    0.0       5.156   26.7   0b1111111111111111    20190521T104334087173
 9      40     1.8060      0.0       0.0     1.7005      0.4    0.8       1.062   26.7   0b1111111111111111    20190521T104334087513
10      40     1.8203      0.0       0.0     0.3583      0.0    0.0       5.080   26.7   0b1111111111111111    20190521T104334087803
11      40     1.8213      0.4       0.8     1.7350      0.0    0.0       1.050   26.7   0b1111111111111111    20190521T104334088088
12      40     1.8210      0.0       0.0     0.3598      0.3    0.8       5.061   26.7   0b1111111111111111    20190521T104334088431
13      40     1.8308      0.0       0.0     1.7176      0.3    0.8       1.066   26.7   0b1111111111111111    20190521T104334088719
14      40     1.8263      0.0       0.0     0.3580      0.4    0.8       5.101   26.7   0b1111111111111111    20190521T104334089003
15      40     1.8323      0.2       0.8     1.7298      0.4    0.8       1.059   26.7   0b1111111111111111    20190521T104334089329
 0      30     1.7782      0.0       0.0     0.3526      0.2    0.8       5.043   26.9   0b1111111111111111    20190521T104337535073
 1      30     1.7715      0.0       0.0     1.6708      0.3    0.8       1.060   26.9   0b1111111111111111    20190521T104337535490
 2      30     1.7797      0.0       0.0     0.3526      0.2    0.8       5.048   26.9   0b1111111111111111    20190521T104337535795
 3      30     1.7741      0.4       0.8     1.6750      0.0    0.0       1.059   26.9   0b1111111111111111    20190521T104337536087
 4      30     1.7933      0.0       0.0     0.3522      0.4    0.8       5.092   26.9   0b1111111111111111    20190521T104337536376
 5      30     1.7730      0.0       0.0     1.6733      0.0    0.0       1.060   26.9   0b1111111111111111    20190521T104337536718
 6      30     1.7878      0.3       0.7     0.3487      0.4    0.8       5.126   26.9   0b1111111111111111    20190521T104337537009
 7      30     1.7782      0.0       0.0     1.6832      0.2    0.8       1.056   26.9   0b1111111111111111    20190521T104337537295
 8      30     1.7715      0.0       0.0     0.3433      0.0    0.0       5.160   26.9   0b1111111111111111    20190521T104337537606
 9      30     1.7546      0.4       0.8     1.6524      0.3    0.8       1.062   26.9   0b1111111111111111    20190521T104337537892
10      30     1.7695      0.4       0.8     0.3483      0.0    0.0       5.080   26.9   0b1111111111111111    20190521T104337538222
11      30     1.7715      0.0       0.0     1.6875      0.0    0.0       1.050   26.9   0b1111111111111111    20190521T104337538535
12      30     1.7703      0.4       0.7     0.3498      0.3    0.8       5.060   26.9   0b1111111111111111    20190521T104337538820
13      30     1.7799      0.3       0.8     1.6700      0.0    0.0       1.066   26.9   0b1111111111111111    20190521T104337539103
14      30     1.7753      0.0       0.0     0.3479      0.4    0.8       5.103   26.9   0b1111111111111111    20190521T104337539385
15      30     1.7812      0.0       0.0     1.6815      0.3    0.8       1.059   26.9   0b1111111111111111    20190521T104337539688
 0      20     1.7273      0.0       0.0     0.3427      0.3    0.8       5.041   26.9   0b1111111111111111    20190521T104340980758
 1      20     1.7212      0.0       0.0     1.6232      0.3    0.8       1.060   26.9   0b1111111111111111    20190521T104340980976
 2      20     1.7288      0.0       0.0     0.3426      0.3    0.8       5.046   26.9   0b1111111111111111    20190521T104340981122
 3      20     1.7236      0.3       0.8     1.6277      0.3    0.8       1.059   26.9   0b1111111111111111    20190521T104340981264
 4      20     1.7417      0.3       0.8     0.3417      0.0    0.0       5.098   26.9   0b1111111111111111    20190521T104340981429
 5      20     1.7221      0.2       0.8     1.6255      0.4    0.8       1.059   26.9   0b1111111111111111    20190521T104340981570
 6      20     1.7370      0.0       0.0     0.3387      0.4    0.8       5.129   26.9   0b1111111111111111    20190521T104340981710
 7      20     1.7279      0.2       0.8     1.6350      0.0    0.0       1.057   26.9   0b1111111111111111    20190521T104340981847
 8      20     1.7205      0.0       0.0     0.3332      0.2    0.8       5.163   26.9   0b1111111111111111    20190521T104340981984
 9      20     1.7040      0.0       0.0     1.6045      0.4    0.8       1.062   26.9   0b1111111111111111    20190521T104340982121
10      20     1.7182      0.0       0.0     0.3383      0.2    0.8       5.080   26.9   0b1111111111111111    20190521T104340982257
11      20     1.7205      0.0       0.0     1.6387      0.4    0.8       1.050   26.9   0b1111111111111111    20190521T104340982409
12      20     1.7196      0.3       0.7     0.3397      0.4    0.8       5.063   26.9   0b1111111111111111    20190521T104340982547
13      20     1.7290      0.3       0.7     1.6218      0.3    0.8       1.066   26.9   0b1111111111111111    20190521T104340982684
14      20     1.7243      0.0       0.0     0.3378      0.4    0.8       5.105   26.9   0b1111111111111111    20190521T104340982820
15      20     1.7303      0.0       0.0     1.6333      0.0    0.0       1.059   26.9   0b1111111111111111    20190521T104340982958
 0      10     1.6770      0.0       0.0     0.3327      0.4    0.8       5.040   27.0   0b1111111111111111    20190521T104344424451
 1      10     1.6710      0.0       0.0     1.5758      0.0    0.0       1.060   27.0   0b1111111111111111    20190521T104344424853
 2      10     1.6785      0.0       0.0     0.3326      0.2    0.8       5.047   27.0   0b1111111111111111    20190521T104344425171
 3      10     1.6740      0.0       0.0     1.5807      0.2    0.8       1.059   27.0   0b1111111111111111    20190521T104344425497
 4      10     1.6905      0.0       0.0     0.3318      0.3    0.8       5.094   27.0   0b1111111111111111    20190521T104344425791
 5      10     1.6717      0.0       0.0     1.5775      0.0    0.0       1.060   27.0   0b1111111111111111    20190521T104344426081
 6      10     1.6859      0.2       0.8     0.3284      0.2    0.8       5.133   27.0   0b1111111111111111    20190521T104344426367
 7      10     1.6770      0.0       0.0     1.5870      0.4    0.8       1.057   27.0   0b1111111111111111    20190521T104344426674
 8      10     1.6695      0.0       0.0     0.3232      0.3    0.8       5.166   27.0   0b1111111111111111    20190521T104344427012
 9      10     1.6538      0.0       0.0     1.5571      0.4    0.8       1.062   27.0   0b1111111111111111    20190521T104344427300
10      10     1.6673      0.2       0.8     0.3280      0.4    0.8       5.083   27.0   0b1111111111111111    20190521T104344427575
11      10     1.6695      0.0       0.0     1.5900      0.0    0.0       1.050   27.0   0b1111111111111111    20190521T104344427715
12      10     1.6687      0.0       0.0     0.3294      0.4    0.8       5.066   27.0   0b1111111111111111    20190521T104344427853
13      10     1.6778      0.0       0.0     1.5742      0.0    0.0       1.066   27.0   0b1111111111111111    20190521T104344427991
14      10     1.6735      0.3       0.8     0.3278      0.4    0.8       5.106   27.0   0b1111111111111111    20190521T104344428129
15      10     1.6793      0.0       0.0     1.5850      0.0    0.0       1.059   27.0   0b1111111111111111    20190521T104344428267
 0       0     1.6267      0.0       0.0     0.3225      0.0    0.0       5.044   27.1   0b1111111111111111    20190521T104347872583
 1       0     1.6207      0.0       0.0     1.5282      0.2    0.8       1.061   27.1   0b1111111111111111    20190521T104347872995
 2       0     1.6282      0.0       0.0     0.3226      0.2    0.8       5.048   27.1   0b1111111111111111    20190521T104347873313
 3       0     1.6237      0.0       0.0     1.5333      0.3    0.8       1.059   27.1   0b1111111111111111    20190521T104347873636
 4       0     1.6395      0.0       0.0     0.3217      0.0    0.0       5.097   27.1   0b1111111111111111    20190521T104347873932
 5       0     1.6207      0.0       0.0     1.5295      0.4    0.8       1.060   27.1   0b1111111111111111    20190521T104347874222
 6       0     1.6350      0.0       0.0     0.3183      0.0    0.0       5.136   27.1   0b1111111111111111    20190521T104347874530
 7       0     1.6260      0.0       0.0     1.5387      0.4    0.8       1.057   27.1   0b1111111111111111    20190521T104347874817
 8       0     1.6178      0.0       0.0     0.3128      0.4    0.8       5.171   27.1   0b1111111111111111    20190521T104347875102
 9       0     1.6030      0.3       0.8     1.5094      0.4    0.8       1.062   27.1   0b1111111111111111    20190521T104347875386
10       0     1.6164      0.3       0.7     0.3180      0.4    0.8       5.083   27.1   0b1111111111111111    20190521T104347875744
11       0     1.6182      0.4       0.8     1.5415      0.3    0.8       1.050   27.1   0b1111111111111111    20190521T104347876037
12       0     1.6185      0.0       0.0     0.3193      0.3    0.8       5.068   27.1   0b1111111111111111    20190521T104347876321
13       0     1.6271      0.4       0.7     1.5264      0.4    0.8       1.066   27.1   0b1111111111111111    20190521T104347876628
14       0     1.6230      0.0       0.0     0.3179      0.4    0.8       5.105   27.1   0b1111111111111111    20190521T104347876911
15       0     1.6282      0.0       0.0     1.5369      0.4    0.8       1.059   27.1   0b1111111111111111    20190521T104347877194
