CH# Threshold[DAC] Vset[DAC]     V[V]     I[A]     R[ohm]     T[C]           LUstate          Timestamp
 0        500         0        1.6330    0.0733  22.2678    24.1915       0b00010101000100    20190528T132845863081
 1        809         0        1.6373    0.3217   5.0899    24.1598     0b1111111111111101    20190528T132845906416
 2        498         0        1.6455    0.0742  22.1865    24.2232       0b00000001000000    20190528T132845949777
 3        803         0        1.6373    0.3208   5.1034    24.1915     0b1111011111010101    20190528T132845993069
 4        500         0        1.6219    0.0726  22.3460    24.1915       0b00010101000100    20190528T132846036507
 5        804         0        1.6230    0.3213   5.0521    24.2232     0b1111011111011101    20190528T132846079605
 6        494         0        1.6155    0.0708  22.8071    24.1915       0b00000000000000    20190528T132846122470
 7        799         0        1.6103    0.3160   5.0957    24.1915      0b101010101010101    20190528T132846165388
 8        498         0        1.6010    0.0717  22.3388    24.2232       0b00000001000000    20190528T132846208234
 9        801         0        1.6133    0.3191   5.0559    24.2232      0b101010111010101    20190528T132846251079
10        499         0        1.6154    0.0717  22.5408    24.2232       0b00000101000100    20190528T132846294003
11        804         0        1.6178    0.3208   5.0426    24.1915     0b1111011111011101    20190528T132846336823
12        500         0        1.6219    0.0738  21.9667    24.2232       0b00010101000100    20190528T132846379705
13        802         0        1.6298    0.3225   5.0535    24.1915      0b101011111010101    20190528T132846422497
14        500         0        1.6320    0.0742  22.0045    24.1915       0b00010101000100    20190528T132846465344
15        802         0        1.6222    0.3185   5.0934    24.2232      0b101011111010101    20190528T132846508211
 0        514        50        1.8901    0.0857  22.0631    24.2866       0b00010101000100    20190528T132858627548
 1        871        50        1.8959    0.3731   5.0816    24.2866     0b1111111111111101    20190528T132858670668
 2        513        50        1.9049    0.0859  22.1709    24.2866       0b00000001000000    20190528T132858713757
 3        866        50        1.8960    0.3725   5.0899    24.2866     0b1101111111010101    20190528T132858756485
 4        514        50        1.8773    0.0848  22.1287    24.2866       0b00010101000100    20190528T132858799368
 5        867        50        1.8787    0.3725   5.0434    24.2866     0b1111111111011101    20190528T132858842138
 6        509        50        1.8683    0.0825  22.6455    24.2866       0b00000000000000    20190528T132858884971
 7        861        50        1.8630    0.3658   5.0925    24.3183      0b101010101010101    20190528T132858927769
 8        513        50        1.8518    0.0833  22.2210    24.3183       0b00000001000000    20190528T132858970653
 9        865        50        1.8683    0.3700   5.0493    24.2866      0b101010111010101    20190528T132859013548
10        513        50        1.8697    0.0834  22.4146    24.3183       0b00000001000000    20190528T132859057645
11        865        50        1.8740    0.3717   5.0420    24.2549      0b101010111010101    20190528T132859097288
12        515        50        1.8765    0.0858  21.8621    24.2866       0b00010101010101    20190528T132859140136
13        866        50        1.8870    0.3737   5.0500    24.2866     0b1101111111010101    20190528T132859183425
14        515        50        1.8891    0.0864  21.8604    24.2866       0b00010101010101    20190528T132859226274
15        865        50        1.8765    0.3691   5.0842    24.2866      0b101010111010101    20190528T132859269146
 0        529       100        2.1397    0.0973  22.0026    20.2917       0b00010101000100    20190528T132911395365
 1        931       100        2.1448    0.4225   5.0766    24.3183     0b1111111111111101    20190528T132911438461
 2        528       100        2.1540    0.0982  21.9423    24.3500       0b00010101000000    20190528T132911481770
 3        927       100        2.1465    0.4224   5.0815    24.3183     0b1111010111010101    20190528T132911524770
 4        529       100        2.1307    0.0967  22.0422    24.3183       0b00010101000100    20190528T132911567668
 5        929       100        2.1322    0.4233   5.0368    24.3183     0b1111011111011101    20190528T132911610427
 6        523       100        2.1225    0.0948  22.3814    24.3183       0b00000000000000    20190528T132911653265
 7        922       100        2.1153    0.4160   5.0849    28.3767      0b101010101010101    20190528T132911696071
 8        527       100        2.1082    0.0956  22.0567    24.3183       0b00000001000000    20190528T132911738919
 9        928       100        2.1254    0.4216   5.0415    24.3500     0b1111010111011101    20190528T132911781634
10        527       100        2.1247    0.0951  22.3462    24.3183       0b00000001000000    20190528T132911824432
11        930       100        2.1322    0.4233   5.0368    24.3183     0b1111011111111101    20190528T132911867288
12        529       100        2.1292    0.0976  21.8198    24.3183       0b00010101000100    20190528T132911910158
13        926       100        2.1406    0.4241   5.0475    24.3500      0b101010111010101    20190528T132911953000
14        530       100        2.1450    0.0984  21.7951    24.3183       0b01010101010101    20190528T132911997336
15        926       100        2.1300    0.4194   5.0785    24.3183      0b101010111010101    20190528T132912040301
 0        543       150        2.3798    0.1087  21.8995    24.3500       0b00010101000100    20190528T132924155030
 1        992       150        2.3858    0.4707   5.0680    20.2917     0b1111111111111101    20190528T132924198328
 2        541       150        2.3947    0.1092  21.9366    24.3500       0b00000001000000    20190528T132924241677
 3        987       150        2.3873    0.4702   5.0775    24.3500     0b1101010111010101    20190528T132924284686
 4        543       150        2.3728    0.1081  21.9532    24.3500       0b00010101000100    20190528T132924327472
 5        989       150        2.3730    0.4718   5.0302    24.3500     0b1111011111011101    20190528T132924370189
 6        538       150        2.3618    0.1058  22.3157    24.3500       0b00000000000000    20190528T132924413094
 7        981       150        2.3550    0.4636   5.0800    24.3500      0b101010101010101    20190528T132924455998
 8        542       150        2.3535    0.1070  21.9953    24.3500       0b00000001000100    20190528T132924498828
 9        988       150        2.3715    0.4708   5.0368    24.3500     0b1101010111011101    20190528T132924541593
10        542       150        2.3706    0.1067  22.2244    20.2917       0b00000001000100    20190528T132924584468
11        990       150        2.3790    0.4727   5.0331    24.3500     0b1111011111111101    20190528T132924627334
12        543       150        2.3701    0.1090  21.7438    24.3500       0b00010101000100    20190528T132924670185
13        988       150        2.3828    0.4725   5.0429    24.3500     0b1101010111011101    20190528T132924712960
14        545       150        2.3865    0.1100  21.6955    24.3500       0b01010101010101    20190528T132924755828
15        986       150        2.3700    0.4672   5.0731    24.3500      0b101010111010101    20190528T132924798597
 0        557       200        2.6213    0.1201  21.8286    24.3500       0b00010101000100    20190528T132936914187
 1       1048       200        2.6258    0.5183   5.0658    24.3500     0b1111010111111101    20190528T132936957474
 2        556       200        2.6362    0.1208  21.8323    24.3500       0b00010001000000    20190528T132937000701
 3       1043       200        2.6295    0.5183   5.0730    24.3817      0b101010111010101    20190528T132937043685
 4        558       200        2.6147    0.1192  21.9264    24.3500       0b00010101000101    20190528T132937087043
 5       1046       200        2.6152    0.5200   5.0292    24.3500     0b1101010111011101    20190528T132937129984
 6        551       200        2.6017    0.1172  22.2055    24.3500       0b00000000000000    20190528T132937172905
 7       1038       200        2.5950    0.5112   5.0766    24.3500      0b101010101010101    20190528T132937215775
 8        556       200        2.5957    0.1183  21.9359    24.3817       0b00010001000000    20190528T132937258637
 9       1048       200        2.6152    0.5192   5.0374    24.3500     0b1111010111111101    20190528T132937301380
10        555       200        2.6130    0.1178  22.1911    24.3500       0b00000001000000    20190528T132937344273
11       1051       200        2.6242    0.5217   5.0305    24.3817     0b1111011111111111    20190528T132937387138
12        558       200        2.6101    0.1200  21.7512    24.3500       0b00010101000101    20190528T132937429871
13       1047       200        2.6258    0.5208   5.0416    24.3500     0b1101010111111101    20190528T132937472647
14        559       200        2.6304    0.1217  21.6197    24.3500       0b01010101010101    20190528T132937515498
15       1044       200        2.6115    0.5151   5.0701    24.3817      0b101010111011101    20190528T132937558251
 0        571       250        2.8642    0.1314  21.7946    24.3500       0b00010001000100    20190528T132949681603
 1       1111       250        2.8702    0.5662   5.0689    24.3183     0b1111011111111101    20190528T132949724711
 2        568       250        2.8815    0.1325  21.7472    20.2917       0b00000001000000    20190528T132949767677
 3       1103       250        2.8732    0.5670   5.0675    24.3183      0b101010111010101    20190528T132949810413
 4        571       250        2.8590    0.1307  21.8801    24.3500       0b00010001000100    20190528T132949853342
 5       1105       250        2.8590    0.5689   5.0253    24.3500     0b1101010111011101    20190528T132949896164
 6        565       250        2.8454    0.1283  22.1721    28.3767       0b00000000000000    20190528T132949939059
 7       1100       250        2.8373    0.5589   5.0763    24.3183      0b101010101010101    20190528T132949981967
 8        571       250        2.8388    0.1297  21.8927    24.3500       0b00010001000100    20190528T132950024768
 9       1106       250        2.8612    0.5687   5.0315    20.2917     0b1101010111111101    20190528T132950067549
10        570       250        2.8591    0.1291  22.1491    24.3183       0b00000001000100    20190528T132950110421
11       1112       250        2.8710    0.5709   5.0288    24.3500     0b1111011111111111    20190528T132950153135
12        571       250        2.8545    0.1313  21.7486    24.3183       0b00010001000100    20190528T132950195919
13       1107       250        2.8710    0.5690   5.0457    24.3500     0b1101011111111101    20190528T132950238671
14        572       250        2.8765    0.1328  21.6689    24.3500       0b01010101010101    20190528T132950281511
15       1103       250        2.8551    0.5632   5.0697    24.3500      0b101010111010101    20190528T132950324263
