CH# Vset[DAC]   V[V]    dVRMS[mV] dVpp[mV]    I[A]  dIRMS[mA] dIpp[mA]   R[ohm]   T[C]   State                Timestamp
 0     250     2.8678      0.3       0.7     0.0012      0.4    0.8    2458.157   25.1   0b1111111111111111    20190606T151716743897
 1     250     2.8499      0.2       0.8    -0.0007      0.2    0.8    -666.000   25.1   0b1111111111111111    20190606T151716744410
 2     250     2.8470      0.0       0.0     0.0016      0.3    0.8    1798.105   25.1   0b1111111111111111    20190606T151716744740
 3     250     2.8433      0.0       0.0     0.0027      0.3    0.8    1066.219   25.1   0b1111111111111111    20190606T151716745042
 4     250     2.8485      0.0       0.0     0.0014      0.4    0.8    2010.706   25.1   0b1111111111111111    20190606T151716745391
 5     250     2.8535      0.4       0.8    -0.0002      0.3    0.8    -666.000   25.1   0b1111111111111111    20190606T151716745687
 6     250     2.8373      0.0       0.0     0.0007      0.2    0.8    3783.000   25.1   0b1111111111111111    20190606T151716745979
 7     250     2.8680      0.0       0.0     0.0023      0.3    0.8    1229.143   25.1   0b1111111111111111    20190606T151716746322
 8     250     2.8328      0.0       0.0     0.0016      0.4    1.7    1789.105   25.1   0b1111111111111111    20190606T151716746616
 9     250     2.8508      0.0       0.0    -0.0003      0.4    0.8    -666.000   25.1   0b1111111111111111    20190606T151716746961
10     250     2.8350      0.0       0.0     0.0028      0.4    0.8    1000.588   25.1   0b1111111111111111    20190606T151716747323
11     250     2.8436      0.4       0.8     0.0004      0.4    0.8    6824.520   25.1   0b1111111111111111    20190606T151716747617
12     250     2.8237      0.0       0.0     0.0014      0.4    0.8    1993.235   25.1   0b1111111111111111    20190606T151716747902
13     250     2.8176      0.3       0.8     0.0030      0.4    0.8     939.200   25.1   0b1111111111111111    20190606T151716748187
14     250     2.8275      0.0       0.0     0.0037      0.4    0.8     771.136   25.1   0b1111111111111111    20190606T151716748443
15     250     2.8178      0.0       0.0     0.0007      0.4    1.7    3757.000   25.1   0b1111111111111111    20190606T151716748581
 0     240     2.8185      0.0       0.0     0.0011      0.4    0.8    2601.692   25.1   0b1111111111111111    20190606T151720213337
 1     240     2.8013      0.0       0.0    -0.0009      0.3    0.8    -666.000   25.1   0b1111111111111111    20190606T151720213901
 2     240     2.7986      0.4       0.8     0.0014      0.4    0.8    1975.500   25.1   0b1111111111111111    20190606T151720214314
 3     240     2.7950      0.3       0.8     0.0025      0.0    0.0    1118.010   25.1   0b1111111111111111    20190606T151720214647
 4     240     2.7997      0.0       0.0     0.0013      0.4    0.8    2099.812   25.1   0b1111111111111111    20190606T151720214999
 5     240     2.8050      0.0       0.0    -0.0002      0.4    0.8    -666.000   25.1   0b1111111111111111    20190606T151720215353
 6     240     2.7892      0.0       0.0     0.0008      0.0    0.0    3347.100   25.1   0b1111111111111111    20190606T151720215655
 7     240     2.8193      0.0       0.0     0.0024      0.2    0.8    1166.586   25.1   0b1111111111111111    20190606T151720215948
 8     240     2.7847      0.0       0.0     0.0015      0.3    0.8    1856.500   25.1   0b1111111111111111    20190606T151720216291
 9     240     2.8021      0.2       0.7    -0.0002      0.3    0.8    -666.000   25.1   0b1111111111111111    20190606T151720216584
10     240     2.7862      0.0       0.0     0.0028      0.4    0.8     983.382   25.1   0b1111111111111111    20190606T151720216872
11     240     2.7952      0.0       0.0     0.0002      0.3    0.8   16771.500   25.1   0b1111111111111111    20190606T151720217215
12     240     2.7757      0.0       0.0     0.0014      0.4    0.8    1959.353   25.1   0b1111111111111111    20190606T151720217505
13     240     2.7697      0.0       0.0     0.0028      0.4    0.8     977.559   25.1   0b1111111111111111    20190606T151720217791
14     240     2.7795      0.0       0.0     0.0039      0.4    0.8     709.660   25.1   0b1111111111111111    20190606T151720218118
15     240     2.7701      0.4       0.8     0.0007      0.4    1.7    3693.500   25.1   0b1111111111111111    20190606T151720218417
 0     230     2.7705      0.0       0.0     0.0010      0.3    0.8    2770.500   25.1   0b1111111111111111    20190606T151723698039
 1     230     2.7540      0.0       0.0    -0.0010      0.3    0.8    -666.000   25.1   0b1111111111111111    20190606T151723698537
 2     230     2.7515      0.4       0.8     0.0013      0.4    0.8    2201.160   25.1   0b1111111111111111    20190606T151723698861
 3     230     2.7480      0.0       0.0     0.0025      0.4    1.7    1099.200   25.1   0b1111111111111111    20190606T151723699224
 4     230     2.7527      0.3       0.7     0.0015      0.3    0.8    1835.100   25.1   0b1111111111111111    20190606T151723699525
 5     230     2.7576      0.3       0.8    -0.0002      0.3    0.8    -666.000   25.1   0b1111111111111111    20190606T151723699814
 6     230     2.7420      0.0       0.0     0.0007      0.2    0.8    3656.000   25.1   0b1111111111111111    20190606T151723700139
 7     230     2.7717      0.4       0.7     0.0024      0.2    0.8    1146.910   25.1   0b1111111111111111    20190606T151723700443
 8     230     2.7383      0.0       0.0     0.0013      0.4    0.8    2190.600   25.1   0b1111111111111111    20190606T151723700732
 9     230     2.7548      0.0       0.0    -0.0004      0.4    0.8    -666.000   25.1   0b1111111111111111    20190606T151723701017
10     230     2.7398      0.0       0.0     0.0026      0.2    0.8    1060.548   25.1   0b1111111111111111    20190606T151723701347
11     230     2.7487      0.2       0.7     0.0006      0.4    0.8    4712.014   25.1   0b1111111111111111    20190606T151723701645
12     230     2.7294      0.3       0.7     0.0015      0.3    0.8    1819.600   25.1   0b1111111111111111    20190606T151723702057
13     230     2.7240      0.0       0.0     0.0029      0.4    0.8     933.943   25.1   0b1111111111111111    20190606T151723702432
14     230     2.7330      0.0       0.0     0.0035      0.3    0.8     780.857   25.1   0b1111111111111111    20190606T151723702721
15     230     2.7239      0.3       0.8     0.0007      0.2    0.8    3631.800   25.1   0b1111111111111111    20190606T151723703029
 0     220     2.7218      0.0       0.0     0.0011      0.4    0.8    2512.385   25.1   0b1111111111111111    20190606T151727192336
 1     220     2.7052      0.0       0.0    -0.0009      0.3    0.8    -666.000   25.1   0b1111111111111111    20190606T151727192763
 2     220     2.7022      0.0       0.0     0.0011      0.4    0.8    2494.385   25.1   0b1111111111111111    20190606T151727193118
 3     220     2.6987      0.3       0.8     0.0024      0.2    0.8    1116.714   25.1   0b1111111111111111    20190606T151727193458
 4     220     2.7039      0.3       0.8     0.0014      0.4    0.8    1908.635   25.1   0b1111111111111111    20190606T151727193760
 5     220     2.7093      0.4       0.8    -0.0001      0.2    0.8    -666.000   25.1   0b1111111111111111    20190606T151727194395
 6     220     2.6940      0.0       0.0     0.0007      0.2    0.8    3592.000   25.1   0b1111111111111111    20190606T151727194720
 7     220     2.7235      0.3       0.8     0.0023      0.4    0.8    1210.433   25.1   0b1111111111111111    20190606T151727195015
 8     220     2.6895      0.0       0.0     0.0011      0.4    0.8    2482.615   25.1   0b1111111111111111    20190606T151727195362
 9     220     2.7083      0.0       0.0    -0.0007      0.3    0.8    -666.000   25.1   0b1111111111111111    20190606T151727195659
10     220     2.6924      0.2       0.8     0.0025      0.0    0.0    1076.970   25.1   0b1111111111111111    20190606T151727195949
11     220     2.7007      0.0       0.0     0.0002      0.4    0.8   10803.000   25.1   0b1111111111111111    20190606T151727196293
12     220     2.6820      0.0       0.0     0.0013      0.4    0.8    2145.600   25.1   0b1111111111111111    20190606T151727196591
13     220     2.6760      0.0       0.0     0.0026      0.2    0.8    1035.871   25.1   0b1111111111111111    20190606T151727196850
14     220     2.6857      0.0       0.0     0.0034      0.2    0.8     786.073   25.1   0b1111111111111111    20190606T151727196992
15     220     2.6760      0.0       0.0     0.0007      0.3    0.8    4014.000   25.1   0b1111111111111111    20190606T151727197227
 0     210     2.6719      0.4       0.8     0.0009      0.3    0.8    2914.773   25.1   0b1111111111111111    20190606T151730653325
 1     210     2.6562      0.4       0.8    -0.0011      0.4    0.8    -666.000   25.1   0b1111111111111111    20190606T151730653728
 2     210     2.6535      0.0       0.0     0.0012      0.4    0.8    2274.429   25.1   0b1111111111111111    20190606T151730654045
 3     210     2.6498      0.0       0.0     0.0024      0.2    0.8    1096.448   25.1   0b1111111111111111    20190606T151730654369
 4     210     2.6550      0.0       0.0     0.0013      0.4    0.8    1991.250   25.1   0b1111111111111111    20190606T151730654666
 5     210     2.6603      0.0       0.0    -0.0002      0.4    0.8    -666.000   25.1   0b1111111111111111    20190606T151730654953
 6     210     2.6453      0.2       0.8     0.0007      0.2    0.8    3527.100   25.1   0b1111111111111111    20190606T151730655263
 7     210     2.6743      0.3       0.8     0.0023      0.4    0.8    1188.567   25.1   0b1111111111111111    20190606T151730655551
 8     210     2.6410      0.3       0.8     0.0009      0.3    0.8    2881.064   25.1   0b1111111111111111    20190606T151730655836
 9     210     2.6595      0.0       0.0    -0.0007      0.2    0.8    -666.000   25.1   0b1111111111111111    20190606T151730656120
10     210     2.6438      0.0       0.0     0.0025      0.0    0.0    1057.500   25.1   0b1111111111111111    20190606T151730656473
11     210     2.6522      0.3       0.7     0.0000      0.0    0.0    -666.000   25.1   0b1111111111111111    20190606T151730656765
12     210     2.6339      0.2       0.7     0.0011      0.4    0.8    2431.315   25.1   0b1111111111111111    20190606T151730657049
13     210     2.6280      0.0       0.0     0.0028      0.4    0.8     955.636   25.1   0b1111111111111111    20190606T151730657353
14     210     2.6370      0.0       0.0     0.0034      0.2    0.8     771.805   25.1   0b1111111111111111    20190606T151730657639
15     210     2.6280      0.0       0.0     0.0006      0.4    0.8    4505.143   25.1   0b1111111111111111    20190606T151730657922
 0     200     2.6220      0.0       0.0     0.0007      0.2    0.8    3496.000   25.1   0b1111111111111111    20190606T151734107964
 1     200     2.6068      0.3       0.8    -0.0012      0.4    0.8    -666.000   25.1   0b1111111111111111    20190606T151734108395
 2     200     2.6040      0.0       0.0     0.0009      0.3    0.8    2840.727   25.1   0b1111111111111111    20190606T151734108717
 3     200     2.6008      0.3       0.8     0.0023      0.4    0.8    1155.933   25.1   0b1111111111111111    20190606T151734109015
 4     200     2.6061      0.3       0.8     0.0012      0.4    0.8    2233.800   25.1   0b1111111111111111    20190606T151734109331
 5     200     2.6113      0.3       0.8    -0.0003      0.4    0.8    -666.000   25.1   0b1111111111111111    20190606T151734109624
 6     200     2.5965      0.0       0.0     0.0004      0.4    0.8    6231.600   25.1   0b1111111111111111    20190606T151734109911
 7     200     2.6250      0.0       0.0     0.0020      0.4    0.8    1312.500   25.1   0b1111111111111111    20190606T151734110197
 8     200     2.5927      0.0       0.0     0.0009      0.3    0.8    2828.455   25.1   0b1111111111111111    20190606T151734110540
 9     200     2.6103      0.4       0.8    -0.0008      0.0    0.0    -666.000   25.1   0b1111111111111111    20190606T151734110827
10     200     2.5950      0.0       0.0     0.0025      0.0    0.0    1038.000   25.1   0b1111111111111111    20190606T151734111161
11     200     2.6034      0.3       0.8     0.0002      0.3    0.8   15620.400   25.1   0b1111111111111111    20190606T151734111488
12     200     2.5852      0.0       0.0     0.0008      0.0    0.0    3102.300   25.1   0b1111111111111111    20190606T151734111813
13     200     2.5800      0.0       0.0     0.0026      0.2    0.8     998.710   25.1   0b1111111111111111    20190606T151734112102
14     200     2.5890      0.0       0.0     0.0035      0.3    0.8     739.714   25.1   0b1111111111111111    20190606T151734112405
15     200     2.5793      0.0       0.0     0.0004      0.4    0.8    6190.200   25.1   0b1111111111111111    20190606T151734112690
 0     190     2.5754      0.2       0.8     0.0007      0.2    0.8    3433.900   25.1   0b1111111111111111    20190606T151737555758
 1     190     2.5598      0.0       0.0    -0.0014      0.4    0.8    -666.000   25.1   0b1111111111111111    20190606T151737556174
 2     190     2.5560      0.0       0.0     0.0008      0.0    0.0    3067.200   25.1   0b1111111111111111    20190606T151737556521
 3     190     2.5537      0.2       0.8     0.0022      0.4    0.8    1178.619   25.1   0b1111111111111111    20190606T151737556828
 4     190     2.5590      0.0       0.0     0.0012      0.4    0.8    2193.429   25.1   0b1111111111111111    20190606T151737557122
 5     190     2.5639      0.4       0.8    -0.0006      0.4    0.8    -666.000   25.1   0b1111111111111111    20190606T151737557413
 6     190     2.5500      0.0       0.0     0.0004      0.4    0.8    6120.000   25.1   0b1111111111111111    20190606T151737557723
 7     190     2.5770      0.0       0.0     0.0018      0.3    0.8    1405.636   25.1   0b1111111111111111    20190606T151737558009
 8     190     2.5469      0.3       0.7     0.0009      0.3    0.8    2778.382   25.1   0b1111111111111111    20190606T151737558295
 9     190     2.5635      0.0       0.0    -0.0008      0.0    0.0    -666.000   25.1   0b1111111111111111    20190606T151737558619
10     190     2.5493      0.0       0.0     0.0024      0.2    0.8    1054.862   25.1   0b1111111111111111    20190606T151737558759
11     190     2.5568      0.0       0.0     0.0000      0.0    0.0    -666.000   25.1   0b1111111111111111    20190606T151737558918
12     190     2.5395      0.0       0.0     0.0010      0.3    0.8    2539.500   25.1   0b1111111111111111    20190606T151737559064
13     190     2.5339      0.4       0.8     0.0026      0.2    0.8     980.884   25.1   0b1111111111111111    20190606T151737559202
14     190     2.5433      0.0       0.0     0.0033      0.0    0.0     762.975   25.1   0b1111111111111111    20190606T151737559339
15     190     2.5335      0.0       0.0     0.0001      0.2    0.8   30402.000   25.1   0b1111111111111111    20190606T151737559490
 0     180     2.5255      0.4       0.7     0.0007      0.2    0.8    3367.400   25.1   0b1111111111111111    20190606T151741012564
 1     180     2.5105      0.3       0.8    -0.0015      0.3    0.8    -666.000   25.1   0b1111111111111111    20190606T151741012956
 2     180     2.5072      0.0       0.0     0.0009      0.3    0.8    2735.182   25.1   0b1111111111111111    20190606T151741013261
 3     180     2.5048      0.3       0.8     0.0022      0.4    0.8    1156.050   25.1   0b1111111111111111    20190606T151741013597
 4     180     2.5097      0.3       0.8     0.0008      0.0    0.0    3011.670   25.1   0b1111111111111111    20190606T151741013891
 5     180     2.5149      0.3       0.8    -0.0008      0.0    0.0    -666.000   25.1   0b1111111111111111    20190606T151741014179
 6     180     2.5012      0.0       0.0     0.0003      0.4    0.8    7503.750   25.1   0b1111111111111111    20190606T151741014517
 7     180     2.5275      0.0       0.0     0.0019      0.4    0.8    1318.696   25.1   0b1111111111111111    20190606T151741014807
 8     180     2.4984      0.3       0.8     0.0007      0.2    0.8    3331.200   25.1   0b1111111111111111    20190606T151741015094
 9     180     2.5148      0.2       0.8    -0.0008      0.0    0.0    -666.000   25.1   0b1111111111111111    20190606T151741015429
10     180     2.5007      0.3       0.8     0.0025      0.0    0.0    1000.290   25.1   0b1111111111111111    20190606T151741015719
11     180     2.5087      0.0       0.0     0.0000      0.0    0.0    -666.000   25.1   0b1111111111111111    20190606T151741016016
12     180     2.4913      0.3       0.8     0.0008      0.0    0.0    2989.530   25.1   0b1111111111111111    20190606T151741016301
13     180     2.4855      0.0       0.0     0.0025      0.0    0.0     994.200   25.1   0b1111111111111111    20190606T151741016651
14     180     2.4945      0.0       0.0     0.0033      0.0    0.0     748.350   25.1   0b1111111111111111    20190606T151741016935
15     180     2.4855      0.0       0.0     0.0001      0.2    0.8   29826.000   25.1   0b1111111111111111    20190606T151741017220
 0     170     2.4764      0.2       0.8     0.0007      0.3    0.8    3714.638   25.1   0b1111111111111111    20190606T151744456774
 1     170     2.4615      0.0       0.0    -0.0014      0.4    0.8    -666.000   25.1   0b1111111111111111    20190606T151744457180
 2     170     2.4585      0.0       0.0     0.0008      0.0    0.0    2950.200   25.1   0b1111111111111111    20190606T151744457537
 3     170     2.4560      0.4       0.8     0.0018      0.3    0.8    1339.609   25.1   0b1111111111111111    20190606T151744457842
 4     170     2.4608      0.2       0.8     0.0008      0.0    0.0    2952.990   25.1   0b1111111111111111    20190606T151744458133
 5     170     2.4660      0.0       0.0    -0.0007      0.2    0.8    -666.000   25.1   0b1111111111111111    20190606T151744458417
 6     170     2.4533      0.0       0.0     0.0002      0.3    0.8   14719.500   25.1   0b1111111111111111    20190606T151744458559
 7     170     2.4787      0.0       0.0     0.0018      0.2    0.8    1416.429   25.1   0b1111111111111111    20190606T151744458698
 8     170     2.4503      0.0       0.0     0.0008      0.0    0.0    2940.300   25.1   0b1111111111111111    20190606T151744458838
 9     170     2.4662      0.3       0.8    -0.0008      0.0    0.0    -666.000   25.1   0b1111111111111111    20190606T151744458976
10     170     2.4525      0.0       0.0     0.0023      0.3    0.8    1051.071   25.1   0b1111111111111111    20190606T151744459114
11     170     2.4600      0.0       0.0     0.0000      0.0    0.0    -666.000   25.1   0b1111111111111111    20190606T151744459263
12     170     2.4430      0.3       0.7     0.0009      0.3    0.8    2665.064   25.1   0b1111111111111111    20190606T151744459401
13     170     2.4383      0.0       0.0     0.0026      0.2    0.8     943.839   25.1   0b1111111111111111    20190606T151744459540
14     170     2.4465      0.0       0.0     0.0033      0.0    0.0     733.950   25.1   0b1111111111111111    20190606T151744459699
15     170     2.4374      0.2       0.8     0.0000      0.0    0.0    -666.000   25.1   0b1111111111111111    20190606T151744459843
 0     160     2.4263      0.0       0.0     0.0006      0.4    0.8    4159.286   25.1   0b1111111111111111    20190606T151747902287
 1     160     2.4122      0.3       0.7    -0.0012      0.4    0.8    -666.000   25.1   0b1111111111111111    20190606T151747902690
 2     160     2.4090      0.0       0.0     0.0007      0.2    0.8    3212.000   25.1   0b1111111111111111    20190606T151747902992
 3     160     2.4067      0.0       0.0     0.0017      0.0    0.0    1444.050   25.1   0b1111111111111111    20190606T151747903308
 4     160     2.4122      0.3       0.7     0.0008      0.0    0.0    2894.580   25.1   0b1111111111111111    20190606T151747903601
 5     160     2.4172      0.0       0.0    -0.0008      0.0    0.0    -666.000   25.1   0b1111111111111111    20190606T151747903888
 6     160     2.4041      0.4       0.8     0.0001      0.2    0.8   28849.500   25.1   0b1111111111111111    20190606T151747904174
 7     160     2.4293      0.0       0.0     0.0018      0.2    0.8    1388.143   25.1   0b1111111111111111    20190606T151747904511
 8     160     2.4022      0.2       0.8     0.0008      0.0    0.0    2882.610   25.1   0b1111111111111111    20190606T151747904818
 9     160     2.4173      0.2       0.8    -0.0008      0.0    0.0    -666.000   25.1   0b1111111111111111    20190606T151747905103
10     160     2.4044      0.2       0.8     0.0022      0.4    0.8    1109.735   25.1   0b1111111111111111    20190606T151747905419
11     160     2.4113      0.2       0.8    -0.0001      0.2    0.8    -666.000   25.1   0b1111111111111111    20190606T151747905705
12     160     2.3948      0.2       0.8     0.0008      0.0    0.0    2873.790   25.1   0b1111111111111111    20190606T151747905988
13     160     2.3903      0.0       0.0     0.0025      0.0    0.0     956.100   25.1   0b1111111111111111    20190606T151747906295
14     160     2.3985      0.0       0.0     0.0032      0.3    0.8     757.421   25.1   0b1111111111111111    20190606T151747906580
15     160     2.3888      0.0       0.0     0.0000      0.0    0.0    -666.000   25.1   0b1111111111111111    20190606T151747906862
 0     150     2.3798      0.0       0.0     0.0004      0.4    0.8    5711.400   25.1   0b1111111111111111    20190606T151751345013
 1     150     2.3655      0.0       0.0    -0.0016      0.3    0.8    -666.000   25.1   0b1111111111111111    20190606T151751345461
 2     150     2.3625      0.0       0.0     0.0008      0.0    0.0    2835.000   25.1   0b1111111111111111    20190606T151751345786
 3     150     2.3603      0.0       0.0     0.0017      0.0    0.0    1416.150   25.1   0b1111111111111111    20190606T151751346087
 4     150     2.3655      0.0       0.0     0.0008      0.0    0.0    2838.600   25.1   0b1111111111111111    20190606T151751346400
 5     150     2.3702      0.3       0.8    -0.0008      0.0    0.0    -666.000   25.1   0b1111111111111111    20190606T151751346693
 6     150     2.3581      0.2       0.7     0.0001      0.2    0.8   28296.900   25.1   0b1111111111111111    20190606T151751346982
 7     150     2.3819      0.2       0.8     0.0017      0.0    0.0    1429.155   25.1   0b1111111111111111    20190606T151751347307
 8     150     2.3565      0.0       0.0     0.0007      0.2    0.8    3142.000   25.1   0b1111111111111111    20190606T151751347623
 9     150     2.3720      0.4       0.8    -0.0009      0.3    0.8    -666.000   25.1   0b1111111111111111    20190606T151751347909
10     150     2.3588      0.0       0.0     0.0020      0.4    0.8    1179.375   25.1   0b1111111111111111    20190606T151751348193
11     150     2.3655      0.0       0.0    -0.0001      0.2    0.8    -666.000   25.1   0b1111111111111111    20190606T151751348450
12     150     2.3491      0.2       0.8     0.0008      0.0    0.0    2818.890   25.1   0b1111111111111111    20190606T151751348588
13     150     2.3440      0.3       0.8     0.0025      0.0    0.0     937.590   25.1   0b1111111111111111    20190606T151751348726
14     150     2.3520      0.0       0.0     0.0032      0.3    0.8     742.737   25.1   0b1111111111111111    20190606T151751348864
15     150     2.3438      0.0       0.0    -0.0001      0.2    0.8    -666.000   25.1   0b1111111111111111    20190606T151751349000
 0     140     2.3305      0.4       0.8     0.0004      0.4    0.8    5593.320   25.1   0b1111111111111111    20190606T151754791588
 1     140     2.3167      0.0       0.0    -0.0015      0.3    0.8    -666.000   25.1   0b1111111111111111    20190606T151754792000
 2     140     2.3137      0.0       0.0     0.0005      0.4    0.8    4627.500   25.1   0b1111111111111111    20190606T151754792351
 3     140     2.3117      0.3       0.8     0.0016      0.3    0.8    1460.037   25.1   0b1111111111111111    20190606T151754792655
 4     140     2.3173      0.3       0.8     0.0007      0.2    0.8    3089.700   25.1   0b1111111111111111    20190606T151754792949
 5     140     2.3219      0.2       0.8    -0.0007      0.2    0.8    -666.000   25.1   0b1111111111111111    20190606T151754793265
 6     140     2.3100      0.0       0.0     0.0000      0.0    0.0    -666.000   25.1   0b1111111111111111    20190606T151754793556
 7     140     2.3332      0.2       0.7     0.0017      0.0    0.0    1399.905   25.1   0b1111111111111111    20190606T151754793841
 8     140     2.3085      0.0       0.0     0.0005      0.4    0.8    4617.000   25.1   0b1111111111111111    20190606T151754794182
 9     140     2.3235      0.0       0.0    -0.0010      0.3    0.8    -666.000   25.1   0b1111111111111111    20190606T151754794501
10     140     2.3107      0.0       0.0     0.0018      0.2    0.8    1320.429   25.1   0b1111111111111111    20190606T151754794787
11     140     2.3175      0.0       0.0    -0.0002      0.3    0.8    -666.000   25.1   0b1111111111111111    20190606T151754795070
12     140     2.3017      0.0       0.0     0.0008      0.0    0.0    2762.100   25.1   0b1111111111111111    20190606T151754795375
13     140     2.2965      0.0       0.0     0.0024      0.2    0.8     950.276   25.1   0b1111111111111111    20190606T151754795659
14     140     2.3047      0.2       0.8     0.0030      0.4    0.8     768.225   25.1   0b1111111111111111    20190606T151754795941
15     140     2.2965      0.0       0.0    -0.0002      0.3    0.8    -666.000   25.1   0b1111111111111111    20190606T151754796241
 0     130     2.2815      0.0       0.0     0.0001      0.2    0.8   27378.000   25.1   0b1111111111111111    20190606T151758239899
 1     130     2.2680      0.0       0.0    -0.0017      0.0    0.0    -666.000   25.1   0b1111111111111111    20190606T151758240359
 2     130     2.2650      0.0       0.0     0.0005      0.4    0.8    4530.000   25.1   0b1111111111111111    20190606T151758240670
 3     130     2.2635      0.0       0.0     0.0017      0.0    0.0    1358.100   25.1   0b1111111111111111    20190606T151758240963
 4     130     2.2688      0.0       0.0     0.0007      0.2    0.8    3025.000   25.1   0b1111111111111111    20190606T151758241275
 5     130     2.2733      0.0       0.0    -0.0008      0.0    0.0    -666.000   25.1   0b1111111111111111    20190606T151758241566
 6     130     2.2620      0.0       0.0     0.0000      0.0    0.0    -666.000   25.1   0b1111111111111111    20190606T151758241850
 7     130     2.2839      0.3       0.8     0.0016      0.3    0.8    1442.463   25.1   0b1111111111111111    20190606T151758242134
 8     130     2.2605      0.0       0.0     0.0002      0.3    0.8   13563.000   25.1   0b1111111111111111    20190606T151758242440
 9     130     2.2755      0.0       0.0    -0.0012      0.4    0.8    -666.000   25.1   0b1111111111111111    20190606T151758242725
10     130     2.2628      0.0       0.0     0.0018      0.2    0.8    1293.000   25.1   0b1111111111111111    20190606T151758243065
11     130     2.2695      0.0       0.0    -0.0002      0.4    0.8    -666.000   25.1   0b1111111111111111    20190606T151758243383
12     130     2.2538      0.0       0.0     0.0007      0.3    0.8    3380.625   25.1   0b1111111111111111    20190606T151758243669
13     130     2.2492      0.0       0.0     0.0025      0.0    0.0     899.700   25.1   0b1111111111111111    20190606T151758243953
14     130     2.2567      0.0       0.0     0.0030      0.4    0.8     752.250   25.1   0b1111111111111111    20190606T151758244257
15     130     2.2485      0.0       0.0    -0.0002      0.3    0.8    -666.000   25.1   0b1111111111111111    20190606T151758244542
 0     120     2.2327      0.0       0.0     0.0002      0.3    0.8   13396.500   25.1   0b1111111111111111    20190606T151801687450
 1     120     2.2200      0.0       0.0    -0.0016      0.3    0.8    -666.000   25.1   0b1111111111111111    20190606T151801687880
 2     120     2.2162      0.0       0.0     0.0002      0.4    0.8    8865.000   25.1   0b1111111111111111    20190606T151801688206
 3     120     2.2147      0.0       0.0     0.0017      0.0    0.0    1328.850   25.1   0b1111111111111111    20190606T151801688548
 4     120     2.2196      0.4       0.8     0.0006      0.4    0.8    3805.071   25.1   0b1111111111111111    20190606T151801688845
 5     120     2.2252      0.0       0.0    -0.0008      0.0    0.0    -666.000   25.1   0b1111111111111111    20190606T151801689137
 6     120     2.2140      0.0       0.0     0.0000      0.0    0.0    -666.000   25.1   0b1111111111111111    20190606T151801689448
 7     120     2.2365      0.0       0.0     0.0016      0.3    0.8    1412.526   25.1   0b1111111111111111    20190606T151801689747
 8     120     2.2132      0.0       0.0     0.0002      0.3    0.8   13279.500   25.1   0b1111111111111111    20190606T151801690095
 9     120     2.2290      0.0       0.0    -0.0015      0.3    0.8    -666.000   25.1   0b1111111111111111    20190606T151801690411
10     120     2.2162      0.0       0.0     0.0017      0.0    0.0    1329.750   25.1   0b1111111111111111    20190606T151801690701
11     120     2.2215      0.0       0.0    -0.0007      0.3    0.8    -666.000   25.1   0b1111111111111111    20190606T151801690986
12     120     2.2058      0.0       0.0     0.0006      0.4    0.8    3781.286   25.1   0b1111111111111111    20190606T151801691297
13     120     2.2005      0.0       0.0     0.0021      0.4    0.8    1056.240   25.1   0b1111111111111111    20190606T151801691585
14     120     2.2080      0.0       0.0     0.0028      0.4    0.8     802.909   25.1   0b1111111111111111    20190606T151801691868
15     120     2.2005      0.0       0.0    -0.0001      0.2    0.8    -666.000   25.1   0b1111111111111111    20190606T151801692152
 0     110     2.1863      0.0       0.0     0.0000      0.0    0.0    -666.000   25.1   0b1111111111111111    20190606T151805136711
 1     110     2.1735      0.0       0.0    -0.0017      0.0    0.0    -666.000   25.1   0b1111111111111111    20190606T151805137112
 2     110     2.1698      0.0       0.0     0.0002      0.3    0.8   13018.500   25.1   0b1111111111111111    20190606T151805137428
 3     110     2.1685      0.3       0.8     0.0016      0.3    0.8    1369.563   25.1   0b1111111111111111    20190606T151805137755
 4     110     2.1728      0.0       0.0     0.0003      0.4    0.8    6518.250   25.1   0b1111111111111111    20190606T151805138052
 5     110     2.1788      0.0       0.0    -0.0008      0.0    0.0    -666.000   25.1   0b1111111111111111    20190606T151805138343
 6     110     2.1675      0.0       0.0     0.0000      0.0    0.0    -666.000   25.1   0b1111111111111111    20190606T151805138667
 7     110     2.1893      0.0       0.0     0.0016      0.3    0.8    1382.684   25.1   0b1111111111111111    20190606T151805138810
 8     110     2.1683      0.0       0.0     0.0002      0.4    0.8    8673.000   25.1   0b1111111111111111    20190606T151805138950
 9     110     2.1825      0.0       0.0    -0.0016      0.3    0.8    -666.000   25.1   0b1111111111111111    20190606T151805139089
10     110     2.1705      0.0       0.0     0.0017      0.0    0.0    1302.300   25.1   0b1111111111111111    20190606T151805139228
11     110     2.1758      0.0       0.0    -0.0007      0.2    0.8    -666.000   25.1   0b1111111111111111    20190606T151805139385
12     110     2.1578      0.0       0.0     0.0007      0.3    0.8    3236.625   25.1   0b1111111111111111    20190606T151805139541
13     110     2.1526      0.2       0.8     0.0023      0.4    0.8     956.700   25.1   0b1111111111111111    20190606T151805139680
14     110     2.1600      0.0       0.0     0.0027      0.3    0.8     810.000   25.1   0b1111111111111111    20190606T151805139848
15     110     2.1525      0.0       0.0    -0.0002      0.3    0.8    -666.000   25.1   0b1111111111111111    20190606T151805139987
 0     100     2.1367      0.0       0.0     0.0000      0.0    0.0    -666.000   25.0   0b1111111111111111    20190606T151808580119
 1     100     2.1247      0.0       0.0    -0.0017      0.0    0.0    -666.000   25.0   0b1111111111111111    20190606T151808580560
 2     100     2.1210      0.0       0.0     0.0000      0.0    0.0    -666.000   25.0   0b1111111111111111    20190606T151808580882
 3     100     2.1201      0.3       0.8     0.0010      0.3    0.8    2120.100   25.0   0b1111111111111111    20190606T151808581182
 4     100     2.1232      0.0       0.0     0.0002      0.4    0.8    8493.000   25.0   0b1111111111111111    20190606T151808581496
 5     100     2.1292      0.0       0.0    -0.0011      0.4    0.8    -666.000   25.0   0b1111111111111111    20190606T151808581791
 6     100     2.1180      0.0       0.0    -0.0002      0.3    0.8    -666.000   25.0   0b1111111111111111    20190606T151808582089
 7     100     2.1394      0.4       0.8     0.0014      0.4    0.8    1510.200   25.0   0b1111111111111111    20190606T151808582376
 8     100     2.1195      0.0       0.0     0.0002      0.3    0.8   12717.000   25.0   0b1111111111111111    20190606T151808582726
 9     100     2.1345      0.0       0.0    -0.0016      0.3    0.8    -666.000   25.0   0b1111111111111111    20190606T151808583016
10     100     2.1225      0.0       0.0     0.0017      0.0    0.0    1273.500   25.0   0b1111111111111111    20190606T151808583300
11     100     2.1277      0.0       0.0    -0.0008      0.0    0.0    -666.000   25.0   0b1111111111111111    20190606T151808583607
12     100     2.1076      0.2       0.7     0.0004      0.4    0.8    5058.180   25.0   0b1111111111111111    20190606T151808583893
13     100     2.1030      0.0       0.0     0.0018      0.3    0.8    1147.091   25.0   0b1111111111111111    20190606T151808584176
14     100     2.1098      0.2       0.8     0.0026      0.2    0.8     816.706   25.0   0b1111111111111111    20190606T151808584460
15     100     2.1030      0.0       0.0    -0.0006      0.4    0.8    -666.000   25.0   0b1111111111111111    20190606T151808584762
 0      90     2.0874      0.3       0.8    -0.0001      0.2    0.8    -666.000   25.0   0b1111111111111111    20190606T151812018551
 1      90     2.0755      0.3       0.7    -0.0017      0.2    0.8    -666.000   25.0   0b1111111111111111    20190606T151812018932
 2      90     2.0715      0.0       0.0     0.0001      0.2    0.8   24858.000   25.0   0b1111111111111111    20190606T151812019278
 3      90     2.0700      0.0       0.0     0.0011      0.4    0.8    1910.769   25.0   0b1111111111111111    20190606T151812019580
 4      90     2.0737      0.0       0.0     0.0002      0.3    0.8   12442.500   25.0   0b1111111111111111    20190606T151812019874
 5      90     2.0798      0.0       0.0    -0.0009      0.3    0.8    -666.000   25.0   0b1111111111111111    20190606T151812020161
 6      90     2.0678      0.0       0.0    -0.0002      0.4    0.8    -666.000   25.0   0b1111111111111111    20190606T151812020471
 7      90     2.0894      0.3       0.8     0.0014      0.4    0.8    1474.835   25.0   0b1111111111111111    20190606T151812020759
 8      90     2.0715      0.0       0.0     0.0000      0.0    0.0    -666.000   25.0   0b1111111111111111    20190606T151812021043
 9      90     2.0858      0.0       0.0    -0.0017      0.0    0.0    -666.000   25.0   0b1111111111111111    20190606T151812021365
10      90     2.0745      0.0       0.0     0.0017      0.0    0.0    1244.700   25.0   0b1111111111111111    20190606T151812021678
11      90     2.0798      0.0       0.0    -0.0008      0.0    0.0    -666.000   25.0   0b1111111111111111    20190606T151812021962
12      90     2.0572      0.0       0.0     0.0001      0.2    0.8   24687.000   25.0   0b1111111111111111    20190606T151812022273
13      90     2.0528      0.0       0.0     0.0019      0.4    0.8    1071.000   25.0   0b1111111111111111    20190606T151812022560
14      90     2.0595      0.0       0.0     0.0025      0.0    0.0     823.800   25.0   0b1111111111111111    20190606T151812022842
15      90     2.0528      0.0       0.0    -0.0007      0.3    0.8    -666.000   25.0   0b1111111111111111    20190606T151812023123
 0      80     2.0370      0.0       0.0    -0.0002      0.3    0.8    -666.000   25.0   0b1111111111111111    20190606T151815460775
 1      80     2.0251      0.2       0.8    -0.0017      0.0    0.0    -666.000   25.0   0b1111111111111111    20190606T151815461182
 2      80     2.0205      0.0       0.0     0.0000      0.0    0.0    -666.000   25.0   0b1111111111111111    20190606T151815461537
 3      80     2.0197      0.0       0.0     0.0011      0.4    0.8    1864.385   25.0   0b1111111111111111    20190606T151815461839
 4      80     2.0227      0.0       0.0     0.0001      0.2    0.8   24273.000   25.0   0b1111111111111111    20190606T151815462159
 5      80     2.0280      0.0       0.0    -0.0011      0.4    0.8    -666.000   25.0   0b1111111111111111    20190606T151815462492
 6      80     2.0160      0.0       0.0    -0.0005      0.4    0.8    -666.000   25.0   0b1111111111111111    20190606T151815462783
 7      80     2.0377      0.0       0.0     0.0013      0.4    0.8    1630.200   25.0   0b1111111111111111    20190606T151815463069
 8      80     2.0213      0.2       0.8     0.0000      0.0    0.0    -666.000   25.0   0b1111111111111111    20190606T151815463433
 9      80     2.0355      0.0       0.0    -0.0017      0.0    0.0    -666.000   25.0   0b1111111111111111    20190606T151815463727
10      80     2.0242      0.0       0.0     0.0016      0.3    0.8    1278.474   25.0   0b1111111111111111    20190606T151815464013
11      80     2.0302      0.0       0.0    -0.0008      0.0    0.0    -666.000   25.0   0b1111111111111111    20190606T151815464325
12      80     2.0057      0.3       0.8     0.0001      0.2    0.8   24067.800   25.0   0b1111111111111111    20190606T151815464611
13      80     2.0018      0.0       0.0     0.0018      0.2    0.8    1143.857   25.0   0b1111111111111111    20190606T151815464894
14      80     2.0085      0.0       0.0     0.0025      0.0    0.0     803.400   25.0   0b1111111111111111    20190606T151815465176
15      80     2.0018      0.0       0.0    -0.0007      0.2    0.8    -666.000   25.0   0b1111111111111111    20190606T151815465479
 0      70     1.9860      0.0       0.0    -0.0002      0.4    0.8    -666.000   25.0   0b1111111111111111    20190606T151818905838
 1      70     1.9748      0.0       0.0    -0.0017      0.0    0.0    -666.000   25.0   0b1111111111111111    20190606T151818906277
 2      70     1.9703      0.0       0.0     0.0000      0.0    0.0    -666.000   25.0   0b1111111111111111    20190606T151818906602
 3      70     1.9695      0.0       0.0     0.0008      0.0    0.0    2363.400   25.0   0b1111111111111111    20190606T151818906902
 4      70     1.9718      0.0       0.0     0.0000      0.0    0.0    -666.000   25.0   0b1111111111111111    20190606T151818907194
 5      70     1.9770      0.0       0.0    -0.0012      0.4    0.8    -666.000   25.0   0b1111111111111111    20190606T151818907507
 6      70     1.9657      0.0       0.0    -0.0007      0.3    0.8    -666.000   25.0   0b1111111111111111    20190606T151818907795
 7      70     1.9860      0.0       0.0     0.0011      0.4    0.8    1833.231   25.0   0b1111111111111111    20190606T151818908083
 8      70     1.9710      0.0       0.0     0.0000      0.0    0.0    -666.000   25.0   0b1111111111111111    20190606T151818908404
 9      70     1.9853      0.0       0.0    -0.0017      0.0    0.0    -666.000   25.0   0b1111111111111111    20190606T151818908543
10      70     1.9740      0.0       0.0     0.0016      0.3    0.8    1246.737   25.0   0b1111111111111111    20190606T151818908682
11      70     1.9797      0.4       0.8    -0.0008      0.0    0.0    -666.000   25.0   0b1111111111111111    20190606T151818908820
12      70     1.9567      0.0       0.0     0.0000      0.0    0.0    -666.000   25.0   0b1111111111111111    20190606T151818908958
13      70     1.9522      0.0       0.0     0.0017      0.0    0.0    1171.350   25.0   0b1111111111111111    20190606T151818909095
14      70     1.9584      0.3       0.8     0.0025      0.0    0.0     783.360   25.0   0b1111111111111111    20190606T151818909247
15      70     1.9523      0.2       0.8    -0.0008      0.0    0.0    -666.000   25.0   0b1111111111111111    20190606T151818909387
 0      60     1.9347      0.4       0.8    -0.0006      0.4    0.8    -666.000   25.0   0b1111111111111111    20190606T151822344202
 1      60     1.9237      0.0       0.0    -0.0018      0.3    0.8    -666.000   25.0   0b1111111111111111    20190606T151822344665
 2      60     1.9192      0.0       0.0     0.0000      0.0    0.0    -666.000   25.0   0b1111111111111111    20190606T151822344989
 3      60     1.9178      0.0       0.0     0.0008      0.0    0.0    2301.300   25.0   0b1111111111111111    20190606T151822345314
 4      60     1.9207      0.0       0.0     0.0000      0.0    0.0    -666.000   25.0   0b1111111111111111    20190606T151822345626
 5      60     1.9260      0.0       0.0    -0.0015      0.3    0.8    -666.000   25.0   0b1111111111111111    20190606T151822345919
 6      60     1.9148      0.0       0.0    -0.0006      0.4    0.8    -666.000   25.0   0b1111111111111111    20190606T151822346207
 7      60     1.9343      0.0       0.0     0.0008      0.0    0.0    2321.100   25.0   0b1111111111111111    20190606T151822346518
 8      60     1.9200      0.0       0.0    -0.0001      0.2    0.8    -666.000   25.0   0b1111111111111111    20190606T151822346804
 9      60     1.9350      0.0       0.0    -0.0017      0.2    0.8    -666.000   25.0   0b1111111111111111    20190606T151822347137
10      60     1.9252      0.0       0.0     0.0013      0.4    0.8    1540.200   25.0   0b1111111111111111    20190606T151822347450
11      60     1.9290      0.0       0.0    -0.0009      0.3    0.8    -666.000   25.0   0b1111111111111111    20190606T151822347737
12      60     1.9073      0.2       0.8     0.0001      0.2    0.8   22887.900   25.0   0b1111111111111111    20190606T151822348023
13      60     1.9022      0.3       0.8     0.0017      0.0    0.0    1141.335   25.0   0b1111111111111111    20190606T151822348345
14      60     1.9080      0.0       0.0     0.0025      0.0    0.0     763.200   25.0   0b1111111111111111    20190606T151822348498
15      60     1.9035      0.0       0.0    -0.0008      0.0    0.0    -666.000   25.0   0b1111111111111111    20190606T151822348635
 0      50     1.8825      0.0       0.0    -0.0007      0.2    0.8    -666.000   25.0   0b1111111111111111    20190606T151825784633
 1      50     1.8720      0.0       0.0    -0.0019      0.4    0.8    -666.000   25.0   0b1111111111111111    20190606T151825785038
 2      50     1.8675      0.0       0.0    -0.0001      0.2    0.8    -666.000   25.0   0b1111111111111111    20190606T151825785384
 3      50     1.8668      0.0       0.0     0.0008      0.0    0.0    2240.100   25.0   0b1111111111111111    20190606T151825785688
 4      50     1.8697      0.0       0.0     0.0000      0.0    0.0    -666.000   25.0   0b1111111111111111    20190606T151825785979
 5      50     1.8750      0.0       0.0    -0.0016      0.3    0.8    -666.000   25.0   0b1111111111111111    20190606T151825786290
 6      50     1.8640      0.3       0.7    -0.0008      0.0    0.0    -666.000   25.0   0b1111111111111111    20190606T151825786579
 7      50     1.8825      0.0       0.0     0.0008      0.0    0.0    2259.000   25.0   0b1111111111111111    20190606T151825786921
 8      50     1.8690      0.0       0.0    -0.0002      0.3    0.8    -666.000   25.0   0b1111111111111111    20190606T151825787237
 9      50     1.8840      0.0       0.0    -0.0017      0.2    0.8    -666.000   25.0   0b1111111111111111    20190606T151825787524
10      50     1.8742      0.0       0.0     0.0012      0.4    0.8    1606.500   25.0   0b1111111111111111    20190606T151825787809
11      50     1.8780      0.0       0.0    -0.0010      0.3    0.8    -666.000   25.0   0b1111111111111111    20190606T151825788092
12      50     1.8570      0.0       0.0     0.0000      0.0    0.0    -666.000   25.0   0b1111111111111111    20190606T151825788404
13      50     1.8525      0.0       0.0     0.0017      0.0    0.0    1111.500   25.0   0b1111111111111111    20190606T151825788689
14      50     1.8577      0.0       0.0     0.0023      0.3    0.8     796.179   25.0   0b1111111111111111    20190606T151825788972
15      50     1.8532      0.0       0.0    -0.0008      0.0    0.0    -666.000   25.0   0b1111111111111111    20190606T151825789275
 0      40     1.8300      0.0       0.0    -0.0008      0.0    0.0    -666.000   25.0   0b1111111111111111    20190606T151829225059
 1      40     1.8203      0.0       0.0    -0.0021      0.4    0.8    -666.000   25.0   0b1111111111111111    20190606T151829225486
 2      40     1.8165      0.0       0.0    -0.0004      0.4    0.8    -666.000   25.0   0b1111111111111111    20190606T151829225811
 3      40     1.8150      0.0       0.0     0.0008      0.0    0.0    2178.000   25.0   0b1111111111111111    20190606T151829226109
 4      40     1.8188      0.0       0.0     0.0000      0.0    0.0    -666.000   25.0   0b1111111111111111    20190606T151829226417
 5      40     1.8233      0.0       0.0    -0.0017      0.0    0.0    -666.000   25.0   0b1111111111111111    20190606T151829226706
 6      40     1.8129      0.3       0.7    -0.0008      0.0    0.0    -666.000   25.0   0b1111111111111111    20190606T151829226993
 7      40     1.8311      0.4       0.8     0.0008      0.0    0.0    2197.350   25.0   0b1111111111111111    20190606T151829227299
 8      40     1.8188      0.0       0.0    -0.0003      0.4    0.8    -666.000   25.0   0b1111111111111111    20190606T151829227587
 9      40     1.8322      0.0       0.0    -0.0020      0.4    0.8    -666.000   25.0   0b1111111111111111    20190606T151829227914
10      40     1.8230      0.4       0.8     0.0013      0.4    0.8    1367.212   25.0   0b1111111111111111    20190606T151829228202
11      40     1.8270      0.0       0.0    -0.0012      0.4    0.8    -666.000   25.0   0b1111111111111111    20190606T151829228514
12      40     1.8067      0.0       0.0     0.0000      0.0    0.0    -666.000   25.0   0b1111111111111111    20190606T151829228799
13      40     1.8030      0.0       0.0     0.0017      0.0    0.0    1081.800   25.0   0b1111111111111111    20190606T151829229080
14      40     1.8075      0.0       0.0     0.0020      0.4    0.8     903.750   25.0   0b1111111111111111    20190606T151829229388
15      40     1.8030      0.0       0.0    -0.0008      0.0    0.0    -666.000   25.0   0b1111111111111111    20190606T151829229674
 0      30     1.7797      0.0       0.0    -0.0008      0.0    0.0    -666.000   25.0   0b1111111111111111    20190606T151832664762
 1      30     1.7699      0.2       0.8    -0.0021      0.4    0.8    -666.000   25.0   0b1111111111111111    20190606T151832665175
 2      30     1.7662      0.0       0.0    -0.0004      0.4    0.8    -666.000   25.0   0b1111111111111111    20190606T151832665528
 3      30     1.7649      0.3       0.8     0.0007      0.2    0.8    2353.200   25.0   0b1111111111111111    20190606T151832665835
 4      30     1.7692      0.0       0.0     0.0000      0.0    0.0    -666.000   25.0   0b1111111111111111    20190606T151832666129
 5      30     1.7738      0.0       0.0    -0.0017      0.0    0.0    -666.000   25.0   0b1111111111111111    20190606T151832666417
 6      30     1.7638      0.3       0.8    -0.0008      0.0    0.0    -666.000   25.0   0b1111111111111111    20190606T151832666728
 7      30     1.7806      0.2       0.8     0.0008      0.0    0.0    2136.690   25.0   0b1111111111111111    20190606T151832667015
 8      30     1.7692      0.0       0.0    -0.0007      0.2    0.8    -666.000   25.0   0b1111111111111111    20190606T151832667300
 9      30     1.7835      0.0       0.0    -0.0021      0.4    0.8    -666.000   25.0   0b1111111111111111    20190606T151832667663
10      30     1.7745      0.0       0.0     0.0010      0.3    0.8    1774.500   25.0   0b1111111111111111    20190606T151832667960
11      30     1.7775      0.0       0.0    -0.0012      0.4    0.8    -666.000   25.0   0b1111111111111111    20190606T151832668246
12      30     1.7601      0.3       0.8    -0.0001      0.2    0.8    -666.000   25.0   0b1111111111111111    20190606T151832668568
13      30     1.7543      0.0       0.0     0.0017      0.0    0.0    1052.550   25.0   0b1111111111111111    20190606T151832668741
14      30     1.7593      0.3       0.8     0.0022      0.4    0.8     812.008   25.0   0b1111111111111111    20190606T151832668880
15      30     1.7552      0.3       0.8    -0.0008      0.0    0.0    -666.000   25.0   0b1111111111111111    20190606T151832669018
 0      20     1.7288      0.0       0.0    -0.0008      0.0    0.0    -666.000   25.0   0b1111111111111111    20190606T151836106047
 1      20     1.7190      0.0       0.0    -0.0021      0.4    0.8    -666.000   25.0   0b1111111111111111    20190606T151836106492
 2      20     1.7152      0.0       0.0    -0.0005      0.4    0.8    -666.000   25.0   0b1111111111111111    20190606T151836106812
 3      20     1.7146      0.3       0.8     0.0004      0.4    0.8    4115.160   25.0   0b1111111111111111    20190606T151836107112
 4      20     1.7182      0.0       0.0    -0.0002      0.3    0.8    -666.000   25.0   0b1111111111111111    20190606T151836107425
 5      20     1.7235      0.0       0.0    -0.0017      0.0    0.0    -666.000   25.0   0b1111111111111111    20190606T151836107717
 6      20     1.7138      0.0       0.0    -0.0008      0.0    0.0    -666.000   25.0   0b1111111111111111    20190606T151836108004
 7      20     1.7295      0.0       0.0     0.0007      0.2    0.8    2306.000   25.0   0b1111111111111111    20190606T151836108319
 8      20     1.7197      0.0       0.0    -0.0008      0.0    0.0    -666.000   25.0   0b1111111111111111    20190606T151836108649
 9      20     1.7332      0.2       0.7    -0.0022      0.4    0.8    -666.000   25.0   0b1111111111111111    20190606T151836108934
10      20     1.7243      0.2       0.8     0.0009      0.3    0.8    1881.082   25.0   0b1111111111111111    20190606T151836109237
11      20     1.7273      0.0       0.0    -0.0013      0.4    0.8    -666.000   25.0   0b1111111111111111    20190606T151836109525
12      20     1.7105      0.3       0.7    -0.0001      0.2    0.8    -666.000   25.0   0b1111111111111111    20190606T151836109808
13      20     1.7050      0.3       0.8     0.0015      0.3    0.8    1136.650   25.0   0b1111111111111111    20190606T151836110090
14      20     1.7093      0.0       0.0     0.0018      0.3    0.8     932.318   25.0   0b1111111111111111    20190606T151836110394
15      20     1.7060      0.3       0.8    -0.0010      0.3    0.8    -666.000   25.0   0b1111111111111111    20190606T151836110678
 0      10     1.6778      0.0       0.0    -0.0008      0.0    0.0    -666.000   25.0   0b1111111111111111    20190606T151839548525
 1      10     1.6682      0.3       0.8    -0.0022      0.4    0.8    -666.000   25.0   0b1111111111111111    20190606T151839548937
 2      10     1.6650      0.0       0.0    -0.0008      0.0    0.0    -666.000   25.0   0b1111111111111111    20190606T151839549289
 3      10     1.6643      0.0       0.0     0.0004      0.4    0.8    3994.200   25.0   0b1111111111111111    20190606T151839549593
 4      10     1.6684      0.4       0.8    -0.0002      0.4    0.8    -666.000   25.0   0b1111111111111111    20190606T151839549885
 5      10     1.6732      0.0       0.0    -0.0017      0.0    0.0    -666.000   25.0   0b1111111111111111    20190606T151839550174
 6      10     1.6635      0.0       0.0    -0.0009      0.3    0.8    -666.000   25.0   0b1111111111111111    20190606T151839550486
 7      10     1.6793      0.0       0.0     0.0008      0.0    0.0    2015.100   25.0   0b1111111111111111    20190606T151839550774
 8      10     1.6696      0.2       0.8    -0.0008      0.0    0.0    -666.000   25.0   0b1111111111111111    20190606T151839551060
 9      10     1.6826      0.4       0.8    -0.0023      0.3    0.8    -666.000   25.0   0b1111111111111111    20190606T151839551403
10      10     1.6744      0.4       0.8     0.0008      0.0    0.0    2009.340   25.0   0b1111111111111111    20190606T151839551694
11      10     1.6777      0.2       0.8    -0.0017      0.0    0.0    -666.000   25.0   0b1111111111111111    20190606T151839551978
12      10     1.6610      0.4       0.8    -0.0002      0.4    0.8    -666.000   25.0   0b1111111111111111    20190606T151839552287
13      10     1.6560      0.0       0.0     0.0013      0.4    0.8    1242.000   25.0   0b1111111111111111    20190606T151839552573
14      10     1.6599      0.3       0.8     0.0020      0.4    0.8     829.950   25.0   0b1111111111111111    20190606T151839552856
15      10     1.6568      0.0       0.0    -0.0010      0.3    0.8    -666.000   25.0   0b1111111111111111    20190606T151839553138
 0       0     1.6260      0.0       0.0    -0.0008      0.0    0.0    -666.000   25.0   0b1111111111111111    20190606T151842990150
 1       0     1.6178      0.0       0.0    -0.0025      0.0    0.0    -666.000   25.0   0b1111111111111111    20190606T151842990566
 2       0     1.6140      0.0       0.0    -0.0008      0.0    0.0    -666.000   25.0   0b1111111111111111    20190606T151842990882
 3       0     1.6139      0.2       0.8     0.0002      0.3    0.8    9683.550   25.0   0b1111111111111111    20190606T151842991181
 4       0     1.6184      0.2       0.8    -0.0006      0.4    0.8    -666.000   25.0   0b1111111111111111    20190606T151842991485
 5       0     1.6222      0.0       0.0    -0.0017      0.0    0.0    -666.000   25.0   0b1111111111111111    20190606T151842991775
 6       0     1.6133      0.0       0.0    -0.0008      0.0    0.0    -666.000   25.0   0b1111111111111111    20190606T151842992062
 7       0     1.6282      0.0       0.0     0.0006      0.4    0.8    2791.286   25.0   0b1111111111111111    20190606T151842992358
 8       0     1.6195      0.4       0.8    -0.0008      0.0    0.0    -666.000   25.0   0b1111111111111111    20190606T151842992643
 9       0     1.6320      0.0       0.0    -0.0025      0.0    0.0    -666.000   25.0   0b1111111111111111    20190606T151842992926
10       0     1.6239      0.3       0.8     0.0008      0.0    0.0    1948.680   25.0   0b1111111111111111    20190606T151842993286
11       0     1.6268      0.2       0.7    -0.0017      0.0    0.0    -666.000   25.0   0b1111111111111111    20190606T151842993577
12       0     1.6118      0.0       0.0    -0.0004      0.4    0.8    -666.000   25.0   0b1111111111111111    20190606T151842993858
13       0     1.6073      0.0       0.0     0.0012      0.4    0.8    1377.643   25.0   0b1111111111111111    20190606T151842994141
14       0     1.6106      0.4       0.8     0.0017      0.0    0.0     966.375   25.0   0b1111111111111111    20190606T151842994450
15       0     1.6073      0.0       0.0    -0.0011      0.4    0.8    -666.000   25.0   0b1111111111111111    20190606T151842994732
