CH# Vset[DAC]   V[V]    dVRMS[mV] dVpp[mV]    I[A]  dIRMS[mA] dIpp[mA]   R[ohm]   T[C]   State                Timestamp
 0     250     2.8253      0.2       0.7     0.2805      0.9    2.5      10.072   24.3   0b1111111111111111    20190411T160713928857
 1     250     2.8193      0.0       0.0     1.2420      0.7    1.7       2.270   24.3   0b1111111111111111    20190411T160713929504
 2     250     2.8319      0.2       0.8     0.2801      0.7    1.7      10.111   24.3   0b1111111111111111    20190411T160713929804
 3     250     2.8305      0.0       0.0     1.2464      0.9    3.3       2.271   24.3   0b1111111111111111    20190411T160713930092
 4     250     2.8680      0.0       0.0     0.2857      0.5    1.7      10.040   24.3   0b1111111111111111    20190411T160713930429
 5     250     2.8553      0.0       0.0     1.2566      0.7    2.5       2.272   24.3   0b1111111111111111    20190411T160713930712
 6     250     2.8538      0.0       0.0     0.2838      0.6    1.7      10.054   24.3   0b1111111111111111    20190411T160713930993
 7     250     2.8440      0.0       0.0     1.2493      0.8    2.5       2.276   24.3   0b1111111111111111    20190411T160713931363
 8     250     2.8410      0.0       0.0     0.2809      1.1    4.2      10.113   24.3   0b1111111111111111    20190411T160713931648
 9     250     2.8190      0.3       0.8     1.2371      0.7    2.5       2.279   24.3   0b1111111111111111    20190411T160713931927
10     250     2.8470      0.0       0.0     0.2832      0.5    1.7      10.054   24.3   0b1111111111111111    20190411T160713932256
11     250     2.8245      0.0       0.0     1.2405      0.7    1.7       2.277   24.3   0b1111111111111111    20190411T160713932538
12     250     2.8155      0.0       0.0     0.2786      0.5    1.7      10.106   24.3   0b1111111111111111    20190411T160713932813
13     250     2.7981      0.3       0.8     1.2291      0.4    1.7       2.277   24.3   0b1111111111111111    20190411T160713933088
14     250     2.8286      0.4       0.8     0.2799      0.6    1.7      10.105   24.3   0b1111111111111111    20190411T160713933414
15     250     2.8275      0.0       0.0     1.2174      0.6    1.7       2.323   24.3   0b1111111111111111    20190411T160713933690
 0     240     2.7787      0.0       0.0     0.2764      0.5    1.7      10.053   24.3   0b1111111111111111    20190411T160717364798
 1     240     2.7735      0.0       0.0     1.2226      0.6    1.7       2.269   24.3   0b1111111111111111    20190411T160717365176
 2     240     2.7847      0.0       0.0     0.2757      0.3    0.8      10.102   24.3   0b1111111111111111    20190411T160717365564
 3     240     2.7855      0.0       0.0     1.2265      0.5    1.7       2.271   24.3   0b1111111111111111    20190411T160717365865
 4     240     2.8193      0.0       0.0     0.2807      0.6    1.7      10.042   24.3   0b1111111111111111    20190411T160717366149
 5     240     2.8125      0.0       0.0     1.2382      0.5    1.7       2.272   24.3   0b1111111111111111    20190411T160717366492
 6     240     2.8050      0.0       0.0     0.2796      0.4    0.8      10.033   24.3   0b1111111111111111    20190411T160717366779
 7     240     2.8011      0.3       0.8     1.2303      0.4    0.8       2.277   24.3   0b1111111111111111    20190411T160717367059
 8     240     2.7930      0.0       0.0     0.2758      0.6    1.7      10.129   24.3   0b1111111111111111    20190411T160717367337
 9     240     2.7727      0.2       0.8     1.2169      0.4    0.8       2.278   24.3   0b1111111111111111    20190411T160717367666
10     240     2.7990      0.0       0.0     0.2778      0.5    1.7      10.077   24.3   0b1111111111111111    20190411T160717367948
11     240     2.7780      0.0       0.0     1.2208      0.4    1.7       2.276   24.3   0b1111111111111111    20190411T160717368272
12     240     2.7683      0.0       0.0     0.2740      0.5    1.7      10.103   24.3   0b1111111111111111    20190411T160717368607
13     240     2.7518      0.0       0.0     1.2083      0.0    0.0       2.277   24.3   0b1111111111111111    20190411T160717368890
14     240     2.7810      0.0       0.0     0.2752      0.3    0.8      10.107   24.3   0b1111111111111111    20190411T160717369176
15     240     2.7817      0.0       0.0     1.1976      0.6    1.7       2.323   24.3   0b1111111111111111    20190411T160717369507
 0     230     2.7330      0.0       0.0     0.2717      0.5    1.7      10.060   24.4   0b1111111111111111    20190411T160720798852
 1     230     2.7285      0.0       0.0     1.2031      0.4    0.8       2.268   24.4   0b1111111111111111    20190411T160720799234
 2     230     2.7398      0.0       0.0     0.2709      0.3    0.8      10.113   24.4   0b1111111111111111    20190411T160720799608
 3     230     2.7398      0.0       0.0     1.2064      0.4    0.8       2.271   24.4   0b1111111111111111    20190411T160720799905
 4     230     2.7713      0.0       0.0     0.2759      0.6    1.7      10.044   24.4   0b1111111111111111    20190411T160720800189
 5     230     2.7660      0.0       0.0     1.2180      0.6    1.7       2.271   24.4   0b1111111111111111    20190411T160720800526
 6     230     2.7578      0.0       0.0     0.2752      0.3    0.8      10.022   24.4   0b1111111111111111    20190411T160720800811
 7     230     2.7548      0.0       0.0     1.2100      0.4    1.7       2.277   24.4   0b1111111111111111    20190411T160720801090
 8     230     2.7462      0.4       0.7     0.2710      0.5    1.7      10.134   24.4   0b1111111111111111    20190411T160720801398
 9     230     2.7263      0.0       0.0     1.1968      0.3    0.8       2.278   24.4   0b1111111111111111    20190411T160720801696
10     230     2.7523      0.3       0.8     0.2735      0.3    0.8      10.063   24.4   0b1111111111111111    20190411T160720802019
11     230     2.7317      0.3       0.7     1.2004      0.4    0.8       2.276   24.4   0b1111111111111111    20190411T160720802301
12     230     2.7225      0.0       0.0     0.2693      0.3    0.8      10.108   24.4   0b1111111111111111    20190411T160720802630
13     230     2.7060      0.0       0.0     1.1884      0.2    0.8       2.277   24.4   0b1111111111111111    20190411T160720802909
14     230     2.7353      0.0       0.0     0.2707      0.2    0.8      10.102   24.4   0b1111111111111111    20190411T160720803182
15     230     2.7358      0.3       0.8     1.1778      0.4    0.8       2.323   24.4   0b1111111111111111    20190411T160720803508
 0     220     2.6857      0.0       0.0     0.2670      0.4    0.8      10.059   24.4   0b1111111111111111    20190411T160724235934
 1     220     2.6817      0.4       0.8     1.1823      0.3    0.8       2.268   24.4   0b1111111111111111    20190411T160724236392
 2     220     2.6917      0.0       0.0     0.2666      0.2    0.8      10.097   24.4   0b1111111111111111    20190411T160724236709
 3     220     2.6932      0.0       0.0     1.1863      0.4    0.8       2.270   24.4   0b1111111111111111    20190411T160724237001
 4     220     2.7224      0.3       0.8     0.2710      0.3    0.8      10.046   24.4   0b1111111111111111    20190411T160724237338
 5     220     2.7173      0.0       0.0     1.1966      0.2    0.8       2.271   24.4   0b1111111111111111    20190411T160724237626
 6     220     2.7089      0.2       0.7     0.2702      0.3    0.8      10.027   24.4   0b1111111111111111    20190411T160724237907
 7     220     2.7052      0.0       0.0     1.1887      0.4    0.8       2.276   24.4   0b1111111111111111    20190411T160724238243
 8     220     2.6979      0.3       0.8     0.2665      0.3    0.8      10.123   24.4   0b1111111111111111    20190411T160724238527
 9     220     2.6790      0.0       0.0     1.1758      0.0    0.0       2.278   24.4   0b1111111111111111    20190411T160724238850
10     220     2.7030      0.0       0.0     0.2688      0.4    0.8      10.058   24.4   0b1111111111111111    20190411T160724239196
11     220     2.6842      0.0       0.0     1.1795      0.4    0.8       2.276   24.4   0b1111111111111111    20190411T160724239486
12     220     2.6767      0.0       0.0     0.2650      0.0    0.0      10.101   24.4   0b1111111111111111    20190411T160724239762
13     220     2.6595      0.0       0.0     1.1682      0.3    0.8       2.277   24.4   0b1111111111111111    20190411T160724240050
14     220     2.6880      0.0       0.0     0.2657      0.3    0.8      10.118   24.4   0b1111111111111111    20190411T160724240376
15     220     2.6888      0.2       0.7     1.1579      0.4    0.8       2.322   24.4   0b1111111111111111    20190411T160724240656
 0     210     2.6385      0.0       0.0     0.2623      0.3    0.8      10.058   24.5   0b1111111111111111    20190411T160727669180
 1     210     2.6341      0.2       0.8     1.1617      0.0    0.0       2.267   24.5   0b1111111111111111    20190411T160727669574
 2     210     2.6445      0.0       0.0     0.2617      0.0    0.0      10.106   24.5   0b1111111111111111    20190411T160727669868
 3     210     2.6460      0.0       0.0     1.1657      0.3    0.8       2.270   24.5   0b1111111111111111    20190411T160727670211
 4     210     2.6730      0.0       0.0     0.2660      0.3    0.8      10.049   24.5   0b1111111111111111    20190411T160727670501
 5     210     2.6678      0.0       0.0     1.1751      0.2    0.8       2.270   24.5   0b1111111111111111    20190411T160727670781
 6     210     2.6597      0.3       0.8     0.2652      0.4    0.8      10.027   24.5   0b1111111111111111    20190411T160727671057
 7     210     2.6565      0.0       0.0     1.1671      0.4    0.8       2.276   24.5   0b1111111111111111    20190411T160727671382
 8     210     2.6498      0.0       0.0     0.2615      0.3    0.8      10.133   24.5   0b1111111111111111    20190411T160727671712
 9     210     2.6311      0.3       0.8     1.1549      0.2    0.8       2.278   24.5   0b1111111111111111    20190411T160727671993
10     210     2.6550      0.0       0.0     0.2637      0.4    0.8      10.070   24.5   0b1111111111111111    20190411T160727672325
11     210     2.6362      0.0       0.0     1.1583      0.0    0.0       2.276   24.5   0b1111111111111111    20190411T160727672611
12     210     2.6295      0.0       0.0     0.2602      0.3    0.8      10.107   24.5   0b1111111111111111    20190411T160727672887
13     210     2.6124      0.3       0.8     1.1475      0.0    0.0       2.277   24.5   0b1111111111111111    20190411T160727673223
14     210     2.6400      0.0       0.0     0.2611      0.4    0.8      10.112   24.5   0b1111111111111111    20190411T160727673505
15     210     2.6415      0.0       0.0     1.1375      0.0    0.0       2.322   24.5   0b1111111111111111    20190411T160727673780
 0     200     2.5911      0.3       0.8     0.2575      0.0    0.0      10.063   24.5   0b1111111111111111    20190411T160731101706
 1     200     2.5867      0.0       0.0     1.1406      0.4    0.8       2.268   24.5   0b1111111111111111    20190411T160731102086
 2     200     2.5965      0.0       0.0     0.2568      0.3    0.8      10.110   24.5   0b1111111111111111    20190411T160731102464
 3     200     2.5983      0.4       0.8     1.1444      0.4    0.8       2.270   24.5   0b1111111111111111    20190411T160731102757
 4     200     2.6235      0.0       0.0     0.2612      0.4    0.8      10.042   24.5   0b1111111111111111    20190411T160731103042
 5     200     2.6190      0.0       0.0     1.1535      0.3    0.8       2.270   24.5   0b1111111111111111    20190411T160731103369
 6     200     2.6107      0.0       0.0     0.2607      0.3    0.8      10.016   24.5   0b1111111111111111    20190411T160731103651
 7     200     2.6071      0.3       0.8     1.1457      0.3    0.8       2.276   24.5   0b1111111111111111    20190411T160731103929
 8     200     2.6010      0.0       0.0     0.2568      0.3    0.8      10.130   24.5   0b1111111111111111    20190411T160731104268
 9     200     2.5830      0.0       0.0     1.1338      0.4    0.8       2.278   24.5   0b1111111111111111    20190411T160731104598
10     200     2.6062      0.0       0.0     0.2588      0.4    0.8      10.072   24.5   0b1111111111111111    20190411T160731104880
11     200     2.5875      0.0       0.0     1.1370      0.4    0.8       2.276   24.5   0b1111111111111111    20190411T160731105226
12     200     2.5815      0.0       0.0     0.2555      0.4    0.8      10.104   24.5   0b1111111111111111    20190411T160731105523
13     200     2.5650      0.0       0.0     1.1268      0.3    0.8       2.276   24.5   0b1111111111111111    20190411T160731105801
14     200     2.5920      0.0       0.0     0.2562      0.4    0.8      10.118   24.5   0b1111111111111111    20190411T160731106077
15     200     2.5935      0.0       0.0     1.1167      0.0    0.0       2.323   24.5   0b1111111111111111    20190411T160731106411
 0     190     2.5454      0.3       0.8     0.2526      0.3    0.8      10.077   24.6   0b1111111111111111    20190411T160734535378
 1     190     2.5425      0.0       0.0     1.1210      0.3    0.8       2.268   24.6   0b1111111111111111    20190411T160734535762
 2     190     2.5521      0.3       0.8     0.2525      0.0    0.0      10.107   24.6   0b1111111111111111    20190411T160734536056
 3     190     2.5517      0.3       0.8     1.1242      0.0    0.0       2.270   24.6   0b1111111111111111    20190411T160734536411
 4     190     2.5763      0.0       0.0     0.2564      0.5    1.7      10.047   24.6   0b1111111111111111    20190411T160734536699
 5     190     2.5725      0.0       0.0     1.1332      0.3    0.8       2.270   24.6   0b1111111111111111    20190411T160734536981
 6     190     2.5635      0.0       0.0     0.2558      0.2    0.8      10.023   24.6   0b1111111111111111    20190411T160734537310
 7     190     2.5605      0.0       0.0     1.1252      0.3    0.8       2.276   24.6   0b1111111111111111    20190411T160734537593
 8     190     2.5553      0.0       0.0     0.2521      0.4    0.8      10.137   24.6   0b1111111111111111    20190411T160734537870
 9     190     2.5365      0.0       0.0     1.1134      0.3    0.8       2.278   24.6   0b1111111111111111    20190411T160734538234
10     190     2.5597      0.2       0.8     0.2541      0.2    0.8      10.074   24.6   0b1111111111111111    20190411T160734538524
11     190     2.5423      0.3       0.7     1.1173      0.3    0.8       2.275   24.6   0b1111111111111111    20190411T160734538801
12     190     2.5361      0.4       0.8     0.2508      0.0    0.0      10.111   24.6   0b1111111111111111    20190411T160734539074
13     190     2.5208      0.0       0.0     1.1074      0.2    0.8       2.276   24.6   0b1111111111111111    20190411T160734539426
14     190     2.5470      0.0       0.0     0.2517      0.0    0.0      10.121   24.6   0b1111111111111111    20190411T160734539705
15     190     2.5470      0.0       0.0     1.0970      0.4    0.8       2.322   24.6   0b1111111111111111    20190411T160734539980
 0     180     2.4978      0.4       0.8     0.2482      0.3    0.8      10.065   24.6   0b1111111111111111    20190411T160737970321
 1     180     2.4949      0.4       0.8     1.1000      0.0    0.0       2.268   24.6   0b1111111111111111    20190411T160737970793
 2     180     2.5042      0.0       0.0     0.2477      0.3    0.8      10.111   24.6   0b1111111111111111    20190411T160737971106
 3     180     2.5042      0.0       0.0     1.1032      0.3    0.8       2.270   24.6   0b1111111111111111    20190411T160737971456
 4     180     2.5275      0.0       0.0     0.2517      0.0    0.0      10.043   24.6   0b1111111111111111    20190411T160737971751
 5     180     2.5230      0.0       0.0     1.1116      0.2    0.8       2.270   24.6   0b1111111111111111    20190411T160737972035
 6     180     2.5141      0.2       0.8     0.2508      0.0    0.0      10.023   24.6   0b1111111111111111    20190411T160737972315
 7     180     2.5117      0.0       0.0     1.1037      0.4    0.8       2.276   24.6   0b1111111111111111    20190411T160737972647
 8     180     2.5065      0.0       0.0     0.2474      0.2    0.8      10.131   24.6   0b1111111111111111    20190411T160737972928
 9     180     2.4887      0.3       0.8     1.0925      0.4    1.7       2.278   24.6   0b1111111111111111    20190411T160737973250
10     180     2.5110      0.0       0.0     0.2493      0.3    0.8      10.071   24.6   0b1111111111111111    20190411T160737973584
11     180     2.4937      0.0       0.0     1.0958      0.0    0.0       2.276   24.6   0b1111111111111111    20190411T160737973882
12     180     2.4885      0.0       0.0     0.2460      0.3    0.8      10.116   24.6   0b1111111111111111    20190411T160737974160
13     180     2.4735      0.0       0.0     1.0867      0.0    0.0       2.276   24.6   0b1111111111111111    20190411T160737974506
14     180     2.4990      0.0       0.0     0.2467      0.2    0.8      10.128   24.6   0b1111111111111111    20190411T160737974644
15     180     2.4990      0.0       0.0     1.0766      0.3    0.8       2.321   24.6   0b1111111111111111    20190411T160737974778
 0     170     2.4510      0.0       0.0     0.2433      0.0    0.0      10.073   24.7   0b1111111111111111    20190411T160741410133
 1     170     2.4479      0.2       0.7     1.0794      0.4    0.8       2.268   24.7   0b1111111111111111    20190411T160741410561
 2     170     2.4570      0.0       0.0     0.2430      0.4    0.8      10.111   24.7   0b1111111111111111    20190411T160741410873
 3     170     2.4570      0.0       0.0     1.0823      0.4    0.8       2.270   24.7   0b1111111111111111    20190411T160741411169
 4     170     2.4780      0.0       0.0     0.2467      0.0    0.0      10.046   24.7   0b1111111111111111    20190411T160741411480
 5     170     2.4743      0.0       0.0     1.0899      0.3    0.8       2.270   24.7   0b1111111111111111    20190411T160741411765
 6     170     2.4653      0.0       0.0     0.2458      0.0    0.0      10.028   24.7   0b1111111111111111    20190411T160741412048
 7     170     2.4630      0.0       0.0     1.0823      0.4    0.8       2.276   24.7   0b1111111111111111    20190411T160741412350
 8     170     2.4585      0.0       0.0     0.2425      0.0    0.0      10.138   24.7   0b1111111111111111    20190411T160741412631
 9     170     2.4412      0.2       0.7     1.0717      0.0    0.0       2.278   24.7   0b1111111111111111    20190411T160741412911
10     170     2.4629      0.2       0.8     0.2442      0.3    0.8      10.084   24.7   0b1111111111111111    20190411T160741413189
11     170     2.4457      0.0       0.0     1.0749      0.2    0.8       2.275   24.7   0b1111111111111111    20190411T160741413488
12     170     2.4412      0.0       0.0     0.2414      0.4    0.8      10.112   24.7   0b1111111111111111    20190411T160741413765
13     170     2.4263      0.0       0.0     1.0658      0.0    0.0       2.276   24.7   0b1111111111111111    20190411T160741414041
14     170     2.4510      0.0       0.0     0.2422      0.4    0.8      10.121   24.7   0b1111111111111111    20190411T160741414354
15     170     2.4518      0.0       0.0     1.0559      0.2    0.8       2.322   24.7   0b1111111111111111    20190411T160741414504
 0     160     2.4037      0.0       0.0     0.2384      0.2    0.8      10.082   24.7   0b1111111111111111    20190411T160744876452
 1     160     2.4006      0.3       0.8     1.0585      0.3    0.8       2.268   24.7   0b1111111111111111    20190411T160744876833
 2     160     2.4097      0.0       0.0     0.2383      0.0    0.0      10.111   24.7   0b1111111111111111    20190411T160744877140
 3     160     2.4097      0.0       0.0     1.0613      0.4    0.8       2.270   24.7   0b1111111111111111    20190411T160744877464
 4     160     2.4291      0.3       0.7     0.2417      0.0    0.0      10.051   24.7   0b1111111111111111    20190411T160744877758
 5     160     2.4253      0.3       0.8     1.0683      0.0    0.0       2.270   24.7   0b1111111111111111    20190411T160744878044
 6     160     2.4165      0.0       0.0     0.2409      0.2    0.8      10.030   24.7   0b1111111111111111    20190411T160744878349
 7     160     2.4139      0.4       0.8     1.0608      0.0    0.0       2.276   24.7   0b1111111111111111    20190411T160744878632
 8     160     2.4097      0.0       0.0     0.2376      0.2    0.8      10.143   24.7   0b1111111111111111    20190411T160744878912
 9     160     2.3932      0.2       0.8     1.0507      0.3    0.8       2.278   24.7   0b1111111111111111    20190411T160744879193
10     160     2.4142      0.0       0.0     0.2397      0.4    0.8      10.070   24.7   0b1111111111111111    20190411T160744879507
11     160     2.3978      0.0       0.0     1.0535      0.3    0.8       2.276   24.7   0b1111111111111111    20190411T160744879785
12     160     2.3936      0.4       0.8     0.2366      0.2    0.8      10.117   24.7   0b1111111111111111    20190411T160744880060
13     160     2.3790      0.0       0.0     1.0450      0.0    0.0       2.277   24.7   0b1111111111111111    20190411T160744880359
14     160     2.4037      0.0       0.0     0.2373      0.4    0.8      10.132   24.7   0b1111111111111111    20190411T160744880637
15     160     2.4037      0.0       0.0     1.0350      0.0    0.0       2.322   24.7   0b1111111111111111    20190411T160744880912
 0     150     2.3586      0.3       0.7     0.2340      0.3    0.8      10.079   24.8   0b1111111111111111    20190411T160748348081
 1     150     2.3558      0.0       0.0     1.0389      0.4    0.8       2.268   24.8   0b1111111111111111    20190411T160748348479
 2     150     2.3656      0.2       0.8     0.2342      0.0    0.0      10.102   24.8   0b1111111111111111    20190411T160748348774
 3     150     2.3640      0.0       0.0     1.0410      0.3    0.8       2.271   24.8   0b1111111111111111    20190411T160748349059
 4     150     2.3828      0.0       0.0     0.2371      0.4    0.8      10.050   24.8   0b1111111111111111    20190411T160748349363
 5     150     2.3780      0.4       0.8     1.0475      0.0    0.0       2.270   24.8   0b1111111111111111    20190411T160748349646
 6     150     2.3693      0.0       0.0     0.2359      0.2    0.8      10.043   24.8   0b1111111111111111    20190411T160748349924
 7     150     2.3670      0.0       0.0     1.0399      0.3    0.8       2.276   24.8   0b1111111111111111    20190411T160748350200
 8     150     2.3633      0.0       0.0     0.2331      0.4    0.8      10.139   24.8   0b1111111111111111    20190411T160748350502
 9     150     2.3474      0.2       0.8     1.0305      0.4    0.8       2.278   24.8   0b1111111111111111    20190411T160748350778
10     150     2.3678      0.0       0.0     0.2350      0.0    0.0      10.076   24.8   0b1111111111111111    20190411T160748351053
11     150     2.3513      0.0       0.0     1.0333      0.2    0.8       2.276   24.8   0b1111111111111111    20190411T160748351348
12     150     2.3490      0.0       0.0     0.2323      0.3    0.8      10.110   24.8   0b1111111111111111    20190411T160748351624
13     150     2.3348      0.0       0.0     1.0257      0.2    0.8       2.276   24.8   0b1111111111111111    20190411T160748351900
14     150     2.3580      0.0       0.0     0.2325      0.0    0.0      10.142   24.8   0b1111111111111111    20190411T160748352173
15     150     2.3588      0.0       0.0     1.0158      0.0    0.0       2.322   24.8   0b1111111111111111    20190411T160748352468
 0     140     2.3115      0.0       0.0     0.2292      0.0    0.0      10.087   24.8   0b1111111111111111    20190411T160751784580
 1     140     2.3091      0.3       0.8     1.0182      0.2    0.8       2.268   24.8   0b1111111111111111    20190411T160751784962
 2     140     2.3190      0.0       0.0     0.2292      0.0    0.0      10.119   24.8   0b1111111111111111    20190411T160751785341
 3     140     2.3167      0.0       0.0     1.0202      0.3    0.8       2.271   24.8   0b1111111111111111    20190411T160751785639
 4     140     2.3335      0.3       0.8     0.2324      0.2    0.8      10.040   24.8   0b1111111111111111    20190411T160751785923
 5     140     2.3295      0.0       0.0     1.0261      0.4    0.8       2.270   24.8   0b1111111111111111    20190411T160751786260
 6     140     2.3205      0.0       0.0     0.2313      0.4    0.8      10.035   24.8   0b1111111111111111    20190411T160751786546
 7     140     2.3182      0.0       0.0     1.0185      0.3    0.8       2.276   24.8   0b1111111111111111    20190411T160751786825
 8     140     2.3152      0.0       0.0     0.2283      0.0    0.0      10.140   24.8   0b1111111111111111    20190411T160751787140
 9     140     2.2995      0.0       0.0     1.0093      0.3    0.8       2.278   24.8   0b1111111111111111    20190411T160751787489
10     140     2.3198      0.2       0.8     0.2300      0.0    0.0      10.086   24.8   0b1111111111111111    20190411T160751787782
11     140     2.3036      0.4       0.8     1.0123      0.4    0.8       2.276   24.8   0b1111111111111111    20190411T160751788059
12     140     2.3017      0.0       0.0     0.2275      0.0    0.0      10.118   24.8   0b1111111111111111    20190411T160751788394
13     140     2.2883      0.0       0.0     1.0050      0.0    0.0       2.277   24.8   0b1111111111111111    20190411T160751788674
14     140     2.3107      0.0       0.0     0.2282      0.3    0.8      10.127   24.8   0b1111111111111111    20190411T160751788950
15     140     2.3115      0.0       0.0     0.9954      0.4    0.8       2.322   24.8   0b1111111111111111    20190411T160751789275
 0     130     2.2650      0.0       0.0     0.2246      0.4    0.8      10.085   24.8   0b1111111111111111    20190411T160755220239
 1     130     2.2620      0.0       0.0     0.9975      0.0    0.0       2.268   24.8   0b1111111111111111    20190411T160755220625
 2     130     2.2721      0.4       0.8     0.2245      0.4    0.8      10.121   24.8   0b1111111111111111    20190411T160755220920
 3     130     2.2703      0.0       0.0     1.0000      0.0    0.0       2.270   24.8   0b1111111111111111    20190411T160755221264
 4     130     2.2853      0.0       0.0     0.2275      0.0    0.0      10.045   24.8   0b1111111111111111    20190411T160755221551
 5     130     2.2808      0.0       0.0     1.0049      0.2    0.8       2.270   24.8   0b1111111111111111    20190411T160755221831
 6     130     2.2724      0.2       0.8     0.2265      0.3    0.8      10.033   24.8   0b1111111111111111    20190411T160755222134
 7     130     2.2702      0.2       0.8     0.9974      0.3    0.8       2.276   24.8   0b1111111111111111    20190411T160755222435
 8     130     2.2673      0.2       0.8     0.2233      0.0    0.0      10.152   24.8   0b1111111111111111    20190411T160755222712
 9     130     2.2523      0.0       0.0     0.9884      0.3    0.8       2.279   24.8   0b1111111111111111    20190411T160755222988
10     130     2.2718      0.0       0.0     0.2251      0.2    0.8      10.093   24.8   0b1111111111111111    20190411T160755223367
11     130     2.2560      0.0       0.0     0.9912      0.4    0.8       2.276   24.8   0b1111111111111111    20190411T160755223654
12     130     2.2545      0.0       0.0     0.2227      0.3    0.8      10.125   24.8   0b1111111111111111    20190411T160755223929
13     130     2.2417      0.2       0.8     0.9847      0.4    0.8       2.277   24.8   0b1111111111111111    20190411T160755224276
14     130     2.2635      0.0       0.0     0.2233      0.0    0.0      10.135   24.8   0b1111111111111111    20190411T160755224560
15     130     2.2643      0.0       0.0     0.9750      0.0    0.0       2.322   24.8   0b1111111111111111    20190411T160755224837
 0     120     2.2192      0.2       0.7     0.2200      0.0    0.0      10.087   24.9   0b1111111111111111    20190411T160758653728
 1     120     2.2155      0.0       0.0     0.9768      0.3    0.8       2.268   24.9   0b1111111111111111    20190411T160758654169
 2     120     2.2252      0.0       0.0     0.2198      0.3    0.8      10.122   24.9   0b1111111111111111    20190411T160758654517
 3     120     2.2245      0.0       0.0     0.9792      0.0    0.0       2.272   24.9   0b1111111111111111    20190411T160758654814
 4     120     2.2357      0.0       0.0     0.2224      0.2    0.8      10.052   24.9   0b1111111111111111    20190411T160758655100
 5     120     2.2326      0.3       0.8     0.9833      0.0    0.0       2.270   24.9   0b1111111111111111    20190411T160758655440
 6     120     2.2241      0.4       0.8     0.2217      0.0    0.0      10.034   24.9   0b1111111111111111    20190411T160758655722
 7     120     2.2216      0.2       0.8     0.9758      0.0    0.0       2.277   24.9   0b1111111111111111    20190411T160758656012
 8     120     2.2192      0.0       0.0     0.2184      0.2    0.8      10.161   24.9   0b1111111111111111    20190411T160758656378
 9     120     2.2058      0.0       0.0     0.9683      0.2    0.8       2.278   24.9   0b1111111111111111    20190411T160758656665
10     120     2.2245      0.0       0.0     0.2204      0.4    0.8      10.092   24.9   0b1111111111111111    20190411T160758656943
11     120     2.2094      0.2       0.8     0.9706      0.4    0.8       2.276   24.9   0b1111111111111111    20190411T160758657285
12     120     2.2087      0.0       0.0     0.2183      0.0    0.0      10.116   24.9   0b1111111111111111    20190411T160758657570
13     120     2.1960      0.0       0.0     0.9642      0.0    0.0       2.278   24.9   0b1111111111111111    20190411T160758657847
14     120     2.2170      0.0       0.0     0.2184      0.2    0.8      10.150   24.9   0b1111111111111111    20190411T160758658164
15     120     2.2177      0.0       0.0     0.9549      0.3    0.8       2.322   24.9   0b1111111111111111    20190411T160758658453
 0     110     2.1743      0.2       0.8     0.2156      0.4    0.8      10.086   24.9   0b1111111111111111    20190411T160802094333
 1     110     2.1720      0.0       0.0     0.9576      0.3    0.8       2.268   24.9   0b1111111111111111    20190411T160802094570
 2     110     2.1818      0.0       0.0     0.2154      0.4    0.8      10.128   24.9   0b1111111111111111    20190411T160802094743
 3     110     2.1797      0.3       0.8     0.9597      0.4    0.8       2.271   24.9   0b1111111111111111    20190411T160802094902
 4     110     2.1893      0.2       0.7     0.2176      0.2    0.8      10.062   24.9   0b1111111111111111    20190411T160802095051
 5     110     2.1863      0.0       0.0     0.9633      0.0    0.0       2.269   24.9   0b1111111111111111    20190411T160802095211
 6     110     2.1780      0.0       0.0     0.2168      0.2    0.8      10.048   24.9   0b1111111111111111    20190411T160802095355
 7     110     2.1758      0.0       0.0     0.9558      0.0    0.0       2.276   24.9   0b1111111111111111    20190411T160802095498
 8     110     2.1735      0.0       0.0     0.2140      0.3    0.8      10.157   24.9   0b1111111111111111    20190411T160802095638
 9     110     2.1600      0.0       0.0     0.9483      0.2    0.8       2.278   24.9   0b1111111111111111    20190411T160802095778
10     110     2.1788      0.0       0.0     0.2158      0.0    0.0      10.095   24.9   0b1111111111111111    20190411T160802095917
11     110     2.1638      0.0       0.0     0.9508      0.0    0.0       2.276   24.9   0b1111111111111111    20190411T160802096055
12     110     2.1638      0.0       0.0     0.2138      0.4    0.8      10.119   24.9   0b1111111111111111    20190411T160802096250
13     110     2.1510      0.0       0.0     0.9445      0.4    0.8       2.277   24.9   0b1111111111111111    20190411T160802096392
14     110     2.1716      0.4       0.8     0.2141      0.2    0.8      10.144   24.9   0b1111111111111111    20190411T160802096527
15     110     2.1728      0.0       0.0     0.9354      0.4    0.8       2.323   24.9   0b1111111111111111    20190411T160802096663
 0     100     2.1277      0.0       0.0     0.2107      0.3    0.8      10.100   25.0   0b1111111111111111    20190411T160805527772
 1     100     2.1247      0.0       0.0     0.9368      0.3    0.8       2.268   25.0   0b1111111111111111    20190411T160805528233
 2     100     2.1352      0.0       0.0     0.2108      0.0    0.0      10.128   25.0   0b1111111111111111    20190411T160805528553
 3     100     2.1330      0.0       0.0     0.9390      0.3    0.8       2.272   25.0   0b1111111111111111    20190411T160805528843
 4     100     2.1412      0.0       0.0     0.2127      0.4    0.8      10.065   25.0   0b1111111111111111    20190411T160805529175
 5     100     2.1382      0.0       0.0     0.9418      0.2    0.8       2.271   25.0   0b1111111111111111    20190411T160805529474
 6     100     2.1300      0.0       0.0     0.2119      0.4    0.8      10.051   25.0   0b1111111111111111    20190411T160805529768
 7     100     2.1277      0.0       0.0     0.9344      0.4    0.8       2.277   25.0   0b1111111111111111    20190411T160805530049
 8     100     2.1255      0.0       0.0     0.2092      0.0    0.0      10.162   25.0   0b1111111111111111    20190411T160805530374
 9     100     2.1127      0.0       0.0     0.9274      0.3    0.8       2.278   25.0   0b1111111111111111    20190411T160805530657
10     100     2.1307      0.0       0.0     0.2109      0.2    0.8      10.102   25.0   0b1111111111111111    20190411T160805530992
11     100     2.1164      0.2       0.8     0.9296      0.4    0.8       2.277   25.0   0b1111111111111111    20190411T160805531334
12     100     2.1165      0.0       0.0     0.2090      0.3    0.8      10.127   25.0   0b1111111111111111    20190411T160805531620
13     100     2.1038      0.0       0.0     0.9238      0.4    0.8       2.277   25.0   0b1111111111111111    20190411T160805531899
14     100     2.1243      0.4       0.8     0.2092      0.0    0.0      10.156   25.0   0b1111111111111111    20190411T160805532230
15     100     2.1253      0.3       0.7     0.9150      0.0    0.0       2.323   25.0   0b1111111111111111    20190411T160805532513
 0      90     2.0811      0.3       0.8     0.2059      0.3    0.8      10.107   25.0   0b1111111111111111    20190411T160808965312
 1      90     2.0783      0.0       0.0     0.9163      0.4    0.8       2.268   25.0   0b1111111111111111    20190411T160808965704
 2      90     2.0873      0.0       0.0     0.2058      0.0    0.0      10.140   25.0   0b1111111111111111    20190411T160808966014
 3      90     2.0850      0.0       0.0     0.9175      0.0    0.0       2.272   25.0   0b1111111111111111    20190411T160808966355
 4      90     2.0933      0.0       0.0     0.2081      0.4    0.8      10.060   25.0   0b1111111111111111    20190411T160808966649
 5      90     2.0910      0.0       0.0     0.9208      0.0    0.0       2.271   25.0   0b1111111111111111    20190411T160808966937
 6      90     2.0820      0.0       0.0     0.2073      0.3    0.8      10.042   25.0   0b1111111111111111    20190411T160808967277
 7      90     2.0804      0.3       0.8     0.9134      0.2    0.8       2.278   25.0   0b1111111111111111    20190411T160808967565
 8      90     2.0790      0.0       0.0     0.2045      0.4    0.8      10.166   25.0   0b1111111111111111    20190411T160808967894
 9      90     2.0648      0.2       0.8     0.9060      0.3    0.8       2.279   25.0   0b1111111111111111    20190411T160808968247
10      90     2.0835      0.0       0.0     0.2065      0.3    0.8      10.090   25.0   0b1111111111111111    20190411T160808968536
11      90     2.0691      0.3       0.7     0.9088      0.4    0.8       2.277   25.0   0b1111111111111111    20190411T160808968814
12      90     2.0700      0.0       0.0     0.2042      0.2    0.8      10.135   25.0   0b1111111111111111    20190411T160808969091
13      90     2.0565      0.0       0.0     0.9031      0.4    0.8       2.277   25.0   0b1111111111111111    20190411T160808969421
14      90     2.0775      0.0       0.0     0.2042      0.2    0.8      10.171   25.0   0b1111111111111111    20190411T160808969696
15      90     2.0774      0.2       0.7     0.8942      0.0    0.0       2.323   25.0   0b1111111111111111    20190411T160808969973
 0      80     2.0317      0.0       0.0     0.2009      0.2    0.8      10.112   25.0   0b1111111111111111    20190411T160812400996
 1      80     2.0295      0.0       0.0     0.8947      0.4    0.8       2.268   25.0   0b1111111111111111    20190411T160812401449
 2      80     2.0380      0.3       0.8     0.2012      0.4    0.8      10.131   25.0   0b1111111111111111    20190411T160812401757
 3      80     2.0362      0.0       0.0     0.8958      0.0    0.0       2.273   25.0   0b1111111111111111    20190411T160812402052
 4      80     2.0445      0.0       0.0     0.2032      0.3    0.8      10.063   25.0   0b1111111111111111    20190411T160812402387
 5      80     2.0422      0.0       0.0     0.8992      0.2    0.8       2.271   25.0   0b1111111111111111    20190411T160812402689
 6      80     2.0332      0.0       0.0     0.2024      0.2    0.8      10.045   25.0   0b1111111111111111    20190411T160812402974
 7      80     2.0315      0.3       0.7     0.8920      0.4    0.8       2.277   25.0   0b1111111111111111    20190411T160812403306
 8      80     2.0302      0.0       0.0     0.1997      0.4    0.8      10.168   25.0   0b1111111111111111    20190411T160812403638
 9      80     2.0168      0.0       0.0     0.8850      0.0    0.0       2.279   25.0   0b1111111111111111    20190411T160812403936
10      80     2.0349      0.3       0.8     0.2014      0.4    0.8      10.103   25.0   0b1111111111111111    20190411T160812404270
11      80     2.0205      0.0       0.0     0.8875      0.0    0.0       2.277   25.0   0b1111111111111111    20190411T160812404410
12      80     2.0205      0.0       0.0     0.1992      0.0    0.0      10.145   25.0   0b1111111111111111    20190411T160812404544
13      80     2.0071      0.2       0.8     0.8815      0.3    0.8       2.277   25.0   0b1111111111111111    20190411T160812404679
14      80     2.0280      0.0       0.0     0.1998      0.4    0.8      10.153   25.0   0b1111111111111111    20190411T160812404811
15      80     2.0280      0.0       0.0     0.8732      0.3    0.8       2.323   25.0   0b1111111111111111    20190411T160812404945
 0      70     1.9815      0.0       0.0     0.1958      0.0    0.0      10.118   25.0   0b1111111111111111    20190411T160815836722
 1      70     1.9792      0.0       0.0     0.8724      0.3    0.8       2.269   25.0   0b1111111111111111    20190411T160815837156
 2      70     1.9883      0.0       0.0     0.1959      0.2    0.8      10.148   25.0   0b1111111111111111    20190411T160815837500
 3      70     1.9860      0.0       0.0     0.8742      0.0    0.0       2.272   25.0   0b1111111111111111    20190411T160815837793
 4      70     1.9965      0.0       0.0     0.1983      0.0    0.0      10.066   25.0   0b1111111111111111    20190411T160815838077
 5      70     1.9942      0.0       0.0     0.8783      0.0    0.0       2.270   25.0   0b1111111111111111    20190411T160815838430
 6      70     1.9845      0.0       0.0     0.1975      0.0    0.0      10.048   25.0   0b1111111111111111    20190411T160815838713
 7      70     1.9831      0.2       0.7     0.8708      0.0    0.0       2.277   25.0   0b1111111111111111    20190411T160815838992
 8      70     1.9818      0.4       0.7     0.1948      0.3    0.8      10.172   25.0   0b1111111111111111    20190411T160815839320
 9      70     1.9680      0.0       0.0     0.8633      0.0    0.0       2.280   25.0   0b1111111111111111    20190411T160815839646
10      70     1.9860      0.0       0.0     0.1967      0.0    0.0      10.098   25.0   0b1111111111111111    20190411T160815839927
11      70     1.9718      0.0       0.0     0.8658      0.0    0.0       2.277   25.0   0b1111111111111111    20190411T160815840273
12      70     1.9703      0.0       0.0     0.1942      0.0    0.0      10.147   25.0   0b1111111111111111    20190411T160815840559
13      70     1.9575      0.0       0.0     0.8592      0.0    0.0       2.278   25.0   0b1111111111111111    20190411T160815840837
14      70     1.9784      0.2       0.8     0.1944      0.4    0.8      10.176   25.0   0b1111111111111111    20190411T160815841141
15      70     1.9785      0.0       0.0     0.8515      0.3    0.8       2.324   25.0   0b1111111111111111    20190411T160815841439
 0      60     1.9305      0.0       0.0     0.1908      0.0    0.0      10.116   25.1   0b1111111111111111    20190411T160819273928
 1      60     1.9275      0.0       0.0     0.8497      0.4    0.8       2.269   25.1   0b1111111111111111    20190411T160819274308
 2      60     1.9370      0.3       0.8     0.1909      0.2    0.8      10.146   25.1   0b1111111111111111    20190411T160819274624
 3      60     1.9358      0.0       0.0     0.8517      0.0    0.0       2.273   25.1   0b1111111111111111    20190411T160819274911
 4      60     1.9455      0.0       0.0     0.1933      0.0    0.0      10.063   25.1   0b1111111111111111    20190411T160819275292
 5      60     1.9429      0.4       0.8     0.8558      0.0    0.0       2.270   25.1   0b1111111111111111    20190411T160819275593
 6      60     1.9335      0.0       0.0     0.1925      0.0    0.0      10.044   25.1   0b1111111111111111    20190411T160819275875
 7      60     1.9320      0.0       0.0     0.8483      0.0    0.0       2.277   25.1   0b1111111111111111    20190411T160819276229
 8      60     1.9320      0.0       0.0     0.1898      0.3    0.8      10.177   25.1   0b1111111111111111    20190411T160819276548
 9      60     1.9178      0.0       0.0     0.8417      0.0    0.0       2.279   25.1   0b1111111111111111    20190411T160819276829
10      60     1.9358      0.0       0.0     0.1916      0.2    0.8      10.104   25.1   0b1111111111111111    20190411T160819277129
11      60     1.9222      0.0       0.0     0.8442      0.0    0.0       2.277   25.1   0b1111111111111111    20190411T160819277451
12      60     1.9200      0.0       0.0     0.1893      0.2    0.8      10.145   25.1   0b1111111111111111    20190411T160819277729
13      60     1.9087      0.0       0.0     0.8380      0.4    0.8       2.278   25.1   0b1111111111111111    20190411T160819278005
14      60     1.9282      0.0       0.0     0.1893      0.3    0.8      10.184   25.1   0b1111111111111111    20190411T160819278324
15      60     1.9275      0.0       0.0     0.8294      0.4    0.8       2.324   25.1   0b1111111111111111    20190411T160819278618
 0      50     1.8795      0.0       0.0     0.1858      0.0    0.0      10.114   25.1   0b1111111111111111    20190411T160822709302
 1      50     1.8765      0.0       0.0     0.8270      0.4    0.8       2.269   25.1   0b1111111111111111    20190411T160822709692
 2      50     1.8855      0.0       0.0     0.1858      0.0    0.0      10.146   25.1   0b1111111111111111    20190411T160822709986
 3      50     1.8847      0.0       0.0     0.8292      0.0    0.0       2.273   25.1   0b1111111111111111    20190411T160822710325
 4      50     1.8945      0.0       0.0     0.1880      0.4    0.8      10.077   25.1   0b1111111111111111    20190411T160822710612
 5      50     1.8908      0.0       0.0     0.8325      0.0    0.0       2.271   25.1   0b1111111111111111    20190411T160822710893
 6      50     1.8817      0.0       0.0     0.1872      0.4    0.8      10.054   25.1   0b1111111111111111    20190411T160822711230
 7      50     1.8803      0.0       0.0     0.8256      0.4    0.8       2.277   25.1   0b1111111111111111    20190411T160822711513
 8      50     1.8810      0.0       0.0     0.1846      0.4    0.8      10.191   25.1   0b1111111111111111    20190411T160822711789
 9      50     1.8675      0.0       0.0     0.8192      0.0    0.0       2.280   25.1   0b1111111111111111    20190411T160822712158
10      50     1.8844      0.4       0.8     0.1863      0.4    0.8      10.113   25.1   0b1111111111111111    20190411T160822712457
11      50     1.8712      0.0       0.0     0.8217      0.0    0.0       2.277   25.1   0b1111111111111111    20190411T160822712735
12      50     1.8691      0.2       0.7     0.1842      0.0    0.0      10.149   25.1   0b1111111111111111    20190411T160822713010
13      50     1.8589      0.4       0.8     0.8158      0.0    0.0       2.278   25.1   0b1111111111111111    20190411T160822713336
14      50     1.8773      0.0       0.0     0.1842      0.0    0.0      10.193   25.1   0b1111111111111111    20190411T160822713617
15      50     1.8765      0.0       0.0     0.8075      0.0    0.0       2.324   25.1   0b1111111111111111    20190411T160822713892
 0      40     1.8285      0.0       0.0     0.1806      0.4    0.8      10.126   25.1   0b1111111111111111    20190411T160826144633
 1      40     1.8253      0.3       0.7     0.8044      0.4    0.8       2.269   25.1   0b1111111111111111    20190411T160826145004
 2      40     1.8345      0.0       0.0     0.1808      0.2    0.8      10.149   25.1   0b1111111111111111    20190411T160826145382
 3      40     1.8330      0.0       0.0     0.8061      0.4    0.8       2.274   25.1   0b1111111111111111    20190411T160826145678
 4      40     1.8412      0.2       0.8     0.1826      0.2    0.8      10.084   25.1   0b1111111111111111    20190411T160826145963
 5      40     1.8389      0.2       0.8     0.8097      0.4    0.8       2.271   25.1   0b1111111111111111    20190411T160826146299
 6      40     1.8293      0.0       0.0     0.1817      0.0    0.0      10.069   25.1   0b1111111111111111    20190411T160826146584
 7      40     1.8278      0.0       0.0     0.8023      0.3    0.8       2.278   25.1   0b1111111111111111    20190411T160826146863
 8      40     1.8293      0.0       0.0     0.1793      0.2    0.8      10.205   25.1   0b1111111111111111    20190411T160826147249
 9      40     1.8165      0.0       0.0     0.7968      0.2    0.8       2.280   25.1   0b1111111111111111    20190411T160826147537
10      40     1.8330      0.0       0.0     0.1810      0.3    0.8      10.127   25.1   0b1111111111111111    20190411T160826147815
11      40     1.8197      0.3       0.8     0.7992      0.0    0.0       2.277   25.1   0b1111111111111111    20190411T160826148091
12      40     1.8188      0.0       0.0     0.1792      0.0    0.0      10.151   25.1   0b1111111111111111    20190411T160826148425
13      40     1.8082      0.0       0.0     0.7936      0.4    0.8       2.279   25.1   0b1111111111111111    20190411T160826148701
14      40     1.8262      0.2       0.8     0.1792      0.0    0.0      10.193   25.1   0b1111111111111111    20190411T160826148974
15      40     1.8263      0.0       0.0     0.7858      0.0    0.0       2.324   25.1   0b1111111111111111    20190411T160826149299
 0      30     1.7790      0.0       0.0     0.1757      0.3    0.8      10.127   25.2   0b1111111111111111    20190411T160829576680
 1      30     1.7754      0.3       0.7     0.7825      0.0    0.0       2.269   25.2   0b1111111111111111    20190411T160829577063
 2      30     1.7843      0.0       0.0     0.1758      0.2    0.8      10.152   25.2   0b1111111111111111    20190411T160829577452
 3      30     1.7835      0.0       0.0     0.7842      0.0    0.0       2.274   25.2   0b1111111111111111    20190411T160829577749
 4      30     1.7902      0.0       0.0     0.1775      0.0    0.0      10.086   25.2   0b1111111111111111    20190411T160829578034
 5      30     1.7876      0.4       0.7     0.7870      0.4    0.8       2.271   25.2   0b1111111111111111    20190411T160829578363
 6      30     1.7782      0.0       0.0     0.1767      0.0    0.0      10.066   25.2   0b1111111111111111    20190411T160829578646
 7      30     1.7775      0.0       0.0     0.7800      0.0    0.0       2.279   25.2   0b1111111111111111    20190411T160829578925
 8      30     1.7797      0.0       0.0     0.1742      0.3    0.8      10.214   25.2   0b1111111111111111    20190411T160829579258
 9      30     1.7665      0.3       0.7     0.7750      0.0    0.0       2.279   25.2   0b1111111111111111    20190411T160829579542
10      30     1.7828      0.0       0.0     0.1761      0.4    0.8      10.124   25.2   0b1111111111111111    20190411T160829579869
11      30     1.7708      0.0       0.0     0.7775      0.0    0.0       2.277   25.2   0b1111111111111111    20190411T160829580226
12      30     1.7700      0.0       0.0     0.1742      0.0    0.0      10.163   25.2   0b1111111111111111    20190411T160829580512
13      30     1.7602      0.0       0.0     0.7724      0.3    0.8       2.279   25.2   0b1111111111111111    20190411T160829580789
14      30     1.7768      0.2       0.7     0.1742      0.3    0.8      10.197   25.2   0b1111111111111111    20190411T160829581064
15      30     1.7768      0.0       0.0     0.7642      0.3    0.8       2.325   25.2   0b1111111111111111    20190411T160829581395
 0      20     1.7295      0.0       0.0     0.1708      0.2    0.8      10.129   25.1   0b1111111111111111    20190411T160833010938
 1      20     1.7258      0.0       0.0     0.7606      0.4    0.8       2.269   25.1   0b1111111111111111    20190411T160833011333
 2      20     1.7342      0.3       0.8     0.1707      0.3    0.8      10.161   25.1   0b1111111111111111    20190411T160833011725
 3      20     1.7334      0.3       0.8     0.7623      0.3    0.8       2.274   25.1   0b1111111111111111    20190411T160833012020
 4      20     1.7385      0.0       0.0     0.1725      0.0    0.0      10.078   25.1   0b1111111111111111    20190411T160833012303
 5      20     1.7357      0.3       0.8     0.7642      0.0    0.0       2.271   25.1   0b1111111111111111    20190411T160833012635
 6      20     1.7273      0.0       0.0     0.1717      0.0    0.0      10.062   25.1   0b1111111111111111    20190411T160833012919
 7      20     1.7265      0.0       0.0     0.7575      0.0    0.0       2.279   25.1   0b1111111111111111    20190411T160833013198
 8      20     1.7295      0.0       0.0     0.1692      0.0    0.0      10.224   25.1   0b1111111111111111    20190411T160833013527
 9      20     1.7167      0.0       0.0     0.7533      0.0    0.0       2.279   25.1   0b1111111111111111    20190411T160833013848
10      20     1.7325      0.0       0.0     0.1709      0.3    0.8      10.137   25.1   0b1111111111111111    20190411T160833014132
11      20     1.7205      0.0       0.0     0.7554      0.4    0.8       2.278   25.1   0b1111111111111111    20190411T160833014485
12      20     1.7203      0.3       0.8     0.1692      0.0    0.0      10.169   25.1   0b1111111111111111    20190411T160833014634
13      20     1.7108      0.2       0.8     0.7508      0.0    0.0       2.279   25.1   0b1111111111111111    20190411T160833014769
14      20     1.7273      0.0       0.0     0.1692      0.0    0.0      10.210   25.1   0b1111111111111111    20190411T160833014903
15      20     1.7273      0.0       0.0     0.7429      0.4    0.8       2.325   25.1   0b1111111111111111    20190411T160833015037
 0      10     1.6800      0.0       0.0     0.1658      0.2    0.8      10.136   25.2   0b1111111111111111    20190411T160836443573
 1      10     1.6763      0.0       0.0     0.7387      0.4    0.8       2.269   25.2   0b1111111111111111    20190411T160836444154
 2      10     1.6845      0.0       0.0     0.1658      0.0    0.0      10.158   25.2   0b1111111111111111    20190411T160836444657
 3      10     1.6837      0.0       0.0     0.7401      0.2    0.8       2.275   25.2   0b1111111111111111    20190411T160836445223
 4      10     1.6868      0.2       0.8     0.1672      0.4    0.8      10.086   25.2   0b1111111111111111    20190411T160836445494
 5      10     1.6845      0.0       0.0     0.7417      0.0    0.0       2.271   25.2   0b1111111111111111    20190411T160836445733
 6      10     1.6763      0.0       0.0     0.1667      0.0    0.0      10.057   25.2   0b1111111111111111    20190411T160836445979
 7      10     1.6755      0.0       0.0     0.7353      0.4    0.8       2.279   25.2   0b1111111111111111    20190411T160836446257
 8      10     1.6793      0.0       0.0     0.1642      0.0    0.0      10.229   25.2   0b1111111111111111    20190411T160836446542
 9      10     1.6669      0.4       0.8     0.7311      0.4    0.8       2.280   25.2   0b1111111111111111    20190411T160836446792
10      10     1.6822      0.0       0.0     0.1659      0.2    0.8      10.139   25.2   0b1111111111111111    20190411T160836447042
11      10     1.6705      0.3       0.8     0.7333      0.0    0.0       2.278   25.2   0b1111111111111111    20190411T160836447295
12      10     1.6710      0.0       0.0     0.1642      0.3    0.8      10.174   25.2   0b1111111111111111    20190411T160836447548
13      10     1.6620      0.0       0.0     0.7292      0.0    0.0       2.279   25.2   0b1111111111111111    20190411T160836447799
14      10     1.6778      0.0       0.0     0.1642      0.3    0.8      10.215   25.2   0b1111111111111111    20190411T160836448036
15      10     1.6778      0.0       0.0     0.7217      0.0    0.0       2.325   25.2   0b1111111111111111    20190411T160836448231
 0       0     1.6305      0.0       0.0     0.1606      0.4    0.8      10.154   25.2   0b1111111111111111    20190411T160839879060
 1       0     1.6267      0.0       0.0     0.7167      0.0    0.0       2.270   25.2   0b1111111111111111    20190411T160839879531
 2       0     1.6350      0.0       0.0     0.1608      0.0    0.0      10.166   25.2   0b1111111111111111    20190411T160839879835
 3       0     1.6343      0.0       0.0     0.7184      0.3    0.8       2.275   25.2   0b1111111111111111    20190411T160839880123
 4       0     1.6354      0.4       0.7     0.1618      0.2    0.8      10.111   25.2   0b1111111111111111    20190411T160839880464
 5       0     1.6335      0.0       0.0     0.7192      0.0    0.0       2.271   25.2   0b1111111111111111    20190411T160839880751
 6       0     1.6252      0.0       0.0     0.1614      0.4    0.8      10.069   25.2   0b1111111111111111    20190411T160839881030
 7       0     1.6238      0.2       0.8     0.7125      0.0    0.0       2.279   25.2   0b1111111111111111    20190411T160839881308
 8       0     1.6282      0.0       0.0     0.1592      0.0    0.0      10.230   25.2   0b1111111111111111    20190411T160839881654
 9       0     1.6170      0.0       0.0     0.7092      0.0    0.0       2.280   25.2   0b1111111111111111    20190411T160839881935
10       0     1.6320      0.0       0.0     0.1608      0.0    0.0      10.147   25.2   0b1111111111111111    20190411T160839882210
11       0     1.6200      0.0       0.0     0.7111      0.4    0.8       2.278   25.2   0b1111111111111111    20190411T160839882549
12       0     1.6213      0.3       0.8     0.1593      0.3    0.8      10.175   25.2   0b1111111111111111    20190411T160839882835
13       0     1.6125      0.0       0.0     0.7075      0.0    0.0       2.279   25.2   0b1111111111111111    20190411T160839883112
14       0     1.6275      0.0       0.0     0.1592      0.0    0.0      10.225   25.2   0b1111111111111111    20190411T160839883439
15       0     1.6275      0.0       0.0     0.7000      0.0    0.0       2.325   25.2   0b1111111111111111    20190411T160839883720
