CH# Vset[DAC]   V[V]    dVRMS[mV] dVpp[mV]    I[A]  dIRMS[mA] dIpp[mA]   R[ohm]   T[C]   State                Timestamp
 0     250     2.8373      0.0       0.0     0.5578      1.1    4.2       5.086   24.6   0b1111111111111111    20190409T145744787538
 1     250     2.7157      0.0       0.0     2.5694      0.7    2.5       1.057   24.6   0b1111111111111111    20190409T145744787945
 2     250     2.8268      0.0       0.0     0.5587      1.9    6.7       5.060   24.6   0b1111111111111111    20190409T145744788253
 3     250     2.7121      0.2       0.7     2.5644      0.5    1.7       1.058   24.6   0b1111111111111111    20190409T145744788624
 4     250     2.8280      0.3       0.7     0.5605      0.7    2.5       5.046   24.6   0b1111111111111111    20190409T145744788921
 5     250     2.7111      0.3       0.7     2.5693      0.4    1.7       1.055   24.6   0b1111111111111111    20190409T145744789207
 6     250     2.8283      0.0       0.0     0.5602      1.4    5.0       5.049   24.6   0b1111111111111111    20190409T145744789545
 7     250     2.7148      0.3       0.8     2.5766      0.4    1.7       1.054   24.6   0b1111111111111111    20190409T145744789834
 8     250     2.8425      0.0       0.0     0.5573      1.6    5.8       5.101   24.6   0b1111111111111111    20190409T145744790115
 9     250     2.7246      0.6       1.5     2.5712      0.4    0.8       1.060   24.6   0b1111111111111111    20190409T145744790453
10     250     2.8223      0.0       0.0     0.5602      1.2    4.2       5.038   24.6   0b1111111111111111    20190409T145744790786
11     250     2.7209      0.6       1.5     2.5947      0.7    2.5       1.049   24.6   0b1111111111111111    20190409T145744791071
12     250     2.8380      0.0       0.0     0.5569      0.7    1.7       5.096   24.6   0b1111111111111111    20190409T145744791351
13     250     2.7246      0.6       1.5     2.5603      0.8    2.5       1.064   24.6   0b1111111111111111    20190409T145744791697
14     250     2.8470      0.0       0.0     0.5595      1.1    2.5       5.088   24.6   0b1111111111111111    20190409T145744791977
15     250     2.6946      0.7       2.2     2.5487      0.8    2.5       1.057   24.6   0b1111111111111111    20190409T145744792259
 0     240     2.7900      0.0       0.0     0.5493      0.6    1.7       5.080   24.8   0b1111111111111111    20190409T145748222673
 1     240     2.7083      0.2       0.7     2.5623      0.5    1.7       1.057   24.8   0b1111111111111111    20190409T145748223072
 2     240     2.7795      0.0       0.0     0.5504      1.0    4.2       5.050   24.8   0b1111111111111111    20190409T145748223472
 3     240     2.7059      0.2       0.7     2.5587      0.6    1.7       1.058   24.8   0b1111111111111111    20190409T145748223777
 4     240     2.7802      0.0       0.0     0.5504      0.7    2.5       5.051   24.8   0b1111111111111111    20190409T145748224068
 5     240     2.7021      0.3       0.8     2.5608      0.4    1.7       1.055   24.8   0b1111111111111111    20190409T145748224424
 6     240     2.7809      0.2       0.7     0.5509      0.4    1.7       5.048   24.8   0b1111111111111111    20190409T145748224712
 7     240     2.7067      0.2       0.8     2.5693      0.4    1.7       1.053   24.8   0b1111111111111111    20190409T145748224995
 8     240     2.7952      0.0       0.0     0.5489      0.8    3.3       5.092   24.8   0b1111111111111111    20190409T145748225348
 9     240     2.7155      0.3       0.7     2.5627      0.5    1.7       1.060   24.8   0b1111111111111111    20190409T145748225668
10     240     2.7745      0.4       0.8     0.5507      0.5    1.7       5.039   24.8   0b1111111111111111    20190409T145748225951
11     240     2.7122      0.3       0.7     2.5867      0.4    1.7       1.049   24.8   0b1111111111111111    20190409T145748226291
12     240     2.7900      0.0       0.0     0.5482      0.5    1.7       5.090   24.8   0b1111111111111111    20190409T145748226581
13     240     2.7151      0.4       1.5     2.5513      0.6    1.7       1.064   24.8   0b1111111111111111    20190409T145748226864
14     240     2.7990      0.0       0.0     0.5503      0.4    0.8       5.086   24.8   0b1111111111111111    20190409T145748227208
15     240     2.6880      0.3       1.5     2.5424      0.4    1.7       1.057   24.8   0b1111111111111111    20190409T145748227496
 0     230     2.7435      0.0       0.0     0.5402      0.5    1.7       5.079   24.9   0b1111111111111111    20190409T145751654311
 1     230     2.6962      0.0       0.0     2.5508      0.4    1.7       1.057   24.9   0b1111111111111111    20190409T145751654699
 2     230     2.7334      0.4       0.8     0.5414      0.4    0.8       5.049   24.9   0b1111111111111111    20190409T145751655009
 3     230     2.6953      0.3       0.8     2.5485      0.3    0.8       1.058   24.9   0b1111111111111111    20190409T145751655355
 4     230     2.7338      0.0       0.0     0.5412      0.4    0.8       5.052   24.9   0b1111111111111111    20190409T145751655647
 5     230     2.6869      0.4       0.7     2.5463      0.4    0.8       1.055   24.9   0b1111111111111111    20190409T145751655933
 6     230     2.7338      0.2       0.7     0.5413      0.6    1.7       5.051   24.9   0b1111111111111111    20190409T145751656271
 7     230     2.6929      0.4       0.8     2.5559      0.4    1.7       1.054   24.9   0b1111111111111111    20190409T145751656561
 8     230     2.7488      0.0       0.0     0.5396      0.7    1.7       5.094   24.9   0b1111111111111111    20190409T145751656843
 9     230     2.7015      0.0       0.0     2.5496      0.4    0.8       1.060   24.9   0b1111111111111111    20190409T145751657215
10     230     2.7285      0.0       0.0     0.5417      0.4    1.7       5.037   24.9   0b1111111111111111    20190409T145751657514
11     230     2.6986      0.3       0.8     2.5740      0.6    1.7       1.048   24.9   0b1111111111111111    20190409T145751657796
12     230     2.7435      0.0       0.0     0.5388      0.4    0.8       5.092   24.9   0b1111111111111111    20190409T145751658074
13     230     2.7007      0.0       0.0     2.5381      0.5    1.7       1.064   24.9   0b1111111111111111    20190409T145751658420
14     230     2.7524      0.2       0.8     0.5410      0.3    0.8       5.088   24.9   0b1111111111111111    20190409T145751658704
15     230     2.6786      0.4       0.8     2.5337      0.4    0.8       1.057   24.9   0b1111111111111111    20190409T145751658984
 0     220     2.6948      0.2       0.8     0.5307      0.6    1.7       5.077   25.0   0b1111111111111111    20190409T145755092242
 1     220     2.6737      0.0       0.0     2.5290      0.3    0.8       1.057   25.0   0b1111111111111111    20190409T145755092635
 2     220     2.6851      0.2       0.8     0.5317      0.4    1.7       5.050   25.0   0b1111111111111111    20190409T145755092944
 3     220     2.6760      0.0       0.0     2.5309      0.3    0.8       1.057   25.0   0b1111111111111111    20190409T145755093295
 4     220     2.6872      0.0       0.0     0.5317      0.0    0.0       5.054   25.0   0b1111111111111111    20190409T145755093590
 5     220     2.6588      0.2       0.7     2.5195      0.4    0.8       1.055   25.0   0b1111111111111111    20190409T145755093877
 6     220     2.6865      0.0       0.0     0.5319      0.4    0.8       5.051   25.0   0b1111111111111111    20190409T145755094223
 7     220     2.6678      0.0       0.0     2.5322      0.5    1.7       1.054   25.0   0b1111111111111111    20190409T145755094512
 8     220     2.7007      0.0       0.0     0.5303      0.4    0.8       5.093   25.0   0b1111111111111111    20190409T145755094793
 9     220     2.6767      0.0       0.0     2.5262      0.4    0.8       1.060   25.0   0b1111111111111111    20190409T145755095080
10     220     2.6812      0.0       0.0     0.5321      0.4    0.8       5.039   25.0   0b1111111111111111    20190409T145755095441
11     220     2.6744      0.2       0.8     2.5505      0.4    0.8       1.049   25.0   0b1111111111111111    20190409T145755095724
12     220     2.6949      0.3       0.8     0.5293      0.3    0.8       5.091   25.0   0b1111111111111111    20190409T145755096004
13     220     2.6752      0.0       0.0     2.5138      0.4    0.8       1.064   25.0   0b1111111111111111    20190409T145755096351
14     220     2.7030      0.0       0.0     0.5310      0.3    0.8       5.090   25.0   0b1111111111111111    20190409T145755096639
15     220     2.6610      0.0       0.0     2.5173      0.3    0.8       1.057   25.0   0b1111111111111111    20190409T145755096920
 0     210     2.6468      0.0       0.0     0.5210      0.3    0.8       5.080   25.2   0b1111111111111111    20190409T145758528202
 1     210     2.6362      0.0       0.0     2.4937      0.4    0.8       1.057   25.2   0b1111111111111111    20190409T145758528609
 2     210     2.6373      0.4       0.7     0.5220      0.4    0.8       5.052   25.2   0b1111111111111111    20190409T145758528908
 3     210     2.6415      0.0       0.0     2.4979      0.4    0.8       1.057   25.2   0b1111111111111111    20190409T145758529254
 4     210     2.6389      0.4       0.8     0.5223      0.3    0.8       5.052   25.2   0b1111111111111111    20190409T145758529547
 5     210     2.6174      0.2       0.7     2.4800      0.4    1.7       1.055   25.2   0b1111111111111111    20190409T145758529831
 6     210     2.6380      0.3       0.7     0.5223      0.3    0.8       5.050   25.2   0b1111111111111111    20190409T145758530142
 7     210     2.6273      0.2       0.8     2.4941      0.2    0.8       1.053   25.2   0b1111111111111111    20190409T145758530444
 8     210     2.6528      0.0       0.0     0.5209      0.2    0.8       5.092   25.2   0b1111111111111111    20190409T145758530723
 9     210     2.6370      0.0       0.0     2.4884      0.2    0.8       1.060   25.2   0b1111111111111111    20190409T145758531060
10     210     2.6332      0.0       0.0     0.5225      0.0    0.0       5.040   25.2   0b1111111111111111    20190409T145758531404
11     210     2.6348      0.2       0.7     2.5129      0.6    1.7       1.049   25.2   0b1111111111111111    20190409T145758531687
12     210     2.6467      0.2       0.8     0.5198      0.3    0.8       5.091   25.2   0b1111111111111111    20190409T145758531965
13     210     2.6348      0.0       0.0     2.4758      0.3    0.8       1.064   25.2   0b1111111111111111    20190409T145758532297
14     210     2.6543      0.0       0.0     0.5217      0.4    1.7       5.088   25.2   0b1111111111111111    20190409T145758532582
15     210     2.6299      0.4       0.8     2.4878      0.4    0.8       1.057   25.2   0b1111111111111111    20190409T145758532860
 0     200     2.5980      0.0       0.0     0.5115      0.3    0.8       5.079   25.3   0b1111111111111111    20190409T145801963423
 1     200     2.5896      0.3       0.8     2.4493      0.2    0.8       1.057   25.3   0b1111111111111111    20190409T145801963804
 2     200     2.5890      0.0       0.0     0.5125      0.0    0.0       5.052   25.3   0b1111111111111111    20190409T145801964164
 3     200     2.5957      0.0       0.0     2.4543      0.4    1.7       1.058   25.3   0b1111111111111111    20190409T145801964498
 4     200     2.5905      0.0       0.0     0.5127      0.3    0.8       5.053   25.3   0b1111111111111111    20190409T145801964792
 5     200     2.5700      0.3       0.8     2.4350      0.0    0.0       1.055   25.3   0b1111111111111111    20190409T145801965081
 6     200     2.5893      0.4       0.8     0.5128      0.4    0.8       5.050   25.3   0b1111111111111111    20190409T145801965420
 7     200     2.5801      0.2       0.8     2.4493      0.3    0.8       1.053   25.3   0b1111111111111111    20190409T145801965704
 8     200     2.6040      0.0       0.0     0.5112      0.4    0.8       5.094   25.3   0b1111111111111111    20190409T145801966036
 9     200     2.5897      0.0       0.0     2.4440      0.3    0.8       1.060   25.3   0b1111111111111111    20190409T145801966374
10     200     2.5851      0.3       0.8     0.5131      0.4    0.8       5.038   25.3   0b1111111111111111    20190409T145801966662
11     200     2.5881      0.3       0.8     2.4681      0.4    0.8       1.049   25.3   0b1111111111111111    20190409T145801966944
12     200     2.5972      0.0       0.0     0.5101      0.2    0.8       5.092   25.3   0b1111111111111111    20190409T145801967288
13     200     2.5870      0.3       0.8     2.4310      0.3    0.8       1.064   25.3   0b1111111111111111    20190409T145801967574
14     200     2.6055      0.0       0.0     0.5123      0.4    0.8       5.086   25.3   0b1111111111111111    20190409T145801967854
15     200     2.5852      0.0       0.0     2.4458      0.0    0.0       1.057   25.3   0b1111111111111111    20190409T145801968180
 0     190     2.5508      0.0       0.0     0.5022      0.4    0.8       5.079   25.4   0b1111111111111111    20190409T145805399151
 1     190     2.5433      0.0       0.0     2.4052      0.3    0.8       1.057   25.4   0b1111111111111111    20190409T145805399561
 2     190     2.5421      0.4       0.7     0.5036      0.4    0.8       5.048   25.4   0b1111111111111111    20190409T145805399857
 3     190     2.5493      0.0       0.0     2.4106      0.4    0.8       1.058   25.4   0b1111111111111111    20190409T145805400197
 4     190     2.5440      0.0       0.0     0.5035      0.3    0.8       5.053   25.4   0b1111111111111111    20190409T145805400488
 5     190     2.5238      0.2       0.8     2.3917      0.0    0.0       1.055   25.4   0b1111111111111111    20190409T145805400771
 6     190     2.5419      0.3       0.7     0.5032      0.3    0.8       5.052   25.4   0b1111111111111111    20190409T145805401051
 7     190     2.5337      0.3       0.8     2.4053      0.4    0.8       1.053   25.4   0b1111111111111111    20190409T145805401374
 8     190     2.5568      0.0       0.0     0.5021      0.4    0.8       5.092   25.4   0b1111111111111111    20190409T145805401709
 9     190     2.5440      0.0       0.0     2.4008      0.0    0.0       1.060   25.4   0b1111111111111111    20190409T145805401997
10     190     2.5379      0.2       0.8     0.5037      0.4    0.8       5.039   25.4   0b1111111111111111    20190409T145805402332
11     190     2.5402      0.0       0.0     2.4225      0.0    0.0       1.049   25.4   0b1111111111111111    20190409T145805402619
12     190     2.5508      0.0       0.0     0.5009      0.2    0.8       5.092   25.4   0b1111111111111111    20190409T145805402899
13     190     2.5395      0.0       0.0     2.3867      0.0    0.0       1.064   25.4   0b1111111111111111    20190409T145805403235
14     190     2.5583      0.0       0.0     0.5030      0.4    0.8       5.086   25.4   0b1111111111111111    20190409T145805403520
15     190     2.5395      0.0       0.0     2.4020      0.4    0.8       1.057   25.4   0b1111111111111111    20190409T145805403798
 0     180     2.5021      0.3       0.8     0.4925      0.0    0.0       5.081   25.5   0b1111111111111111    20190409T145808839238
 1     180     2.4946      0.3       0.8     2.3600      0.0    0.0       1.057   25.5   0b1111111111111111    20190409T145808839618
 2     180     2.4939      0.3       0.8     0.4939      0.4    0.8       5.049   25.5   0b1111111111111111    20190409T145808839915
 3     180     2.5005      0.0       0.0     2.3645      0.4    0.8       1.058   25.5   0b1111111111111111    20190409T145808840225
 4     180     2.4960      0.0       0.0     0.4941      0.2    0.8       5.052   25.5   0b1111111111111111    20190409T145808840514
 5     180     2.4761      0.4       0.8     2.3460      0.3    0.8       1.055   25.5   0b1111111111111111    20190409T145808840797
 6     180     2.4937      0.0       0.0     0.4937      0.4    0.8       5.051   25.5   0b1111111111111111    20190409T145808841076
 7     180     2.4855      0.0       0.0     2.3598      0.4    0.8       1.053   25.5   0b1111111111111111    20190409T145808841377
 8     180     2.5087      0.0       0.0     0.4925      0.0    0.0       5.094   25.5   0b1111111111111111    20190409T145808841704
 9     180     2.4957      0.4       0.8     2.3549      0.3    0.8       1.060   25.5   0b1111111111111111    20190409T145808841991
10     180     2.4895      0.3       0.8     0.4941      0.2    0.8       5.039   25.5   0b1111111111111111    20190409T145808842293
11     180     2.4922      0.2       0.8     2.3767      0.0    0.0       1.049   25.5   0b1111111111111111    20190409T145808842584
12     180     2.5020      0.0       0.0     0.4914      0.4    0.8       5.091   25.5   0b1111111111111111    20190409T145808842864
13     180     2.4908      0.2       0.8     2.3408      0.3    0.8       1.064   25.5   0b1111111111111111    20190409T145808843166
14     180     2.5095      0.0       0.0     0.4933      0.0    0.0       5.087   25.5   0b1111111111111111    20190409T145808843448
15     180     2.4908      0.2       0.8     2.3564      0.4    0.8       1.057   25.5   0b1111111111111111    20190409T145808843727
 0     170     2.4540      0.0       0.0     0.4829      0.4    0.8       5.082   25.6   0b1111111111111111    20190409T145812275182
 1     170     2.4465      0.0       0.0     2.3142      0.0    0.0       1.057   25.6   0b1111111111111111    20190409T145812275571
 2     170     2.4457      0.0       0.0     0.4843      0.3    0.8       5.050   25.6   0b1111111111111111    20190409T145812275869
 3     170     2.4518      0.0       0.0     2.3184      0.3    0.8       1.058   25.6   0b1111111111111111    20190409T145812276179
 4     170     2.4473      0.0       0.0     0.4846      0.4    0.8       5.050   25.6   0b1111111111111111    20190409T145812276465
 5     170     2.4285      0.0       0.0     2.3008      0.0    0.0       1.055   25.6   0b1111111111111111    20190409T145812276748
 6     170     2.4451      0.2       0.7     0.4842      0.0    0.0       5.050   25.6   0b1111111111111111    20190409T145812277027
 7     170     2.4375      0.0       0.0     2.3133      0.0    0.0       1.054   25.6   0b1111111111111111    20190409T145812277357
 8     170     2.4600      0.0       0.0     0.4831      0.4    0.8       5.092   25.6   0b1111111111111111    20190409T145812277664
 9     170     2.4473      0.0       0.0     2.3097      0.4    0.8       1.060   25.6   0b1111111111111111    20190409T145812277944
10     170     2.4412      0.0       0.0     0.4842      0.0    0.0       5.042   25.6   0b1111111111111111    20190409T145812278244
11     170     2.4441      0.3       0.8     2.3309      0.2    0.8       1.049   25.6   0b1111111111111111    20190409T145812278525
12     170     2.4533      0.0       0.0     0.4817      0.0    0.0       5.093   25.6   0b1111111111111111    20190409T145812278803
13     170     2.4428      0.0       0.0     2.2953      0.4    0.8       1.064   25.6   0b1111111111111111    20190409T145812279080
14     170     2.4608      0.0       0.0     0.4836      0.4    0.8       5.089   25.6   0b1111111111111111    20190409T145812279382
15     170     2.4428      0.0       0.0     2.3108      0.3    0.8       1.057   25.6   0b1111111111111111    20190409T145812279660
 0     160     2.4052      0.0       0.0     0.4733      0.0    0.0       5.082   25.7   0b1111111111111111    20190409T145815713524
 1     160     2.3983      0.3       0.7     2.2683      0.4    1.7       1.057   25.7   0b1111111111111111    20190409T145815713917
 2     160     2.3978      0.0       0.0     0.4750      0.0    0.0       5.048   25.7   0b1111111111111111    20190409T145815714249
 3     160     2.4030      0.0       0.0     2.2728      0.4    0.8       1.057   25.7   0b1111111111111111    20190409T145815714542
 4     160     2.3987      0.3       0.8     0.4748      0.4    0.8       5.053   25.7   0b1111111111111111    20190409T145815714827
 5     160     2.3805      0.0       0.0     2.2558      0.0    0.0       1.055   25.7   0b1111111111111111    20190409T145815715128
 6     160     2.3970      0.0       0.0     0.4744      0.4    0.8       5.053   25.7   0b1111111111111111    20190409T145815715414
 7     160     2.3893      0.3       0.7     2.2675      0.0    0.0       1.054   25.7   0b1111111111111111    20190409T145815715694
 8     160     2.4112      0.0       0.0     0.4734      0.2    0.8       5.093   25.7   0b1111111111111111    20190409T145815715975
 9     160     2.3992      0.0       0.0     2.2641      0.3    0.8       1.060   25.7   0b1111111111111111    20190409T145815716319
10     160     2.3933      0.0       0.0     0.4748      0.3    0.8       5.040   25.7   0b1111111111111111    20190409T145815716618
11     160     2.3956      0.3       0.7     2.2850      0.4    1.7       1.048   25.7   0b1111111111111111    20190409T145815716898
12     160     2.4045      0.0       0.0     0.4723      0.4    0.8       5.092   25.7   0b1111111111111111    20190409T145815717202
13     160     2.3940      0.0       0.0     2.2500      0.0    0.0       1.064   25.7   0b1111111111111111    20190409T145815717482
14     160     2.4120      0.0       0.0     0.4742      0.0    0.0       5.087   25.7   0b1111111111111111    20190409T145815717760
15     160     2.3940      0.0       0.0     2.2647      0.4    0.8       1.057   25.7   0b1111111111111111    20190409T145815718036
 0     150     2.3594      0.2       0.8     0.4642      0.0    0.0       5.083   25.8   0b1111111111111111    20190409T145819147783
 1     150     2.3527      0.0       0.0     2.2250      0.0    0.0       1.057   25.8   0b1111111111111111    20190409T145819148206
 2     150     2.3513      0.0       0.0     0.4658      0.0    0.0       5.047   25.8   0b1111111111111111    20190409T145819148521
 3     150     2.3565      0.0       0.0     2.2289      0.4    0.8       1.057   25.8   0b1111111111111111    20190409T145819148814
 4     150     2.3527      0.0       0.0     0.4657      0.2    0.8       5.052   25.8   0b1111111111111111    20190409T145819149102
 5     150     2.3340      0.0       0.0     2.2119      0.4    0.8       1.055   25.8   0b1111111111111111    20190409T145819149412
 6     150     2.3513      0.0       0.0     0.4655      0.4    0.8       5.051   25.8   0b1111111111111111    20190409T145819149693
 7     150     2.3430      0.0       0.0     2.2232      0.3    0.8       1.054   25.8   0b1111111111111111    20190409T145819150010
 8     150     2.3655      0.0       0.0     0.4646      0.4    0.8       5.092   25.8   0b1111111111111111    20190409T145819150310
 9     150     2.3527      0.0       0.0     2.2204      0.4    0.8       1.060   25.8   0b1111111111111111    20190409T145819150590
10     150     2.3475      0.0       0.0     0.4658      0.0    0.0       5.039   25.8   0b1111111111111111    20190409T145819150871
11     150     2.3506      0.2       0.8     2.2418      0.3    0.8       1.049   25.8   0b1111111111111111    20190409T145819151172
12     150     2.3580      0.0       0.0     0.4629      0.4    0.8       5.094   25.8   0b1111111111111111    20190409T145819151457
13     150     2.3472      0.4       0.8     2.2058      0.0    0.0       1.064   25.8   0b1111111111111111    20190409T145819151735
14     150     2.3648      0.2       0.8     0.4649      0.3    0.8       5.087   25.8   0b1111111111111111    20190409T145819152014
15     150     2.3483      0.0       0.0     2.2215      0.3    0.8       1.057   25.8   0b1111111111111111    20190409T145819152299
 0     140     2.3107      0.0       0.0     0.4549      0.2    0.8       5.080   25.9   0b1111111111111111    20190409T145822581989
 1     140     2.3047      0.0       0.0     2.1796      0.4    0.8       1.057   25.9   0b1111111111111111    20190409T145822582405
 2     140     2.3035      0.4       0.8     0.4563      0.4    0.8       5.048   25.9   0b1111111111111111    20190409T145822582718
 3     140     2.3085      0.0       0.0     2.1833      0.0    0.0       1.057   25.9   0b1111111111111111    20190409T145822583009
 4     140     2.3047      0.0       0.0     0.4563      0.4    0.8       5.052   25.9   0b1111111111111111    20190409T145822583316
 5     140     2.2868      0.0       0.0     2.1673      0.4    0.8       1.055   25.9   0b1111111111111111    20190409T145822583603
 6     140     2.3032      0.0       0.0     0.4558      0.0    0.0       5.053   25.9   0b1111111111111111    20190409T145822583886
 7     140     2.2950      0.0       0.0     2.1777      0.3    0.8       1.054   25.9   0b1111111111111111    20190409T145822584197
 8     140     2.3175      0.0       0.0     0.4550      0.0    0.0       5.093   25.9   0b1111111111111111    20190409T145822584492
 9     140     2.3047      0.0       0.0     2.1754      0.4    0.8       1.059   25.9   0b1111111111111111    20190409T145822584773
10     140     2.2997      0.3       0.8     0.4563      0.4    0.8       5.040   25.9   0b1111111111111111    20190409T145822585096
11     140     2.3029      0.4       0.8     2.1961      0.4    0.8       1.049   25.9   0b1111111111111111    20190409T145822585400
12     140     2.3094      0.3       0.8     0.4533      0.0    0.0       5.094   25.9   0b1111111111111111    20190409T145822585680
13     140     2.2994      0.3       0.8     2.1607      0.2    0.8       1.064   25.9   0b1111111111111111    20190409T145822585959
14     140     2.3167      0.0       0.0     0.4554      0.4    0.8       5.087   25.9   0b1111111111111111    20190409T145822586260
15     140     2.3002      0.0       0.0     2.1761      0.4    0.8       1.057   25.9   0b1111111111111111    20190409T145822586539
 0     130     2.2629      0.3       0.7     0.4450      0.0    0.0       5.085   26.1   0b1111111111111111    20190409T145826019710
 1     130     2.2567      0.0       0.0     2.1342      0.0    0.0       1.057   26.1   0b1111111111111111    20190409T145826020098
 2     130     2.2560      0.0       0.0     0.4467      0.0    0.0       5.051   26.1   0b1111111111111111    20190409T145826020416
 3     130     2.2605      0.0       0.0     2.1383      0.0    0.0       1.057   26.1   0b1111111111111111    20190409T145826020708
 4     130     2.2567      0.0       0.0     0.4466      0.2    0.8       5.053   26.1   0b1111111111111111    20190409T145826020995
 5     130     2.2393      0.3       0.7     2.1224      0.3    0.8       1.055   26.1   0b1111111111111111    20190409T145826021305
 6     130     2.2553      0.0       0.0     0.4465      0.3    0.8       5.051   26.1   0b1111111111111111    20190409T145826021590
 7     130     2.2477      0.0       0.0     2.1324      0.2    0.8       1.054   26.1   0b1111111111111111    20190409T145826021870
 8     130     2.2695      0.0       0.0     0.4457      0.3    0.8       5.092   26.1   0b1111111111111111    20190409T145826022160
 9     130     2.2574      0.3       0.8     2.1300      0.0    0.0       1.060   26.1   0b1111111111111111    20190409T145826022441
10     130     2.2523      0.0       0.0     0.4467      0.0    0.0       5.042   26.1   0b1111111111111111    20190409T145826022740
11     130     2.2553      0.0       0.0     2.1508      0.3    0.8       1.049   26.1   0b1111111111111111    20190409T145826023043
12     130     2.2612      0.0       0.0     0.4437      0.4    0.8       5.097   26.1   0b1111111111111111    20190409T145826023345
13     130     2.2515      0.0       0.0     2.1158      0.0    0.0       1.064   26.1   0b1111111111111111    20190409T145826023623
14     130     2.2681      0.2       0.8     0.4458      0.0    0.0       5.087   26.1   0b1111111111111111    20190409T145826023903
15     130     2.2523      0.0       0.0     2.1306      0.4    0.8       1.057   26.1   0b1111111111111111    20190409T145826024208
 0     120     2.2155      0.0       0.0     0.4358      0.0    0.0       5.083   26.1   0b1111111111111111    20190409T145829452135
 1     120     2.2080      0.0       0.0     2.0877      0.3    0.8       1.058   26.1   0b1111111111111111    20190409T145829452373
 2     120     2.2082      0.3       0.7     0.4375      0.0    0.0       5.047   26.1   0b1111111111111111    20190409T145829452539
 3     120     2.2132      0.0       0.0     2.0933      0.0    0.0       1.057   26.1   0b1111111111111111    20190409T145829452692
 4     120     2.2102      0.0       0.0     0.4373      0.3    0.8       5.054   26.1   0b1111111111111111    20190409T145829452838
 5     120     2.1922      0.2       0.8     2.0777      0.3    0.8       1.055   26.1   0b1111111111111111    20190409T145829452980
 6     120     2.2080      0.0       0.0     0.4367      0.2    0.8       5.056   26.1   0b1111111111111111    20190409T145829453119
 7     120     2.2005      0.0       0.0     2.0875      0.0    0.0       1.054   26.1   0b1111111111111111    20190409T145829453264
 8     120     2.2213      0.3       0.8     0.4359      0.3    0.8       5.096   26.1   0b1111111111111111    20190409T145829453426
 9     120     2.2095      0.0       0.0     2.0850      0.0    0.0       1.060   26.1   0b1111111111111111    20190409T145829453565
10     120     2.2050      0.0       0.0     0.4374      0.2    0.8       5.041   26.1   0b1111111111111111    20190409T145829453703
11     120     2.2080      0.0       0.0     2.1058      0.0    0.0       1.049   26.1   0b1111111111111111    20190409T145829453839
12     120     2.2138      0.3       0.8     0.4342      0.0    0.0       5.099   26.1   0b1111111111111111    20190409T145829453975
13     120     2.2035      0.0       0.0     2.0708      0.0    0.0       1.064   26.1   0b1111111111111111    20190409T145829454110
14     120     2.2200      0.0       0.0     0.4361      0.4    0.8       5.091   26.1   0b1111111111111111    20190409T145829454248
15     120     2.2043      0.0       0.0     2.0850      0.0    0.0       1.057   26.1   0b1111111111111111    20190409T145829454391
 0     110     2.1698      0.0       0.0     0.4267      0.0    0.0       5.085   26.3   0b1111111111111111    20190409T145832882827
 1     110     2.1630      0.0       0.0     2.0450      0.0    0.0       1.058   26.3   0b1111111111111111    20190409T145832883219
 2     110     2.1630      0.0       0.0     0.4283      0.0    0.0       5.050   26.3   0b1111111111111111    20190409T145832883562
 3     110     2.1675      0.0       0.0     2.0496      0.4    0.8       1.058   26.3   0b1111111111111111    20190409T145832883859
 4     110     2.1645      0.0       0.0     0.4283      0.3    0.8       5.054   26.3   0b1111111111111111    20190409T145832884147
 5     110     2.1473      0.0       0.0     2.0351      0.2    0.8       1.055   26.3   0b1111111111111111    20190409T145832884464
 6     110     2.1623      0.0       0.0     0.4278      0.4    0.8       5.054   26.3   0b1111111111111111    20190409T145832884634
 7     110     2.1547      0.0       0.0     2.0442      0.0    0.0       1.054   26.3   0b1111111111111111    20190409T145832884771
 8     110     2.1758      0.0       0.0     0.4273      0.4    0.8       5.092   26.3   0b1111111111111111    20190409T145832884908
 9     110     2.1645      0.0       0.0     2.0423      0.3    0.8       1.060   26.3   0b1111111111111111    20190409T145832885046
10     110     2.1593      0.0       0.0     0.4282      0.3    0.8       5.042   26.3   0b1111111111111111    20190409T145832885182
11     110     2.1628      0.3       0.7     2.0623      0.3    0.8       1.049   26.3   0b1111111111111111    20190409T145832885318
12     110     2.1675      0.0       0.0     0.4251      0.2    0.8       5.099   26.3   0b1111111111111111    20190409T145832885483
13     110     2.1578      0.0       0.0     2.0279      0.4    0.8       1.064   26.3   0b1111111111111111    20190409T145832885620
14     110     2.1743      0.0       0.0     0.4273      0.4    0.8       5.089   26.3   0b1111111111111111    20190409T145832885755
15     110     2.1593      0.0       0.0     2.0417      0.0    0.0       1.058   26.3   0b1111111111111111    20190409T145832885890
 0     100     2.1221      0.4       0.8     0.4173      0.3    0.8       5.085   26.3   0b1111111111111111    20190409T145836319609
 1     100     2.1156      0.3       0.8     2.0000      0.0    0.0       1.058   26.3   0b1111111111111111    20190409T145836320001
 2     100     2.1157      0.0       0.0     0.4192      0.0    0.0       5.048   26.3   0b1111111111111111    20190409T145836320340
 3     100     2.1195      0.0       0.0     2.0046      0.4    0.8       1.057   26.3   0b1111111111111111    20190409T145836320642
 4     100     2.1167      0.3       0.8     0.4186      0.4    0.8       5.057   26.3   0b1111111111111111    20190409T145836320931
 5     100     2.1000      0.0       0.0     1.9908      0.0    0.0       1.055   26.3   0b1111111111111111    20190409T145836321240
 6     100     2.1147      0.4       0.7     0.4183      0.0    0.0       5.055   26.3   0b1111111111111111    20190409T145836321541
 7     100     2.1075      0.0       0.0     1.9992      0.0    0.0       1.054   26.3   0b1111111111111111    20190409T145836321824
 8     100     2.1277      0.0       0.0     0.4176      0.2    0.8       5.095   26.3   0b1111111111111111    20190409T145836322124
 9     100     2.1165      0.0       0.0     1.9973      0.3    0.8       1.060   26.3   0b1111111111111111    20190409T145836322453
10     100     2.1120      0.0       0.0     0.4188      0.4    0.8       5.044   26.3   0b1111111111111111    20190409T145836322740
11     100     2.1151      0.2       0.8     2.0167      0.3    0.8       1.049   26.3   0b1111111111111111    20190409T145836323020
12     100     2.1195      0.0       0.0     0.4158      0.0    0.0       5.097   26.3   0b1111111111111111    20190409T145836323325
13     100     2.1105      0.0       0.0     1.9831      0.4    0.8       1.064   26.3   0b1111111111111111    20190409T145836323606
14     100     2.1262      0.0       0.0     0.4176      0.2    0.8       5.092   26.3   0b1111111111111111    20190409T145836323884
15     100     2.1112      0.0       0.0     1.9962      0.4    0.8       1.058   26.3   0b1111111111111111    20190409T145836324192
 0      90     2.0753      0.0       0.0     0.4078      0.4    0.8       5.088   26.4   0b1111111111111111    20190409T145839758319
 1      90     2.0681      0.4       0.8     1.9550      0.0    0.0       1.058   26.4   0b1111111111111111    20190409T145839758708
 2      90     2.0685      0.0       0.0     0.4096      0.4    0.8       5.050   26.4   0b1111111111111111    20190409T145839759017
 3      90     2.0724      0.3       0.8     1.9599      0.2    0.8       1.057   26.4   0b1111111111111111    20190409T145839759339
 4      90     2.0700      0.0       0.0     0.4093      0.3    0.8       5.057   26.4   0b1111111111111111    20190409T145839759628
 5      90     2.0528      0.0       0.0     1.9459      0.2    0.8       1.055   26.4   0b1111111111111111    20190409T145839759914
 6      90     2.0685      0.0       0.0     0.4092      0.0    0.0       5.055   26.4   0b1111111111111111    20190409T145839760205
 7      90     2.0602      0.0       0.0     1.9542      0.0    0.0       1.054   26.4   0b1111111111111111    20190409T145839760487
 8      90     2.0798      0.0       0.0     0.4082      0.3    0.8       5.095   26.4   0b1111111111111111    20190409T145839760794
 9      90     2.0700      0.0       0.0     1.9532      0.3    0.8       1.060   26.4   0b1111111111111111    20190409T145839761078
10      90     2.0648      0.0       0.0     0.4093      0.3    0.8       5.044   26.4   0b1111111111111111    20190409T145839761418
11      90     2.0681      0.4       0.8     1.9718      0.3    0.8       1.049   26.4   0b1111111111111111    20190409T145839761699
12      90     2.0715      0.0       0.0     0.4060      0.3    0.8       5.102   26.4   0b1111111111111111    20190409T145839762004
13      90     2.0625      0.0       0.0     1.9380      0.4    0.8       1.064   26.4   0b1111111111111111    20190409T145839762291
14      90     2.0783      0.0       0.0     0.4083      0.3    0.8       5.091   26.4   0b1111111111111111    20190409T145839762569
15      90     2.0644      0.4       0.8     1.9517      0.0    0.0       1.058   26.4   0b1111111111111111    20190409T145839762848
 0      80     2.0273      0.2       0.8     0.3983      0.0    0.0       5.090   26.6   0b1111111111111111    20190409T145843196393
 1      80     2.0205      0.0       0.0     1.9101      0.2    0.8       1.058   26.6   0b1111111111111111    20190409T145843196779
 2      80     2.0206      0.3       0.7     0.4000      0.0    0.0       5.052   26.6   0b1111111111111111    20190409T145843197087
 3      80     2.0245      0.3       0.8     1.9142      0.3    0.8       1.058   26.6   0b1111111111111111    20190409T145843197409
 4      80     2.0220      0.0       0.0     0.3999      0.3    0.8       5.056   26.6   0b1111111111111111    20190409T145843197698
 5      80     2.0055      0.0       0.0     1.9008      0.0    0.0       1.055   26.6   0b1111111111111111    20190409T145843197993
 6      80     2.0205      0.0       0.0     0.3995      0.4    0.8       5.058   26.6   0b1111111111111111    20190409T145843198296
 7      80     2.0123      0.0       0.0     1.9090      0.3    0.8       1.054   26.6   0b1111111111111111    20190409T145843198579
 8      80     2.0317      0.0       0.0     0.3988      0.4    0.8       5.094   26.6   0b1111111111111111    20190409T145843198859
 9      80     2.0220      0.0       0.0     1.9083      0.3    0.8       1.060   26.6   0b1111111111111111    20190409T145843199198
10      80     2.0168      0.0       0.0     0.3999      0.3    0.8       5.043   26.6   0b1111111111111111    20190409T145843199484
11      80     2.0203      0.3       0.8     1.9260      0.3    0.8       1.049   26.6   0b1111111111111111    20190409T145843199764
12      80     2.0227      0.0       0.0     0.3967      0.0    0.0       5.099   26.6   0b1111111111111111    20190409T145843200044
13      80     2.0138      0.0       0.0     1.8925      0.0    0.0       1.064   26.6   0b1111111111111111    20190409T145843200347
14      80     2.0299      0.4       0.8     0.3988      0.4    0.8       5.091   26.6   0b1111111111111111    20190409T145843200627
15      80     2.0160      0.0       0.0     1.9058      0.0    0.0       1.058   26.6   0b1111111111111111    20190409T145843200906
 0      70     1.9795      0.3       0.8     0.3890      0.3    0.8       5.089   26.6   0b1111111111111111    20190409T145846629765
 1      70     1.9736      0.4       0.8     1.8656      0.4    0.8       1.058   26.6   0b1111111111111111    20190409T145846629992
 2      70     1.9735      0.3       0.8     0.3908      0.0    0.0       5.049   26.6   0b1111111111111111    20190409T145846630162
 3      70     1.9770      0.0       0.0     1.8693      0.3    0.8       1.058   26.6   0b1111111111111111    20190409T145846630314
 4      70     1.9740      0.0       0.0     0.3904      0.4    0.8       5.056   26.6   0b1111111111111111    20190409T145846630463
 5      70     1.9583      0.0       0.0     1.8567      0.0    0.0       1.055   26.6   0b1111111111111111    20190409T145846630606
 6      70     1.9725      0.0       0.0     0.3900      0.0    0.0       5.058   26.6   0b1111111111111111    20190409T145846630747
 7      70     1.9650      0.0       0.0     1.8638      0.4    0.8       1.054   26.6   0b1111111111111111    20190409T145846630887
 8      70     1.9845      0.0       0.0     0.3893      0.3    0.8       5.097   26.6   0b1111111111111111    20190409T145846631025
 9      70     1.9748      0.2       0.7     1.8634      0.3    0.8       1.060   26.6   0b1111111111111111    20190409T145846631180
10      70     1.9695      0.0       0.0     0.3902      0.3    0.8       5.048   26.6   0b1111111111111111    20190409T145846631319
11      70     1.9731      0.3       0.8     1.8808      0.0    0.0       1.049   26.6   0b1111111111111111    20190409T145846631461
12      70     1.9740      0.0       0.0     0.3868      0.2    0.8       5.104   26.6   0b1111111111111111    20190409T145846631598
13      70     1.9657      0.0       0.0     1.8468      0.3    0.8       1.064   26.6   0b1111111111111111    20190409T145846631734
14      70     1.9815      0.0       0.0     0.3892      0.0    0.0       5.092   26.6   0b1111111111111111    20190409T145846631871
15      70     1.9679      0.2       0.8     1.8600      0.0    0.0       1.058   26.6   0b1111111111111111    20190409T145846632007
 0      60     1.9294      0.4       0.8     0.3792      0.0    0.0       5.088   26.7   0b1111111111111111    20190409T145850063635
 1      60     1.9236      0.3       0.8     1.8183      0.2    0.8       1.058   26.7   0b1111111111111111    20190409T145850064009
 2      60     1.9237      0.0       0.0     0.3808      0.0    0.0       5.051   26.7   0b1111111111111111    20190409T145850064386
 3      60     1.9276      0.3       0.8     1.8226      0.2    0.8       1.058   26.7   0b1111111111111111    20190409T145850064682
 4      60     1.9237      0.0       0.0     0.3804      0.4    0.8       5.057   26.7   0b1111111111111111    20190409T145850064981
 5      60     1.9087      0.0       0.0     1.8095      0.4    0.8       1.055   26.7   0b1111111111111111    20190409T145850065320
 6      60     1.9237      0.0       0.0     0.3806      0.4    0.8       5.055   26.7   0b1111111111111111    20190409T145850065608
 7      60     1.9141      0.2       0.8     1.8158      0.0    0.0       1.054   26.7   0b1111111111111111    20190409T145850065889
 8      60     1.9350      0.0       0.0     0.3798      0.3    0.8       5.094   26.7   0b1111111111111111    20190409T145850066223
 9      60     1.9252      0.0       0.0     1.8167      0.0    0.0       1.060   26.7   0b1111111111111111    20190409T145850066506
10      60     1.9200      0.0       0.0     0.3804      0.4    0.8       5.047   26.7   0b1111111111111111    20190409T145850066846
11      60     1.9230      0.0       0.0     1.8333      0.0    0.0       1.049   26.7   0b1111111111111111    20190409T145850067192
12      60     1.9237      0.0       0.0     0.3767      0.0    0.0       5.107   26.7   0b1111111111111111    20190409T145850067485
13      60     1.9140      0.0       0.0     1.7984      0.2    0.8       1.064   26.7   0b1111111111111111    20190409T145850067765
14      60     1.9301      0.4       0.8     0.3791      0.2    0.8       5.091   26.7   0b1111111111111111    20190409T145850068042
15      60     1.9175      0.3       0.8     1.8124      0.2    0.8       1.058   26.7   0b1111111111111111    20190409T145850068367
 0      50     1.8787      0.2       0.8     0.3687      0.4    0.8       5.095   26.8   0b1111111111111111    20190409T145853500218
 1      50     1.8727      0.0       0.0     1.7701      0.2    0.8       1.058   26.8   0b1111111111111111    20190409T145853500662
 2      50     1.8727      0.0       0.0     0.3708      0.0    0.0       5.050   26.8   0b1111111111111111    20190409T145853500972
 3      50     1.8765      0.0       0.0     1.7747      0.4    0.8       1.057   26.8   0b1111111111111111    20190409T145853501266
 4      50     1.8727      0.0       0.0     0.3700      0.0    0.0       5.061   26.8   0b1111111111111111    20190409T145853501597
 5      50     1.8585      0.0       0.0     1.7617      0.0    0.0       1.055   26.8   0b1111111111111111    20190409T145853501886
 6      50     1.8727      0.0       0.0     0.3700      0.0    0.0       5.061   26.8   0b1111111111111111    20190409T145853502169
 7      50     1.8638      0.0       0.0     1.7682      0.3    0.8       1.054   26.8   0b1111111111111111    20190409T145853502507
 8      50     1.8844      0.4       0.8     0.3699      0.2    0.8       5.094   26.8   0b1111111111111111    20190409T145853502840
 9      50     1.8750      0.0       0.0     1.7692      0.0    0.0       1.060   26.8   0b1111111111111111    20190409T145853503121
10      50     1.8690      0.0       0.0     0.3703      0.4    0.8       5.047   26.8   0b1111111111111111    20190409T145853503462
11      50     1.8721      0.2       0.8     1.7850      0.0    0.0       1.049   26.8   0b1111111111111111    20190409T145853503751
12      50     1.8720      0.0       0.0     0.3667      0.0    0.0       5.105   26.8   0b1111111111111111    20190409T145853504030
13      50     1.8630      0.0       0.0     1.7502      0.4    0.8       1.064   26.8   0b1111111111111111    20190409T145853504307
14      50     1.8788      0.0       0.0     0.3690      0.3    0.8       5.091   26.8   0b1111111111111111    20190409T145853504573
15      50     1.8664      0.4       0.8     1.7642      0.0    0.0       1.058   26.8   0b1111111111111111    20190409T145853504709
 0      40     1.8265      0.3       0.7     0.3583      0.0    0.0       5.097   26.9   0b1111111111111111    20190409T145856941056
 1      40     1.8210      0.0       0.0     1.7210      0.3    0.8       1.058   26.9   0b1111111111111111    20190409T145856941507
 2      40     1.8210      0.0       0.0     0.3607      0.3    0.8       5.049   26.9   0b1111111111111111    20190409T145856941819
 3      40     1.8251      0.4       0.7     1.7258      0.3    0.8       1.058   26.9   0b1111111111111111    20190409T145856942131
 4      40     1.8210      0.0       0.0     0.3600      0.0    0.0       5.058   26.9   0b1111111111111111    20190409T145856942443
 5      40     1.8075      0.0       0.0     1.7134      0.2    0.8       1.055   26.9   0b1111111111111111    20190409T145856942727
 6      40     1.8210      0.0       0.0     0.3600      0.0    0.0       5.058   26.9   0b1111111111111111    20190409T145856943008
 7      40     1.8124      0.4       0.8     1.7192      0.3    0.8       1.054   26.9   0b1111111111111111    20190409T145856943340
 8      40     1.8322      0.0       0.0     0.3593      0.3    0.8       5.099   26.9   0b1111111111111111    20190409T145856943675
 9      40     1.8236      0.4       0.8     1.7203      0.4    0.8       1.060   26.9   0b1111111111111111    20190409T145856943954
10      40     1.8175      0.4       0.8     0.3601      0.2    0.8       5.048   26.9   0b1111111111111111    20190409T145856944293
11      40     1.8210      0.0       0.0     1.7363      0.4    0.8       1.049   26.9   0b1111111111111111    20190409T145856944581
12      40     1.8200      0.3       0.8     0.3563      0.4    0.8       5.108   26.9   0b1111111111111111    20190409T145856944861
13      40     1.8113      0.0       0.0     1.7017      0.0    0.0       1.064   26.9   0b1111111111111111    20190409T145856945189
14      40     1.8269      0.2       0.7     0.3583      0.0    0.0       5.098   26.9   0b1111111111111111    20190409T145856945474
15      40     1.8146      0.4       0.7     1.7150      0.0    0.0       1.058   26.9   0b1111111111111111    20190409T145856945752
 0      30     1.7748      0.4       0.8     0.3483      0.0    0.0       5.095   27.0   0b1111111111111111    20190409T145900400640
 1      30     1.7701      0.3       0.7     1.6733      0.0    0.0       1.058   27.0   0b1111111111111111    20190409T145900401038
 2      30     1.7715      0.0       0.0     0.3508      0.0    0.0       5.049   27.0   0b1111111111111111    20190409T145900401378
 3      30     1.7738      0.0       0.0     1.6773      0.4    0.8       1.058   27.0   0b1111111111111111    20190409T145900401672
 4      30     1.7715      0.0       0.0     0.3500      0.0    0.0       5.061   27.0   0b1111111111111111    20190409T145900401957
 5      30     1.7572      0.0       0.0     1.6659      0.2    0.8       1.055   27.0   0b1111111111111111    20190409T145900402261
 6      30     1.7708      0.0       0.0     0.3500      0.0    0.0       5.059   27.0   0b1111111111111111    20190409T145900402545
 7      30     1.7632      0.0       0.0     1.6728      0.4    0.8       1.054   27.0   0b1111111111111111    20190409T145900402825
 8      30     1.7820      0.0       0.0     0.3495      0.4    0.8       5.099   27.0   0b1111111111111111    20190409T145900403104
 9      30     1.7738      0.0       0.0     1.6735      0.3    0.8       1.060   27.0   0b1111111111111111    20190409T145900403406
10      30     1.7677      0.0       0.0     0.3500      0.0    0.0       5.051   27.0   0b1111111111111111    20190409T145900403686
11      30     1.7704      0.4       0.7     1.6880      0.4    0.8       1.049   27.0   0b1111111111111111    20190409T145900403965
12      30     1.7692      0.0       0.0     0.3459      0.2    0.8       5.115   27.0   0b1111111111111111    20190409T145900404276
13      30     1.7606      0.4       0.8     1.6542      0.0    0.0       1.064   27.0   0b1111111111111111    20190409T145900404474
14      30     1.7753      0.0       0.0     0.3483      0.0    0.0       5.096   27.0   0b1111111111111111    20190409T145900404609
15      30     1.7640      0.0       0.0     1.6673      0.3    0.8       1.058   27.0   0b1111111111111111    20190409T145900404744
 0      20     1.7241      0.3       0.8     0.3383      0.0    0.0       5.096   27.0   0b1111111111111111    20190409T145903866323
 1      20     1.7197      0.0       0.0     1.6257      0.3    0.8       1.058   27.0   0b1111111111111111    20190409T145903866670
 2      20     1.7206      0.2       0.7     0.3407      0.2    0.8       5.049   27.0   0b1111111111111111    20190409T145903866945
 3      20     1.7228      0.2       0.8     1.6292      0.0    0.0       1.057   27.0   0b1111111111111111    20190409T145903867208
 4      20     1.7212      0.0       0.0     0.3400      0.0    0.0       5.062   27.0   0b1111111111111111    20190409T145903867475
 5      20     1.7070      0.0       0.0     1.6185      0.3    0.8       1.055   27.0   0b1111111111111111    20190409T145903867728
 6      20     1.7205      0.0       0.0     0.3400      0.0    0.0       5.060   27.0   0b1111111111111111    20190409T145903867982
 7      20     1.7130      0.0       0.0     1.6253      0.4    0.8       1.054   27.0   0b1111111111111111    20190409T145903868238
 8      20     1.7310      0.0       0.0     0.3393      0.3    0.8       5.101   27.0   0b1111111111111111    20190409T145903868490
 9      20     1.7235      0.0       0.0     1.6258      0.0    0.0       1.060   27.0   0b1111111111111111    20190409T145903868738
10      20     1.7175      0.0       0.0     0.3400      0.0    0.0       5.051   27.0   0b1111111111111111    20190409T145903868988
11      20     1.7200      0.3       0.8     1.6399      0.2    0.8       1.049   27.0   0b1111111111111111    20190409T145903869228
12      20     1.7182      0.0       0.0     0.3358      0.0    0.0       5.116   27.0   0b1111111111111111    20190409T145903869486
13      20     1.7100      0.0       0.0     1.6067      0.0    0.0       1.064   27.0   0b1111111111111111    20190409T145903869736
14      20     1.7243      0.0       0.0     0.3383      0.0    0.0       5.096   27.0   0b1111111111111111    20190409T145903869984
15      20     1.7138      0.0       0.0     1.6192      0.0    0.0       1.058   27.0   0b1111111111111111    20190409T145903870238
 0      10     1.6732      0.0       0.0     0.3283      0.0    0.0       5.096   27.2   0b1111111111111111    20190409T145907309883
 1      10     1.6695      0.0       0.0     1.5778      0.4    0.8       1.058   27.2   0b1111111111111111    20190409T145907310272
 2      10     1.6702      0.0       0.0     0.3307      0.2    0.8       5.050   27.2   0b1111111111111111    20190409T145907310644
 3      10     1.6725      0.0       0.0     1.5808      0.0    0.0       1.058   27.2   0b1111111111111111    20190409T145907310944
 4      10     1.6707      0.4       0.8     0.3300      0.0    0.0       5.063   27.2   0b1111111111111111    20190409T145907311233
 5      10     1.6575      0.0       0.0     1.5714      0.4    0.8       1.055   27.2   0b1111111111111111    20190409T145907311567
 6      10     1.6701      0.3       0.8     0.3300      0.0    0.0       5.061   27.2   0b1111111111111111    20190409T145907311856
 7      10     1.6632      0.4       0.7     1.5781      0.4    0.8       1.054   27.2   0b1111111111111111    20190409T145907312137
 8      10     1.6806      0.3       0.8     0.3293      0.3    0.8       5.103   27.2   0b1111111111111111    20190409T145907312468
 9      10     1.6732      0.0       0.0     1.5783      0.0    0.0       1.060   27.2   0b1111111111111111    20190409T145907312753
10      10     1.6672      0.0       0.0     0.3300      0.0    0.0       5.052   27.2   0b1111111111111111    20190409T145907313086
11      10     1.6701      0.3       0.8     1.5919      0.4    0.8       1.049   27.2   0b1111111111111111    20190409T145907313427
12      10     1.6672      0.0       0.0     0.3259      0.2    0.8       5.116   27.2   0b1111111111111111    20190409T145907313724
13      10     1.6598      0.0       0.0     1.5593      0.2    0.8       1.064   27.2   0b1111111111111111    20190409T145907314004
14      10     1.6732      0.0       0.0     0.3283      0.0    0.0       5.096   27.2   0b1111111111111111    20190409T145907314283
15      10     1.6632      0.4       0.7     1.5717      0.0    0.0       1.058   27.2   0b1111111111111111    20190409T145907314556
 0       0     1.6228      0.3       0.8     0.3183      0.0    0.0       5.098   27.2   0b1111111111111111    20190409T145910747747
 1       0     1.6187      0.3       0.7     1.5300      0.0    0.0       1.058   27.2   0b1111111111111111    20190409T145910748125
 2       0     1.6200      0.0       0.0     0.3207      0.3    0.8       5.051   27.2   0b1111111111111111    20190409T145910748514
 3       0     1.6215      0.0       0.0     1.5333      0.3    0.8       1.058   27.2   0b1111111111111111    20190409T145910748816
 4       0     1.6200      0.0       0.0     0.3200      0.0    0.0       5.063   27.2   0b1111111111111111    20190409T145910749103
 5       0     1.6075      0.3       0.8     1.5242      0.0    0.0       1.055   27.2   0b1111111111111111    20190409T145910749437
 6       0     1.6192      0.0       0.0     0.3199      0.3    0.8       5.061   27.2   0b1111111111111111    20190409T145910749727
 7       0     1.6133      0.0       0.0     1.5307      0.3    0.8       1.054   27.2   0b1111111111111111    20190409T145910750007
 8       0     1.6298      0.0       0.0     0.3195      0.4    0.8       5.101   27.2   0b1111111111111111    20190409T145910750286
 9       0     1.6230      0.0       0.0     1.5308      0.0    0.0       1.060   27.2   0b1111111111111111    20190409T145910750611
10       0     1.6170      0.0       0.0     0.3200      0.0    0.0       5.053   27.2   0b1111111111111111    20190409T145910750949
11       0     1.6199      0.2       0.8     1.5442      0.0    0.0       1.049   27.2   0b1111111111111111    20190409T145910751236
12       0     1.6170      0.0       0.0     0.3158      0.0    0.0       5.120   27.2   0b1111111111111111    20190409T145910751578
13       0     1.6095      0.0       0.0     1.5120      0.4    0.8       1.064   27.2   0b1111111111111111    20190409T145910751865
14       0     1.6222      0.0       0.0     0.3183      0.0    0.0       5.096   27.2   0b1111111111111111    20190409T145910752144
15       0     1.6125      0.0       0.0     1.5242      0.0    0.0       1.058   27.2   0b1111111111111111    20190409T145910752479
