CH# Vset[DAC]   V[V]    dVRMS[mV] dVpp[mV]    I[A]  dIRMS[mA] dIpp[mA]   R[ohm]   T[C]   State                Timestamp
 0     250     2.8756      0.2       0.8     0.2853      1.8    5.8      10.081   23.9   0b1111111111111111    20190417T095614650054
 1     250     2.8448      0.7       2.2     1.2595      1.0    3.3       2.259   23.9   0b1111111111111111    20190417T095614650530
 2     250     2.8635      0.0       0.0     0.2867      1.1    3.3       9.989   23.9   0b1111111111111111    20190417T095614650831
 3     250     2.8412      0.7       2.3     1.2479      1.0    4.2       2.277   23.9   0b1111111111111111    20190417T095614651120
 4     250     2.8582      0.0       0.0     0.2833      1.7    5.8      10.088   23.9   0b1111111111111111    20190417T095614651453
 5     250     2.8403      0.7       2.3     1.2543      1.4    5.0       2.264   23.9   0b1111111111111111    20190417T095614651741
 6     250     2.8665      0.0       0.0     0.2866      1.0    3.3      10.002   23.9   0b1111111111111111    20190417T095614652020
 7     250     2.8325      0.5       1.5     1.2495      0.8    3.3       2.267   23.9   0b1111111111111111    20190417T095614652356
 8     250     2.8448      0.0       0.0     0.2850      0.6    1.7       9.982   23.9   0b1111111111111111    20190417T095614652650
 9     250     2.8605      0.0       0.0     1.2646      0.9    2.5       2.262   23.9   0b1111111111111111    20190417T095614652927
10     250     2.8349      0.2       0.8     0.2815      0.6    1.7      10.071   23.9   0b1111111111111111    20190417T095614653203
11     250     2.8148      0.0       0.0     1.2462      0.6    1.7       2.259   23.9   0b1111111111111111    20190417T095614653540
12     250     2.8447      0.2       0.7     0.2832      0.7    2.5      10.046   23.9   0b1111111111111111    20190417T095614653817
13     250     2.8283      0.0       0.0     1.2499      0.8    2.5       2.263   23.9   0b1111111111111111    20190417T095614654092
14     250     2.8560      0.0       0.0     0.2863      1.0    3.3       9.974   23.9   0b1111111111111111    20190417T095614654404
15     250     2.8395      0.0       0.0     1.2516      0.7    1.7       2.269   23.9   0b1111111111111111    20190417T095614654540
 0     240     2.8260      0.0       0.0     0.2807      0.6    1.7      10.066   24.0   0b1111111111111111    20190417T095618092637
 1     240     2.8095      0.0       0.0     1.2439      0.8    2.5       2.259   24.0   0b1111111111111111    20190417T095618093015
 2     240     2.8142      0.3       0.8     0.2818      0.6    1.7       9.985   24.0   0b1111111111111111    20190417T095618093403
 3     240     2.8043      0.0       0.0     1.2328      0.8    2.5       2.275   24.0   0b1111111111111111    20190417T095618093702
 4     240     2.8094      0.2       0.7     0.2793      0.8    2.5      10.058   24.0   0b1111111111111111    20190417T095618093989
 5     240     2.8035      0.0       0.0     1.2386      0.5    1.7       2.263   24.0   0b1111111111111111    20190417T095618094339
 6     240     2.8178      0.0       0.0     0.2831      0.9    2.5       9.954   24.0   0b1111111111111111    20190417T095618094499
 7     240     2.7930      0.0       0.0     1.2328      0.6    1.7       2.266   24.0   0b1111111111111111    20190417T095618094635
 8     240     2.7967      0.0       0.0     0.2804      0.4    0.8       9.974   24.0   0b1111111111111111    20190417T095618094770
 9     240     2.8170      0.0       0.0     1.2459      0.7    2.5       2.261   24.0   0b1111111111111111    20190417T095618094905
10     240     2.7870      0.0       0.0     0.2764      0.5    1.7      10.083   24.0   0b1111111111111111    20190417T095618095039
11     240     2.7675      0.0       0.0     1.2253      0.4    0.8       2.259   24.0   0b1111111111111111    20190417T095618095174
12     240     2.7960      0.0       0.0     0.2788      0.6    1.7      10.030   24.0   0b1111111111111111    20190417T095618095334
13     240     2.7814      0.4       0.8     1.2290      0.3    0.8       2.263   24.0   0b1111111111111111    20190417T095618095472
14     240     2.8072      0.0       0.0     0.2817      0.5    1.7       9.967   24.0   0b1111111111111111    20190417T095618095616
15     240     2.7943      0.3       0.8     1.2316      0.4    1.7       2.269   24.0   0b1111111111111111    20190417T095618095750
 0     230     2.7772      0.0       0.0     0.2757      0.5    1.7      10.075   24.0   0b1111111111111111    20190417T095621544077
 1     230     2.7645      0.0       0.0     1.2238      0.6    1.7       2.259   24.0   0b1111111111111111    20190417T095621544532
 2     230     2.7662      0.3       0.7     0.2770      0.6    1.7       9.986   24.0   0b1111111111111111    20190417T095621544842
 3     230     2.7585      0.0       0.0     1.2127      0.3    0.8       2.275   24.0   0b1111111111111111    20190417T095621545133
 4     230     2.7615      0.0       0.0     0.2745      0.4    0.8      10.060   24.0   0b1111111111111111    20190417T095621545467
 5     230     2.7583      0.3       0.8     1.2183      0.4    1.7       2.264   24.0   0b1111111111111111    20190417T095621545759
 6     230     2.7705      0.0       0.0     0.2780      0.8    3.3       9.966   24.0   0b1111111111111111    20190417T095621546044
 7     230     2.7473      0.0       0.0     1.2121      0.4    0.8       2.267   24.0   0b1111111111111111    20190417T095621546381
 8     230     2.7495      0.0       0.0     0.2757      0.5    1.7       9.974   24.0   0b1111111111111111    20190417T095621546667
 9     230     2.7703      0.3       0.8     1.2250      0.0    0.0       2.262   24.0   0b1111111111111111    20190417T095621546945
10     230     2.7402      0.4       0.8     0.2718      0.3    0.8      10.080   24.0   0b1111111111111111    20190417T095621547221
11     230     2.7210      0.0       0.0     1.2049      0.4    1.7       2.258   24.0   0b1111111111111111    20190417T095621547552
12     230     2.7488      0.0       0.0     0.2739      0.4    0.8      10.035   24.0   0b1111111111111111    20190417T095621547829
13     230     2.7345      0.0       0.0     1.2087      0.4    0.8       2.262   24.0   0b1111111111111111    20190417T095621548107
14     230     2.7600      0.0       0.0     0.2772      0.4    0.8       9.958   24.0   0b1111111111111111    20190417T095621548437
15     230     2.7480      0.0       0.0     1.2115      0.3    0.8       2.268   24.0   0b1111111111111111    20190417T095621548718
 0     220     2.7277      0.0       0.0     0.2708      0.0    0.0      10.072   24.1   0b1111111111111111    20190417T095625000519
 1     220     2.7159      0.3       0.8     1.2026      0.3    0.8       2.258   24.1   0b1111111111111111    20190417T095625000905
 2     220     2.7165      0.0       0.0     0.2720      0.4    0.8       9.987   24.1   0b1111111111111111    20190417T095625001199
 3     220     2.7090      0.0       0.0     1.1910      0.3    0.8       2.275   24.1   0b1111111111111111    20190417T095625001570
 4     220     2.7142      0.0       0.0     0.2702      0.3    0.8      10.047   24.1   0b1111111111111111    20190417T095625001860
 5     220     2.7105      0.0       0.0     1.1977      0.3    0.8       2.263   24.1   0b1111111111111111    20190417T095625002144
 6     220     2.7210      0.0       0.0     0.2729      0.4    0.8       9.970   24.1   0b1111111111111111    20190417T095625002468
 7     220     2.6985      0.0       0.0     1.1907      0.3    0.8       2.266   24.1   0b1111111111111111    20190417T095625002752
 8     220     2.7006      0.3       0.8     0.2707      0.3    0.8       9.978   24.1   0b1111111111111111    20190417T095625003031
 9     220     2.7233      0.0       0.0     1.2042      0.4    1.7       2.262   24.1   0b1111111111111111    20190417T095625003367
10     220     2.6915      0.3       0.7     0.2670      0.4    0.8      10.081   24.1   0b1111111111111111    20190417T095625003650
11     220     2.6730      0.0       0.0     1.1838      0.4    0.8       2.258   24.1   0b1111111111111111    20190417T095625003927
12     220     2.7000      0.0       0.0     0.2692      0.0    0.0      10.031   24.1   0b1111111111111111    20190417T095625004202
13     220     2.6865      0.0       0.0     1.1875      0.4    1.7       2.262   24.1   0b1111111111111111    20190417T095625004471
14     220     2.7112      0.0       0.0     0.2722      0.4    0.8       9.959   24.1   0b1111111111111111    20190417T095625004606
15     220     2.6992      0.2       0.8     1.1898      0.4    0.8       2.269   24.1   0b1111111111111111    20190417T095625004740
 0     210     2.6775      0.0       0.0     0.2659      0.2    0.8      10.069   24.2   0b1111111111111111    20190417T095628450404
 1     210     2.6663      0.0       0.0     1.1802      0.3    0.8       2.259   24.2   0b1111111111111111    20190417T095628450790
 2     210     2.6670      0.0       0.0     0.2670      0.4    0.8       9.989   24.2   0b1111111111111111    20190417T095628451099
 3     210     2.6595      0.0       0.0     1.1693      0.2    0.8       2.275   24.2   0b1111111111111111    20190417T095628451420
 4     210     2.6649      0.3       0.8     0.2651      0.3    0.8      10.053   24.2   0b1111111111111111    20190417T095628451706
 5     210     2.6618      0.0       0.0     1.1761      0.4    0.8       2.263   24.2   0b1111111111111111    20190417T095628451991
 6     210     2.6723      0.0       0.0     0.2682      0.2    0.8       9.962   24.2   0b1111111111111111    20190417T095628452293
 7     210     2.6498      0.0       0.0     1.1692      0.4    1.7       2.266   24.2   0b1111111111111111    20190417T095628452576
 8     210     2.6520      0.0       0.0     0.2659      0.2    0.8       9.973   24.2   0b1111111111111111    20190417T095628452901
 9     210     2.6737      0.0       0.0     1.1825      0.0    0.0       2.261   24.2   0b1111111111111111    20190417T095628453209
10     210     2.6430      0.0       0.0     0.2620      0.4    0.8      10.088   24.2   0b1111111111111111    20190417T095628453490
11     210     2.6250      0.0       0.0     1.1625      0.0    0.0       2.258   24.2   0b1111111111111111    20190417T095628453768
12     210     2.6513      0.0       0.0     0.2643      0.3    0.8      10.030   24.2   0b1111111111111111    20190417T095628454045
13     210     2.6378      0.0       0.0     1.1661      0.4    0.8       2.262   24.2   0b1111111111111111    20190417T095628454354
14     210     2.6625      0.0       0.0     0.2673      0.4    0.8       9.963   24.2   0b1111111111111111    20190417T095628454630
15     210     2.6501      0.4       0.8     1.1683      0.2    0.8       2.268   24.2   0b1111111111111111    20190417T095628454907
 0     200     2.6273      0.0       0.0     0.2609      0.3    0.8      10.069   24.3   0b1111111111111111    20190417T095631887751
 1     200     2.6163      0.4       0.7     1.1583      0.3    0.8       2.259   24.3   0b1111111111111111    20190417T095631888144
 2     200     2.6170      0.3       0.7     0.2620      0.4    0.8       9.988   24.3   0b1111111111111111    20190417T095631888445
 3     200     2.6100      0.0       0.0     1.1473      0.3    0.8       2.275   24.3   0b1111111111111111    20190417T095631888732
 4     200     2.6160      0.0       0.0     0.2601      0.2    0.8      10.058   24.3   0b1111111111111111    20190417T095631889016
 5     200     2.6127      0.4       0.8     1.1545      0.4    0.8       2.263   24.3   0b1111111111111111    20190417T095631889321
 6     200     2.6227      0.0       0.0     0.2632      0.3    0.8       9.966   24.3   0b1111111111111111    20190417T095631889600
 7     200     2.6010      0.0       0.0     1.1477      0.4    0.8       2.266   24.3   0b1111111111111111    20190417T095631889878
 8     200     2.6029      0.4       0.8     0.2610      0.3    0.8       9.973   24.3   0b1111111111111111    20190417T095631890178
 9     200     2.6242      0.0       0.0     1.1607      0.3    0.8       2.261   24.3   0b1111111111111111    20190417T095631890456
10     200     2.5942      0.0       0.0     0.2572      0.4    0.8      10.088   24.3   0b1111111111111111    20190417T095631890771
11     200     2.5763      0.0       0.0     1.1409      0.2    0.8       2.258   24.3   0b1111111111111111    20190417T095631891062
12     200     2.6025      0.0       0.0     0.2593      0.2    0.8      10.039   24.3   0b1111111111111111    20190417T095631891371
13     200     2.5890      0.0       0.0     1.1446      0.4    0.8       2.262   24.3   0b1111111111111111    20190417T095631891649
14     200     2.6130      0.0       0.0     0.2623      0.3    0.8       9.961   24.3   0b1111111111111111    20190417T095631891925
15     200     2.6010      0.0       0.0     1.1467      0.0    0.0       2.268   24.3   0b1111111111111111    20190417T095631892220
 0     190     2.5778      0.2       0.8     0.2561      0.4    0.8      10.066   24.4   0b1111111111111111    20190417T095635330822
 1     190     2.5694      0.2       0.8     1.1375      0.0    0.0       2.259   24.4   0b1111111111111111    20190417T095635331234
 2     190     2.5695      0.0       0.0     0.2575      0.0    0.0       9.979   24.4   0b1111111111111111    20190417T095635331550
 3     190     2.5613      0.0       0.0     1.1261      0.4    0.8       2.274   24.4   0b1111111111111111    20190417T095635331843
 4     190     2.5695      0.0       0.0     0.2558      0.2    0.8      10.047   24.4   0b1111111111111111    20190417T095635332152
 5     190     2.5655      0.3       0.7     1.1338      0.4    0.8       2.263   24.4   0b1111111111111111    20190417T095635332440
 6     190     2.5744      0.4       0.7     0.2584      0.3    0.8       9.962   24.4   0b1111111111111111    20190417T095635332722
 7     190     2.5541      0.4       0.8     1.1269      0.4    0.8       2.266   24.4   0b1111111111111111    20190417T095635333002
 8     190     2.5560      0.0       0.0     0.2562      0.4    0.8       9.975   24.4   0b1111111111111111    20190417T095635333297
 9     190     2.5770      0.0       0.0     1.1394      0.4    0.8       2.262   24.4   0b1111111111111111    20190417T095635333630
10     190     2.5463      0.0       0.0     0.2525      0.0    0.0      10.084   24.4   0b1111111111111111    20190417T095635333913
11     190     2.5290      0.0       0.0     1.1201      0.2    0.8       2.258   24.4   0b1111111111111111    20190417T095635334223
12     190     2.5545      0.0       0.0     0.2545      0.4    0.8      10.037   24.4   0b1111111111111111    20190417T095635334504
13     190     2.5433      0.0       0.0     1.1243      0.2    0.8       2.262   24.4   0b1111111111111111    20190417T095635334783
14     190     2.5658      0.0       0.0     0.2574      0.3    0.8       9.967   24.4   0b1111111111111111    20190417T095635335058
15     190     2.5536      0.3       0.8     1.1258      0.0    0.0       2.268   24.4   0b1111111111111111    20190417T095635335355
 0     180     2.5282      0.0       0.0     0.2512      0.4    0.8      10.066   24.4   0b1111111111111111    20190417T095638766182
 1     180     2.5192      0.0       0.0     1.1153      0.4    0.8       2.259   24.4   0b1111111111111111    20190417T095638766564
 2     180     2.5200      0.0       0.0     0.2522      0.4    0.8       9.993   24.4   0b1111111111111111    20190417T095638766867
 3     180     2.5117      0.2       0.8     1.1042      0.0    0.0       2.275   24.4   0b1111111111111111    20190417T095638767180
 4     180     2.5200      0.0       0.0     0.2507      0.3    0.8      10.053   24.4   0b1111111111111111    20190417T095638767466
 5     180     2.5162      0.0       0.0     1.1119      0.4    0.8       2.263   24.4   0b1111111111111111    20190417T095638767749
 6     180     2.5253      0.0       0.0     0.2535      0.3    0.8       9.962   24.4   0b1111111111111111    20190417T095638768027
 7     180     2.5057      0.0       0.0     1.1057      0.3    0.8       2.266   24.4   0b1111111111111111    20190417T095638768349
 8     180     2.5072      0.0       0.0     0.2513      0.4    0.8       9.979   24.4   0b1111111111111111    20190417T095638768658
 9     180     2.5275      0.0       0.0     1.1179      0.4    0.8       2.261   24.4   0b1111111111111111    20190417T095638768936
10     180     2.4982      0.0       0.0     0.2475      0.0    0.0      10.094   24.4   0b1111111111111111    20190417T095638769234
11     180     2.4810      0.0       0.0     1.0990      0.3    0.8       2.258   24.4   0b1111111111111111    20190417T095638769525
12     180     2.5058      0.2       0.7     0.2496      0.4    0.8      10.040   24.4   0b1111111111111111    20190417T095638769802
13     180     2.4945      0.0       0.0     1.1027      0.4    0.8       2.262   24.4   0b1111111111111111    20190417T095638770079
14     180     2.5170      0.0       0.0     0.2526      0.3    0.8       9.965   24.4   0b1111111111111111    20190417T095638770379
15     180     2.5045      0.3       0.8     1.1044      0.4    0.8       2.268   24.4   0b1111111111111111    20190417T095638770654
 0     170     2.4780      0.0       0.0     0.2462      0.4    0.8      10.066   24.5   0b1111111111111111    20190417T095642204374
 1     170     2.4698      0.0       0.0     1.0933      0.0    0.0       2.259   24.5   0b1111111111111111    20190417T095642204768
 2     170     2.4704      0.3       0.8     0.2475      0.0    0.0       9.981   24.5   0b1111111111111111    20190417T095642205065
 3     170     2.4623      0.0       0.0     1.0825      0.0    0.0       2.275   24.5   0b1111111111111111    20190417T095642205377
 4     170     2.4713      0.0       0.0     0.2457      0.3    0.8      10.059   24.5   0b1111111111111111    20190417T095642205662
 5     170     2.4675      0.0       0.0     1.0906      0.4    0.8       2.263   24.5   0b1111111111111111    20190417T095642205945
 6     170     2.4764      0.3       0.8     0.2483      0.0    0.0       9.972   24.5   0b1111111111111111    20190417T095642206245
 7     170     2.4570      0.0       0.0     1.0842      0.0    0.0       2.266   24.5   0b1111111111111111    20190417T095642206527
 8     170     2.4590      0.4       0.8     0.2464      0.4    0.8       9.979   24.5   0b1111111111111111    20190417T095642206806
 9     170     2.4787      0.2       0.7     1.0961      0.4    0.8       2.261   24.5   0b1111111111111111    20190417T095642207084
10     170     2.4499      0.4       0.7     0.2425      0.0    0.0      10.103   24.5   0b1111111111111111    20190417T095642207423
11     170     2.4330      0.0       0.0     1.0775      0.0    0.0       2.258   24.5   0b1111111111111111    20190417T095642207705
12     170     2.4570      0.0       0.0     0.2449      0.3    0.8      10.032   24.5   0b1111111111111111    20190417T095642207982
13     170     2.4461      0.4       0.7     1.0817      0.0    0.0       2.261   24.5   0b1111111111111111    20190417T095642208285
14     170     2.4682      0.2       0.8     0.2476      0.3    0.8       9.969   24.5   0b1111111111111111    20190417T095642208566
15     170     2.4560      0.3       0.8     1.0829      0.4    0.8       2.268   24.5   0b1111111111111111    20190417T095642208843
 0     160     2.4277      0.0       0.0     0.2409      0.2    0.8      10.077   24.6   0b1111111111111111    20190417T095645639305
 1     160     2.4196      0.3       0.8     1.0715      0.3    0.8       2.258   24.6   0b1111111111111111    20190417T095645639738
 2     160     2.4203      0.2       0.8     0.2425      0.0    0.0       9.981   24.6   0b1111111111111111    20190417T095645641226
 3     160     2.4120      0.0       0.0     1.0608      0.0    0.0       2.274   24.6   0b1111111111111111    20190417T095645641530
 4     160     2.4223      0.3       0.7     0.2408      0.0    0.0      10.058   24.6   0b1111111111111111    20190417T095645641860
 5     160     2.4187      0.0       0.0     1.0689      0.4    0.8       2.263   24.6   0b1111111111111111    20190417T095645642213
 6     160     2.4270      0.0       0.0     0.2434      0.2    0.8       9.971   24.6   0b1111111111111111    20190417T095645642532
 7     160     2.4082      0.0       0.0     1.0628      0.4    0.8       2.266   24.6   0b1111111111111111    20190417T095645642817
 8     160     2.4102      0.4       0.7     0.2417      0.0    0.0       9.973   24.6   0b1111111111111111    20190417T095645643099
 9     160     2.4293      0.0       0.0     1.0742      0.2    0.8       2.261   24.6   0b1111111111111111    20190417T095645643403
10     160     2.4015      0.0       0.0     0.2377      0.3    0.8      10.104   24.6   0b1111111111111111    20190417T095645643693
11     160     2.3844      0.3       0.8     1.0562      0.4    0.8       2.257   24.6   0b1111111111111111    20190417T095645643972
12     160     2.4082      0.0       0.0     0.2399      0.2    0.8      10.038   24.6   0b1111111111111111    20190417T095645644303
13     160     2.3974      0.4       0.8     1.0599      0.2    0.8       2.262   24.6   0b1111111111111111    20190417T095645644646
14     160     2.4189      0.3       0.8     0.2426      0.2    0.8       9.971   24.6   0b1111111111111111    20190417T095645644924
15     160     2.4074      0.2       0.8     1.0614      0.4    0.8       2.268   24.6   0b1111111111111111    20190417T095645645223
 0     150     2.3807      0.3       0.8     0.2365      0.3    0.8      10.066   24.6   0b1111111111111111    20190417T095649075379
 1     150     2.3730      0.0       0.0     1.0506      0.4    0.8       2.259   24.6   0b1111111111111111    20190417T095649075754
 2     150     2.3726      0.4       0.8     0.2375      0.0    0.0       9.990   24.6   0b1111111111111111    20190417T095649076050
 3     150     2.3649      0.3       0.8     1.0400      0.0    0.0       2.274   24.6   0b1111111111111111    20190417T095649076359
 4     150     2.3759      0.3       0.7     0.2359      0.2    0.8      10.071   24.6   0b1111111111111111    20190417T095649076642
 5     150     2.3723      0.0       0.0     1.0484      0.2    0.8       2.263   24.6   0b1111111111111111    20190417T095649076922
 6     150     2.3805      0.0       0.0     0.2391      0.2    0.8       9.957   24.6   0b1111111111111111    20190417T095649077209
 7     150     2.3618      0.0       0.0     1.0425      0.0    0.0       2.265   24.6   0b1111111111111111    20190417T095649077486
 8     150     2.3639      0.2       0.8     0.2367      0.0    0.0       9.988   24.6   0b1111111111111111    20190417T095649077763
 9     150     2.3822      0.3       0.8     1.0534      0.2    0.8       2.261   24.6   0b1111111111111111    20190417T095649078084
10     150     2.3551      0.2       0.8     0.2333      0.0    0.0      10.093   24.6   0b1111111111111111    20190417T095649078392
11     150     2.3393      0.0       0.0     1.0358      0.0    0.0       2.258   24.6   0b1111111111111111    20190417T095649078671
12     150     2.3618      0.0       0.0     0.2350      0.0    0.0      10.050   24.6   0b1111111111111111    20190417T095649078946
13     150     2.3513      0.0       0.0     1.0393      0.3    0.8       2.262   24.6   0b1111111111111111    20190417T095649079229
14     150     2.3729      0.3       0.8     0.2382      0.3    0.8       9.963   24.6   0b1111111111111111    20190417T095649079506
15     150     2.3603      0.0       0.0     1.0407      0.3    0.8       2.268   24.6   0b1111111111111111    20190417T095649079781
 0     140     2.3310      0.0       0.0     0.2315      0.3    0.8      10.069   24.6   0b1111111111111111    20190417T095652511361
 1     140     2.3235      0.0       0.0     1.0285      0.3    0.8       2.259   24.6   0b1111111111111111    20190417T095652511758
 2     140     2.3233      0.3       0.8     0.2325      0.0    0.0       9.993   24.6   0b1111111111111111    20190417T095652512068
 3     140     2.3160      0.0       0.0     1.0182      0.3    0.8       2.275   24.6   0b1111111111111111    20190417T095652512386
 4     140     2.3272      0.0       0.0     0.2309      0.2    0.8      10.078   24.6   0b1111111111111111    20190417T095652512675
 5     140     2.3237      0.3       0.8     1.0269      0.4    0.8       2.263   24.6   0b1111111111111111    20190417T095652512961
 6     140     2.3317      0.0       0.0     0.2340      0.3    0.8       9.965   24.6   0b1111111111111111    20190417T095652513263
 7     140     2.3137      0.2       0.8     1.0209      0.3    0.8       2.266   24.6   0b1111111111111111    20190417T095652513544
 8     140     2.3152      0.0       0.0     0.2317      0.2    0.8       9.990   24.6   0b1111111111111111    20190417T095652513883
 9     140     2.3333      0.0       0.0     1.0319      0.4    0.8       2.261   24.6   0b1111111111111111    20190417T095652514202
10     140     2.3070      0.0       0.0     0.2283      0.2    0.8      10.107   24.6   0b1111111111111111    20190417T095652514375
11     140     2.2913      0.0       0.0     1.0148      0.3    0.8       2.258   24.6   0b1111111111111111    20190417T095652514511
12     140     2.3135      0.3       0.8     0.2300      0.0    0.0      10.059   24.6   0b1111111111111111    20190417T095652514647
13     140     2.3032      0.0       0.0     1.0181      0.4    0.8       2.262   24.6   0b1111111111111111    20190417T095652514783
14     140     2.3242      0.0       0.0     0.2333      0.0    0.0       9.961   24.6   0b1111111111111111    20190417T095652514919
15     140     2.3120      0.3       0.8     1.0192      0.0    0.0       2.269   24.6   0b1111111111111111    20190417T095652515054
 0     130     2.2815      0.0       0.0     0.2264      0.4    0.8      10.077   24.7   0b1111111111111111    20190417T095655954390
 1     130     2.2740      0.0       0.0     1.0067      0.0    0.0       2.259   24.7   0b1111111111111111    20190417T095655954789
 2     130     2.2740      0.0       0.0     0.2275      0.0    0.0       9.996   24.7   0b1111111111111111    20190417T095655955099
 3     130     2.2667      0.3       0.8     0.9966      0.2    0.8       2.274   24.7   0b1111111111111111    20190417T095655955444
 4     130     2.2785      0.0       0.0     0.2263      0.4    0.8      10.067   24.7   0b1111111111111111    20190417T095655955740
 5     130     2.2755      0.0       0.0     1.0056      0.4    0.8       2.263   24.7   0b1111111111111111    20190417T095655956026
 6     130     2.2832      0.3       0.7     0.2292      0.0    0.0       9.963   24.7   0b1111111111111111    20190417T095655956366
 7     130     2.2651      0.2       0.8     0.9997      0.4    0.8       2.266   24.7   0b1111111111111111    20190417T095655956652
 8     130     2.2673      0.0       0.0     0.2268      0.3    0.8       9.995   24.7   0b1111111111111111    20190417T095655956932
 9     130     2.2846      0.2       0.8     1.0102      0.3    0.8       2.262   24.7   0b1111111111111111    20190417T095655957211
10     130     2.2590      0.0       0.0     0.2233      0.0    0.0      10.115   24.7   0b1111111111111111    20190417T095655957539
11     130     2.2433      0.0       0.0     0.9933      0.0    0.0       2.258   24.7   0b1111111111111111    20190417T095655957817
12     130     2.2650      0.0       0.0     0.2253      0.4    0.8      10.052   24.7   0b1111111111111111    20190417T095655958094
13     130     2.2549      0.4       0.8     0.9967      0.0    0.0       2.262   24.7   0b1111111111111111    20190417T095655958424
14     130     2.2756      0.2       0.8     0.2282      0.3    0.8       9.973   24.7   0b1111111111111111    20190417T095655958706
15     130     2.2636      0.2       0.8     0.9982      0.3    0.8       2.268   24.7   0b1111111111111111    20190417T095655958982
 0     120     2.2334      0.2       0.8     0.2215      0.3    0.8      10.083   24.8   0b1111111111111111    20190417T095659427963
 1     120     2.2252      0.0       0.0     0.9850      0.0    0.0       2.259   24.8   0b1111111111111111    20190417T095659428435
 2     120     2.2260      0.0       0.0     0.2225      0.0    0.0      10.004   24.8   0b1111111111111111    20190417T095659428756
 3     120     2.2177      0.0       0.0     0.9749      0.3    0.8       2.275   24.8   0b1111111111111111    20190417T095659429054
 4     120     2.2319      0.2       0.8     0.2217      0.0    0.0      10.069   24.8   0b1111111111111111    20190417T095659429402
 5     120     2.2275      0.0       0.0     0.9842      0.0    0.0       2.263   24.8   0b1111111111111111    20190417T095659429696
 6     120     2.2350      0.0       0.0     0.2242      0.0    0.0       9.970   24.8   0b1111111111111111    20190417T095659429982
 7     120     2.2177      0.0       0.0     0.9783      0.0    0.0       2.267   24.8   0b1111111111111111    20190417T095659430331
 8     120     2.2193      0.2       0.8     0.2222      0.4    0.8       9.989   24.8   0b1111111111111111    20190417T095659430620
 9     120     2.2365      0.0       0.0     0.9892      0.0    0.0       2.261   24.8   0b1111111111111111    20190417T095659430901
10     120     2.2114      0.4       0.8     0.2186      0.4    0.8      10.117   24.8   0b1111111111111111    20190417T095659431180
11     120     2.1959      0.3       0.8     0.9724      0.3    0.8       2.258   24.8   0b1111111111111111    20190417T095659431509
12     120     2.2170      0.0       0.0     0.2203      0.4    0.8      10.066   24.8   0b1111111111111111    20190417T095659431790
13     120     2.2080      0.0       0.0     0.9758      0.0    0.0       2.263   24.8   0b1111111111111111    20190417T095659432069
14     120     2.2275      0.0       0.0     0.2233      0.0    0.0       9.974   24.8   0b1111111111111111    20190417T095659432398
15     120     2.2147      0.0       0.0     0.9766      0.2    0.8       2.268   24.8   0b1111111111111111    20190417T095659432681
 0     110     2.1855      0.0       0.0     0.2167      0.0    0.0      10.087   24.8   0b1111111111111111    20190417T095702902036
 1     110     2.1783      0.4       0.8     0.9642      0.0    0.0       2.259   24.8   0b1111111111111111    20190417T095702902496
 2     110     2.1788      0.0       0.0     0.2177      0.3    0.8      10.010   24.8   0b1111111111111111    20190417T095702902814
 3     110     2.1706      0.2       0.7     0.9542      0.0    0.0       2.275   24.8   0b1111111111111111    20190417T095702903111
 4     110     2.1855      0.0       0.0     0.2167      0.0    0.0      10.087   24.8   0b1111111111111111    20190417T095702903453
 5     110     2.1812      0.3       0.8     0.9636      0.4    0.8       2.264   24.8   0b1111111111111111    20190417T095702903745
 6     110     2.1889      0.4       0.8     0.2195      0.4    0.8       9.972   24.8   0b1111111111111111    20190417T095702904029
 7     110     2.1720      0.0       0.0     0.9583      0.0    0.0       2.266   24.8   0b1111111111111111    20190417T095702904381
 8     110     2.1736      0.2       0.8     0.2174      0.2    0.8       9.997   24.8   0b1111111111111111    20190417T095702904522
 9     110     2.1900      0.0       0.0     0.9683      0.0    0.0       2.262   24.8   0b1111111111111111    20190417T095702904658
10     110     2.1659      0.2       0.8     0.2141      0.2    0.8      10.117   24.8   0b1111111111111111    20190417T095702904794
11     110     2.1503      0.0       0.0     0.9521      0.4    0.8       2.258   24.8   0b1111111111111111    20190417T095702904930
12     110     2.1710      0.4       0.7     0.2158      0.0    0.0      10.058   24.8   0b1111111111111111    20190417T095702905065
13     110     2.1621      0.3       0.8     0.9557      0.3    0.8       2.262   24.8   0b1111111111111111    20190417T095702905200
14     110     2.1810      0.0       0.0     0.2184      0.2    0.8       9.986   24.8   0b1111111111111111    20190417T095702905360
15     110     2.1690      0.0       0.0     0.9560      0.3    0.8       2.269   24.8   0b1111111111111111    20190417T095702905496
 0     100     2.1365      0.3       0.8     0.2117      0.0    0.0      10.094   24.9   0b1111111111111111    20190417T095706369522
 1     100     2.1292      0.0       0.0     0.9423      0.3    0.8       2.260   24.9   0b1111111111111111    20190417T095706369913
 2     100     2.1300      0.0       0.0     0.2127      0.4    0.8      10.012   24.9   0b1111111111111111    20190417T095706370223
 3     100     2.1217      0.0       0.0     0.9324      0.3    0.8       2.276   24.9   0b1111111111111111    20190417T095706370606
 4     100     2.1367      0.0       0.0     0.2118      0.2    0.8      10.091   24.9   0b1111111111111111    20190417T095706370902
 5     100     2.1330      0.0       0.0     0.9421      0.4    0.8       2.264   24.9   0b1111111111111111    20190417T095706371186
 6     100     2.1405      0.0       0.0     0.2142      0.2    0.8       9.991   24.9   0b1111111111111111    20190417T095706371532
 7     100     2.1232      0.0       0.0     0.9368      0.3    0.8       2.267   24.9   0b1111111111111111    20190417T095706371815
 8     100     2.1255      0.0       0.0     0.2125      0.0    0.0      10.002   24.9   0b1111111111111111    20190417T095706372095
 9     100     2.1414      0.3       0.8     0.9467      0.3    0.8       2.262   24.9   0b1111111111111111    20190417T095706372425
10     100     2.1180      0.0       0.0     0.2093      0.3    0.8      10.122   24.9   0b1111111111111111    20190417T095706372708
11     100     2.1023      0.0       0.0     0.9308      0.0    0.0       2.258   24.9   0b1111111111111111    20190417T095706372986
12     100     2.1225      0.0       0.0     0.2108      0.0    0.0      10.067   24.9   0b1111111111111111    20190417T095706373316
13     100     2.1135      0.0       0.0     0.9342      0.0    0.0       2.262   24.9   0b1111111111111111    20190417T095706373601
14     100     2.1326      0.4       0.8     0.2135      0.3    0.8       9.989   24.9   0b1111111111111111    20190417T095706373891
15     100     2.1209      0.2       0.8     0.9347      0.4    0.8       2.269   24.9   0b1111111111111111    20190417T095706374167
 0      90     2.0873      0.0       0.0     0.2067      0.0    0.0      10.100   25.0   0b1111111111111111    20190417T095709811021
 1      90     2.0805      0.0       0.0     0.9207      0.3    0.8       2.260   25.0   0b1111111111111111    20190417T095709811429
 2      90     2.0798      0.0       0.0     0.2078      0.4    0.8      10.011   25.0   0b1111111111111111    20190417T095709811741
 3      90     2.0715      0.0       0.0     0.9101      0.2    0.8       2.276   25.0   0b1111111111111111    20190417T095709812036
 4      90     2.0881      0.2       0.8     0.2071      0.4    0.8      10.083   25.0   0b1111111111111111    20190417T095709812343
 5      90     2.0843      0.0       0.0     0.9205      0.4    0.8       2.264   25.0   0b1111111111111111    20190417T095709812629
 6      90     2.0918      0.0       0.0     0.2094      0.4    0.8       9.988   25.0   0b1111111111111111    20190417T095709812911
 7      90     2.0753      0.0       0.0     0.9155      0.4    0.8       2.267   25.0   0b1111111111111111    20190417T095709813214
 8      90     2.0775      0.0       0.0     0.2077      0.3    0.8      10.004   25.0   0b1111111111111111    20190417T095709813495
 9      90     2.0930      0.4       0.8     0.9250      0.0    0.0       2.263   25.0   0b1111111111111111    20190417T095709813775
10      90     2.0700      0.0       0.0     0.2042      0.0    0.0      10.139   25.0   0b1111111111111111    20190417T095709814097
11      90     2.0550      0.0       0.0     0.9100      0.0    0.0       2.258   25.0   0b1111111111111111    20190417T095709814405
12      90     2.0743      0.3       0.8     0.2058      0.0    0.0      10.078   25.0   0b1111111111111111    20190417T095709814684
13      90     2.0655      0.0       0.0     0.9131      0.4    0.8       2.262   25.0   0b1111111111111111    20190417T095709814960
14      90     2.0843      0.0       0.0     0.2089      0.4    0.8       9.976   25.0   0b1111111111111111    20190417T095709815259
15      90     2.0715      0.0       0.0     0.9130      0.4    0.8       2.269   25.0   0b1111111111111111    20190417T095709815538
 0      80     2.0362      0.0       0.0     0.2017      0.0    0.0      10.097   25.0   0b1111111111111111    20190417T095713250697
 1      80     2.0302      0.0       0.0     0.8982      0.3    0.8       2.260   25.0   0b1111111111111111    20190417T095713251087
 2      80     2.0295      0.0       0.0     0.2025      0.0    0.0      10.022   25.0   0b1111111111111111    20190417T095713251427
 3      80     2.0208      0.4       0.7     0.8878      0.4    0.8       2.276   25.0   0b1111111111111111    20190417T095713251724
 4      80     2.0374      0.4       0.8     0.2018      0.2    0.8      10.099   25.0   0b1111111111111111    20190417T095713252009
 5      80     2.0340      0.0       0.0     0.8983      0.0    0.0       2.264   25.0   0b1111111111111111    20190417T095713252328
 6      80     2.0415      0.0       0.0     0.2042      0.2    0.8       9.995   25.0   0b1111111111111111    20190417T095713252611
 7      80     2.0248      0.3       0.8     0.8933      0.3    0.8       2.267   25.0   0b1111111111111111    20190417T095713252921
 8      80     2.0280      0.0       0.0     0.2027      0.4    0.8      10.002   25.0   0b1111111111111111    20190417T095713253237
 9      80     2.0437      0.0       0.0     0.9033      0.0    0.0       2.262   25.0   0b1111111111111111    20190417T095713253521
10      80     2.0205      0.0       0.0     0.1992      0.0    0.0      10.145   25.0   0b1111111111111111    20190417T095713253797
11      80     2.0055      0.0       0.0     0.8878      0.4    0.8       2.259   25.0   0b1111111111111111    20190417T095713254077
12      80     2.0242      0.0       0.0     0.2009      0.2    0.8      10.075   25.0   0b1111111111111111    20190417T095713254388
13      80     2.0158      0.3       0.8     0.8908      0.0    0.0       2.263   25.0   0b1111111111111111    20190417T095713254666
14      80     2.0336      0.4       0.8     0.2035      0.3    0.8       9.993   25.0   0b1111111111111111    20190417T095713254943
15      80     2.0212      0.0       0.0     0.8907      0.2    0.8       2.269   25.0   0b1111111111111111    20190417T095713255238
 0      70     1.9845      0.0       0.0     0.1963      0.4    0.8      10.112   25.0   0b1111111111111111    20190417T095716686000
 1      70     1.9793      0.2       0.8     0.8757      0.3    0.8       2.260   25.0   0b1111111111111111    20190417T095716686416
 2      70     1.9789      0.4       0.8     0.1975      0.0    0.0      10.020   25.0   0b1111111111111111    20190417T095716686726
 3      70     1.9695      0.0       0.0     0.8653      0.4    0.8       2.276   25.0   0b1111111111111111    20190417T095716687020
 4      70     1.9868      0.0       0.0     0.1968      0.2    0.8      10.098   25.0   0b1111111111111111    20190417T095716687330
 5      70     1.9830      0.0       0.0     0.8758      0.3    0.8       2.264   25.0   0b1111111111111111    20190417T095716687617
 6      70     1.9906      0.2       0.8     0.1992      0.0    0.0       9.995   25.0   0b1111111111111111    20190417T095716687898
 7      70     1.9740      0.0       0.0     0.8708      0.0    0.0       2.267   25.0   0b1111111111111111    20190417T095716688202
 8      70     1.9792      0.0       0.0     0.1977      0.3    0.8      10.013   25.0   0b1111111111111111    20190417T095716688485
 9      70     1.9938      0.4       0.7     0.8812      0.4    0.8       2.262   25.0   0b1111111111111111    20190417T095716688814
10      70     1.9710      0.0       0.0     0.1942      0.2    0.8      10.147   25.0   0b1111111111111111    20190417T095716689100
11      70     1.9562      0.3       0.7     0.8659      0.3    0.8       2.259   25.0   0b1111111111111111    20190417T095716689401
12      70     1.9740      0.0       0.0     0.1958      0.0    0.0      10.080   25.0   0b1111111111111111    20190417T095716689679
13      70     1.9657      0.0       0.0     0.8686      0.4    0.8       2.263   25.0   0b1111111111111111    20190417T095716689958
14      70     1.9838      0.0       0.0     0.1983      0.0    0.0      10.002   25.0   0b1111111111111111    20190417T095716690258
15      70     1.9718      0.0       0.0     0.8688      0.4    0.8       2.269   25.0   0b1111111111111111    20190417T095716690538
 0      60     1.9327      0.0       0.0     0.1908      0.0    0.0      10.128   25.1   0b1111111111111111    20190417T095720119237
 1      60     1.9272      0.4       0.7     0.8525      0.0    0.0       2.261   25.1   0b1111111111111111    20190417T095720119628
 2      60     1.9269      0.3       0.7     0.1925      0.0    0.0      10.010   25.1   0b1111111111111111    20190417T095720119937
 3      60     1.9174      0.4       0.8     0.8425      0.0    0.0       2.276   25.1   0b1111111111111111    20190417T095720120254
 4      60     1.9355      0.3       0.8     0.1917      0.0    0.0      10.098   25.1   0b1111111111111111    20190417T095720120559
 5      60     1.9320      0.0       0.0     0.8533      0.3    0.8       2.264   25.1   0b1111111111111111    20190417T095720120845
 6      60     1.9395      0.0       0.0     0.1942      0.0    0.0       9.989   25.1   0b1111111111111111    20190417T095720121149
 7      60     1.9230      0.0       0.0     0.8482      0.2    0.8       2.267   25.1   0b1111111111111111    20190417T095720121431
 8      60     1.9282      0.0       0.0     0.1925      0.0    0.0      10.017   25.1   0b1111111111111111    20190417T095720121752
 9      60     1.9433      0.0       0.0     0.8592      0.0    0.0       2.262   25.1   0b1111111111111111    20190417T095720122034
10      60     1.9192      0.0       0.0     0.1892      0.0    0.0      10.146   25.1   0b1111111111111111    20190417T095720122334
11      60     1.9058      0.0       0.0     0.8434      0.3    0.8       2.260   25.1   0b1111111111111111    20190417T095720122613
12      60     1.9230      0.0       0.0     0.1908      0.2    0.8      10.081   25.1   0b1111111111111111    20190417T095720122889
13      60     1.9155      0.0       0.0     0.8465      0.3    0.8       2.263   25.1   0b1111111111111111    20190417T095720123194
14      60     1.9320      0.0       0.0     0.1933      0.0    0.0       9.993   25.1   0b1111111111111111    20190417T095720123473
15      60     1.9200      0.0       0.0     0.8461      0.4    0.8       2.269   25.1   0b1111111111111111    20190417T095720123749
 0      50     1.8803      0.0       0.0     0.1858      0.0    0.0      10.118   25.1   0b1111111111111111    20190417T095723553326
 1      50     1.8748      0.3       0.8     0.8292      0.0    0.0       2.261   25.1   0b1111111111111111    20190417T095723553706
 2      50     1.8750      0.0       0.0     0.1871      0.4    0.8      10.022   25.1   0b1111111111111111    20190417T095723554012
 3      50     1.8660      0.0       0.0     0.8194      0.4    0.8       2.277   25.1   0b1111111111111111    20190417T095723554328
 4      50     1.8832      0.0       0.0     0.1864      0.4    0.8      10.102   25.1   0b1111111111111111    20190417T095723554616
 5      50     1.8803      0.0       0.0     0.8300      0.0    0.0       2.265   25.1   0b1111111111111111    20190417T095723554898
 6      50     1.8870      0.0       0.0     0.1888      0.4    0.8       9.993   25.1   0b1111111111111111    20190417T095723555201
 7      50     1.8712      0.0       0.0     0.8253      0.4    0.8       2.267   25.1   0b1111111111111111    20190417T095723555481
 8      50     1.8773      0.0       0.0     0.1875      0.0    0.0      10.012   25.1   0b1111111111111111    20190417T095723555758
 9      50     1.8915      0.0       0.0     0.8361      0.4    0.8       2.262   25.1   0b1111111111111111    20190417T095723556036
10      50     1.8686      0.4       0.8     0.1842      0.0    0.0      10.146   25.1   0b1111111111111111    20190417T095723556352
11      50     1.8547      0.0       0.0     0.8209      0.3    0.8       2.259   25.1   0b1111111111111111    20190417T095723556663
12      50     1.8712      0.0       0.0     0.1857      0.3    0.8      10.079   25.1   0b1111111111111111    20190417T095723556940
13      50     1.8645      0.0       0.0     0.8238      0.4    0.8       2.263   25.1   0b1111111111111111    20190417T095723557241
14      50     1.8809      0.3       0.8     0.1882      0.2    0.8       9.991   25.1   0b1111111111111111    20190417T095723557519
15      50     1.8689      0.3       0.8     0.8233      0.0    0.0       2.270   25.1   0b1111111111111111    20190417T095723557795
 0      40     1.8270      0.0       0.0     0.1803      0.4    0.8      10.131   25.2   0b1111111111111111    20190417T095726985987
 1      40     1.8225      0.0       0.0     0.8058      0.0    0.0       2.262   25.2   0b1111111111111111    20190417T095726986415
 2      40     1.8225      0.0       0.0     0.1817      0.0    0.0      10.032   25.2   0b1111111111111111    20190417T095726986741
 3      40     1.8135      0.0       0.0     0.7965      0.3    0.8       2.277   25.2   0b1111111111111111    20190417T095726987037
 4      40     1.8310      0.3       0.8     0.1808      0.0    0.0      10.125   25.2   0b1111111111111111    20190417T095726987345
 5      40     1.8285      0.0       0.0     0.8073      0.4    0.8       2.265   25.2   0b1111111111111111    20190417T095726987631
 6      40     1.8352      0.2       0.8     0.1833      0.0    0.0      10.010   25.2   0b1111111111111111    20190417T095726987911
 7      40     1.8195      0.0       0.0     0.8025      0.0    0.0       2.267   25.2   0b1111111111111111    20190417T095726988215
 8      40     1.8255      0.0       0.0     0.1823      0.3    0.8      10.012   25.2   0b1111111111111111    20190417T095726988532
 9      40     1.8397      0.0       0.0     0.8131      0.4    0.8       2.263   25.2   0b1111111111111111    20190417T095726988816
10      40     1.8173      0.0       0.0     0.1792      0.0    0.0      10.143   25.2   0b1111111111111111    20190417T095726989094
11      40     1.8038      0.0       0.0     0.7983      0.0    0.0       2.259   25.2   0b1111111111111111    20190417T095726989394
12      40     1.8198      0.4       0.8     0.1804      0.4    0.8      10.087   25.2   0b1111111111111111    20190417T095726989671
13      40     1.8128      0.0       0.0     0.8008      0.0    0.0       2.264   25.2   0b1111111111111111    20190417T095726989950
14      40     1.8287      0.3       0.8     0.1827      0.3    0.8      10.011   25.2   0b1111111111111111    20190417T095726990250
15      40     1.8173      0.0       0.0     0.8008      0.0    0.0       2.269   25.2   0b1111111111111111    20190417T095726990529
 0      30     1.7760      0.0       0.0     0.1752      0.3    0.8      10.139   25.2   0b1111111111111111    20190417T095730420932
 1      30     1.7708      0.2       0.8     0.7833      0.2    0.8       2.261   25.2   0b1111111111111111    20190417T095730421342
 2      30     1.7715      0.0       0.0     0.1767      0.0    0.0      10.027   25.2   0b1111111111111111    20190417T095730421658
 3      30     1.7625      0.0       0.0     0.7741      0.3    0.8       2.277   25.2   0b1111111111111111    20190417T095730421951
 4      30     1.7820      0.0       0.0     0.1760      0.3    0.8      10.125   25.2   0b1111111111111111    20190417T095730422259
 5      30     1.7768      0.0       0.0     0.7843      0.3    0.8       2.265   25.2   0b1111111111111111    20190417T095730422544
 6      30     1.7835      0.0       0.0     0.1783      0.0    0.0      10.001   25.2   0b1111111111111111    20190417T095730422824
 7      30     1.7700      0.0       0.0     0.7808      0.0    0.0       2.267   25.2   0b1111111111111111    20190417T095730423121
 8      30     1.7760      0.0       0.0     0.1772      0.4    0.8      10.020   25.2   0b1111111111111111    20190417T095730423414
 9      30     1.7880      0.0       0.0     0.7900      0.0    0.0       2.263   25.2   0b1111111111111111    20190417T095730423693
10      30     1.7677      0.0       0.0     0.1740      0.3    0.8      10.159   25.2   0b1111111111111111    20190417T095730423970
11      30     1.7550      0.0       0.0     0.7767      0.0    0.0       2.260   25.2   0b1111111111111111    20190417T095730424312
12      30     1.7700      0.0       0.0     0.1753      0.4    0.8      10.100   25.2   0b1111111111111111    20190417T095730424595
13      30     1.7634      0.3       0.8     0.7792      0.0    0.0       2.263   25.2   0b1111111111111111    20190417T095730424873
14      30     1.7790      0.0       0.0     0.1778      0.4    0.8      10.008   25.2   0b1111111111111111    20190417T095730425174
15      30     1.7670      0.0       0.0     0.7783      0.0    0.0       2.270   25.2   0b1111111111111111    20190417T095730425455
 0      20     1.7246      0.4       0.8     0.1700      0.0    0.0      10.144   25.3   0b1111111111111111    20190417T095733856881
 1      20     1.7196      0.3       0.7     0.7601      0.2    0.8       2.262   25.3   0b1111111111111111    20190417T095733857295
 2      20     1.7203      0.3       0.8     0.1715      0.3    0.8      10.031   25.3   0b1111111111111111    20190417T095733857641
 3      20     1.7115      0.0       0.0     0.7516      0.2    0.8       2.277   25.3   0b1111111111111111    20190417T095733857939
 4      20     1.7310      0.0       0.0     0.1708      0.0    0.0      10.133   25.3   0b1111111111111111    20190417T095733858225
 5      20     1.7264      0.2       0.8     0.7618      0.3    0.8       2.266   25.3   0b1111111111111111    20190417T095733858532
 6      20     1.7325      0.0       0.0     0.1731      0.4    0.8      10.010   25.3   0b1111111111111111    20190417T095733858814
 7      20     1.7197      0.2       0.7     0.7583      0.0    0.0       2.268   25.3   0b1111111111111111    20190417T095733859095
 8      20     1.7254      0.4       0.8     0.1722      0.4    0.8      10.022   25.3   0b1111111111111111    20190417T095733859394
 9      20     1.7370      0.0       0.0     0.7675      0.0    0.0       2.263   25.3   0b1111111111111111    20190417T095733859676
10      20     1.7175      0.0       0.0     0.1688      0.4    0.8      10.173   25.3   0b1111111111111111    20190417T095733859991
11      20     1.7048      0.0       0.0     0.7548      0.3    0.8       2.258   25.3   0b1111111111111111    20190417T095733860281
12      20     1.7190      0.0       0.0     0.1700      0.0    0.0      10.112   25.3   0b1111111111111111    20190417T095733860582
13      20     1.7137      0.2       0.8     0.7569      0.4    0.8       2.264   25.3   0b1111111111111111    20190417T095733860862
14      20     1.7288      0.0       0.0     0.1726      0.2    0.8      10.017   25.3   0b1111111111111111    20190417T095733861136
15      20     1.7160      0.0       0.0     0.7561      0.4    0.8       2.270   25.3   0b1111111111111111    20190417T095733861434
 0      10     1.6732      0.0       0.0     0.1650      0.0    0.0      10.141   25.3   0b1111111111111111    20190417T095737290469
 1      10     1.6680      0.0       0.0     0.7375      0.0    0.0       2.262   25.3   0b1111111111111111    20190417T095737290863
 2      10     1.6687      0.0       0.0     0.1663      0.4    0.8      10.033   25.3   0b1111111111111111    20190417T095737291174
 3      10     1.6610      0.4       0.8     0.7292      0.0    0.0       2.278   25.3   0b1111111111111111    20190417T095737291493
 4      10     1.6808      0.0       0.0     0.1658      0.0    0.0      10.135   25.3   0b1111111111111111    20190417T095737291782
 5      10     1.6755      0.0       0.0     0.7394      0.4    0.8       2.266   25.3   0b1111111111111111    20190417T095737292067
 6      10     1.6815      0.0       0.0     0.1679      0.4    0.8      10.014   25.3   0b1111111111111111    20190417T095737292347
 7      10     1.6695      0.0       0.0     0.7358      0.0    0.0       2.269   25.3   0b1111111111111111    20190417T095737292649
 8      10     1.6750      0.3       0.7     0.1668      0.2    0.8      10.045   25.3   0b1111111111111111    20190417T095737292966
 9      10     1.6860      0.0       0.0     0.7450      0.0    0.0       2.263   25.3   0b1111111111111111    20190417T095737293248
10      10     1.6672      0.0       0.0     0.1639      0.4    0.8      10.171   25.3   0b1111111111111111    20190417T095737293545
11      10     1.6553      0.0       0.0     0.7325      0.0    0.0       2.260   25.3   0b1111111111111111    20190417T095737293826
12      10     1.6687      0.0       0.0     0.1650      0.0    0.0      10.114   25.3   0b1111111111111111    20190417T095737294102
13      10     1.6635      0.0       0.0     0.7350      0.0    0.0       2.263   25.3   0b1111111111111111    20190417T095737294409
14      10     1.6785      0.0       0.0     0.1676      0.3    0.8      10.016   25.3   0b1111111111111111    20190417T095737294601
15      10     1.6663      0.3       0.8     0.7341      0.3    0.8       2.270   25.3   0b1111111111111111    20190417T095737294736
 0       0     1.6210      0.3       0.8     0.1598      0.4    0.8      10.147   25.4   0b1111111111111111    20190417T095740728181
 1       0     1.6168      0.3       0.7     0.7147      0.4    0.8       2.262   25.4   0b1111111111111111    20190417T095740728570
 2       0     1.6178      0.0       0.0     0.1608      0.0    0.0      10.059   25.4   0b1111111111111111    20190417T095740728876
 3       0     1.6095      0.0       0.0     0.7065      0.3    0.8       2.278   25.4   0b1111111111111111    20190417T095740729195
 4       0     1.6297      0.2       0.8     0.1608      0.0    0.0      10.133   25.4   0b1111111111111111    20190417T095740729483
 5       0     1.6252      0.0       0.0     0.7173      0.4    0.8       2.266   25.4   0b1111111111111111    20190417T095740729766
 6       0     1.6305      0.0       0.0     0.1627      0.3    0.8      10.024   25.4   0b1111111111111111    20190417T095740730049
 7       0     1.6185      0.0       0.0     0.7135      0.3    0.8       2.268   25.4   0b1111111111111111    20190417T095740730350
 8       0     1.6245      0.0       0.0     0.1618      0.2    0.8      10.043   25.4   0b1111111111111111    20190417T095740730630
 9       0     1.6349      0.3       0.8     0.7225      0.0    0.0       2.263   25.4   0b1111111111111111    20190417T095740730950
10       0     1.6175      0.4       0.8     0.1589      0.4    0.8      10.178   25.4   0b1111111111111111    20190417T095740731252
11       0     1.6050      0.0       0.0     0.7103      0.4    0.8       2.260   25.4   0b1111111111111111    20190417T095740731534
12       0     1.6185      0.0       0.0     0.1600      0.0    0.0      10.116   25.4   0b1111111111111111    20190417T095740731810
13       0     1.6125      0.0       0.0     0.7125      0.0    0.0       2.263   25.4   0b1111111111111111    20190417T095740732086
14       0     1.6275      0.0       0.0     0.1625      0.0    0.0      10.015   25.4   0b1111111111111111    20190417T095740732388
15       0     1.6155      0.0       0.0     0.7117      0.0    0.0       2.270   25.4   0b1111111111111111    20190417T095740732664
