CH# Vset[DAC]   V[V]    dVRMS[mV] dVpp[mV]    I[A]  dIRMS[mA] dIpp[mA]   R[ohm]   T[C]   State                Timestamp
 0     250     2.8565      0.3       0.8     0.0017      0.4    1.7    1713.915   26.4   0b1111111111111111    20190613T154720283255
 1     250     2.8478      0.0       0.0     0.0002      0.5    1.7   17086.500   26.4   0b1111111111111111    20190613T154720283494
 2     250     2.8710      0.0       0.0    -0.0007      0.3    0.8    -666.000   26.4   0b1111111111111111    20190613T154720283648
 3     250     2.8517      0.3       0.8    -0.0004      0.4    0.8    -666.000   26.4   0b1111111111111111    20190613T154720283795
 4     250     2.8702      0.0       0.0     0.0013      0.4    0.8    2296.200   26.4   0b1111111111111111    20190613T154720283940
 5     250     2.8725      0.0       0.0    -0.0009      0.4    1.7    -666.000   26.4   0b1111111111111111    20190613T154720284085
 6     250     2.8657      0.0       0.0     0.0018      0.6    1.7    1563.136   26.4   0b1111111111111111    20190613T154720284247
 7     250     2.8539      0.3       0.8     0.0009      0.3    0.8    3113.345   26.4   0b1111111111111111    20190613T154720284392
 8     250     2.8268      0.0       0.0     0.0002      0.3    0.8   16960.500   26.4   0b1111111111111111    20190613T154720284541
 9     250     2.8155      0.0       0.0    -0.0005      0.4    0.8    -666.000   26.4   0b1111111111111111    20190613T154720284822
10     250     2.8275      0.0       0.0     0.0011      0.4    0.8    2610.000   26.4   0b1111111111111111    20190613T154720285067
11     250     2.8268      0.0       0.0    -0.0002      0.5    1.7    -666.000   26.4   0b1111111111111111    20190613T154720285214
12     250     2.8568      0.0       0.0     0.0023      0.4    0.8    1269.667   26.4   0b1111111111111111    20190613T154720285357
13     250     2.8472      0.3       0.8     0.0022      0.4    0.8    1314.069   26.4   0b1111111111111111    20190613T154720285667
14     250     2.8650      0.0       0.0     0.0013      0.4    0.8    2292.000   26.4   0b1111111111111111    20190613T154720285962
15     250     2.8583      0.2       0.7     0.0009      0.3    0.8    3118.173   26.4   0b1111111111111111    20190613T154720286105
 0     240     2.8078      0.3       0.8     0.0016      0.3    0.8    1773.379   26.4   0b1111111111111111    20190613T154723751292
 1     240     2.7991      0.2       0.7     0.0001      0.4    1.7   33588.900   26.4   0b1111111111111111    20190613T154723751719
 2     240     2.8223      0.0       0.0    -0.0006      0.4    0.8    -666.000   26.4   0b1111111111111111    20190613T154723752045
 3     240     2.8035      0.0       0.0    -0.0006      0.4    0.8    -666.000   26.4   0b1111111111111111    20190613T154723752424
 4     240     2.8207      0.0       0.0     0.0013      0.4    0.8    2115.562   26.4   0b1111111111111111    20190613T154723752735
 5     240     2.8230      0.0       0.0    -0.0010      0.3    0.8    -666.000   26.4   0b1111111111111111    20190613T154723753036
 6     240     2.8168      0.3       0.8     0.0022      0.4    0.8    1300.050   26.4   0b1111111111111111    20190613T154723753384
 7     240     2.8050      0.0       0.0     0.0005      0.4    0.8    5610.000   26.4   0b1111111111111111    20190613T154723753686
 8     240     2.7787      0.0       0.0     0.0001      0.2    0.8   33345.000   26.4   0b1111111111111111    20190613T154723753981
 9     240     2.7683      0.0       0.0    -0.0007      0.2    0.8    -666.000   26.4   0b1111111111111111    20190613T154723754324
10     240     2.7802      0.0       0.0     0.0009      0.3    0.8    3033.000   26.4   0b1111111111111111    20190613T154723754623
11     240     2.7795      0.0       0.0     0.0000      0.4    1.7    -666.000   26.4   0b1111111111111111    20190613T154723754917
12     240     2.8077      0.4       0.8     0.0024      0.2    0.8    1161.807   26.4   0b1111111111111111    20190613T154723755263
13     240     2.7982      0.0       0.0     0.0022      0.4    0.8    1291.500   26.4   0b1111111111111111    20190613T154723755562
14     240     2.8155      0.0       0.0     0.0013      0.4    0.8    2111.625   26.4   0b1111111111111111    20190613T154723755867
15     240     2.8095      0.0       0.0     0.0010      0.3    0.8    2809.500   26.4   0b1111111111111111    20190613T154723756365
 0     230     2.7600      0.0       0.0     0.0016      0.3    0.8    1743.158   26.4   0b1111111111111111    20190613T154727209513
 1     230     2.7518      0.0       0.0     0.0000      0.4    1.7    -666.000   26.4   0b1111111111111111    20190613T154727209923
 2     230     2.7742      0.0       0.0    -0.0006      0.4    0.8    -666.000   26.4   0b1111111111111111    20190613T154727210269
 3     230     2.7555      0.0       0.0    -0.0007      0.5    1.7    -666.000   26.4   0b1111111111111111    20190613T154727210574
 4     230     2.7724      0.4       0.8     0.0012      0.4    0.8    2376.386   26.4   0b1111111111111111    20190613T154727210874
 5     230     2.7750      0.0       0.0    -0.0009      0.3    0.8    -666.000   26.4   0b1111111111111111    20190613T154727211169
 6     230     2.7688      0.3       0.7     0.0018      0.3    0.8    1510.282   26.4   0b1111111111111111    20190613T154727211486
 7     230     2.7578      0.0       0.0     0.0007      0.3    0.8    4136.625   26.4   0b1111111111111111    20190613T154727211781
 8     230     2.7330      0.0       0.0     0.0000      0.4    1.7    -666.000   26.4   0b1111111111111111    20190613T154727212097
 9     230     2.7225      0.0       0.0    -0.0008      0.0    0.0    -666.000   26.4   0b1111111111111111    20190613T154727212465
10     230     2.7338      0.0       0.0     0.0008      0.0    0.0    3280.500   26.4   0b1111111111111111    20190613T154727212791
11     230     2.7333      0.4       0.8    -0.0002      0.3    0.8    -666.000   26.4   0b1111111111111111    20190613T154727213088
12     230     2.7593      0.2       0.8     0.0025      0.0    0.0    1103.730   26.4   0b1111111111111111    20190613T154727213405
13     230     2.7510      0.0       0.0     0.0021      0.4    0.8    1320.480   26.4   0b1111111111111111    20190613T154727213699
14     230     2.7675      0.0       0.0     0.0012      0.4    0.8    2372.143   26.4   0b1111111111111111    20190613T154727213991
15     230     2.7615      0.0       0.0     0.0008      0.0    0.0    3313.800   26.4   0b1111111111111111    20190613T154727214303
 0     220     2.7112      0.0       0.0     0.0014      0.4    0.8    1913.824   26.4   0b1111111111111111    20190613T154730667379
 1     220     2.7030      0.0       0.0    -0.0002      0.3    0.8    -666.000   26.4   0b1111111111111111    20190613T154730667766
 2     220     2.7255      0.0       0.0    -0.0008      0.4    1.7    -666.000   26.4   0b1111111111111111    20190613T154730668083
 3     220     2.7067      0.0       0.0    -0.0008      0.0    0.0    -666.000   26.4   0b1111111111111111    20190613T154730668400
 4     220     2.7233      0.0       0.0     0.0010      0.3    0.8    2723.250   26.4   0b1111111111111111    20190613T154730668549
 5     220     2.7257      0.3       0.8    -0.0010      0.3    0.8    -666.000   26.4   0b1111111111111111    20190613T154730668693
 6     220     2.7195      0.0       0.0     0.0020      0.4    0.8    1359.750   26.4   0b1111111111111111    20190613T154730668837
 7     220     2.7079      0.4       0.7     0.0005      0.4    0.8    5415.900   26.4   0b1111111111111111    20190613T154730668980
 8     220     2.6864      0.2       0.8     0.0000      0.0    0.0    -666.000   26.4   0b1111111111111111    20190613T154730669123
 9     220     2.6752      0.0       0.0    -0.0008      0.0    0.0    -666.000   26.4   0b1111111111111111    20190613T154730669276
10     220     2.6863      0.3       0.8     0.0008      0.0    0.0    3223.620   26.4   0b1111111111111111    20190613T154730669420
11     220     2.6857      0.0       0.0    -0.0002      0.4    0.8    -666.000   26.4   0b1111111111111111    20190613T154730669561
12     220     2.7112      0.0       0.0     0.0024      0.2    0.8    1121.897   26.4   0b1111111111111111    20190613T154730669703
13     220     2.7015      0.0       0.0     0.0020      0.4    0.8    1350.750   26.4   0b1111111111111111    20190613T154730669854
14     220     2.7180      0.0       0.0     0.0011      0.4    0.8    2508.923   26.4   0b1111111111111111    20190613T154730669996
15     220     2.7122      0.3       0.7     0.0008      0.0    0.0    3254.580   26.4   0b1111111111111111    20190613T154730670157
 0     210     2.6618      0.2       0.8     0.0013      0.6    1.7    1996.369   26.4   0b1111111111111111    20190613T154734118453
 1     210     2.6543      0.0       0.0    -0.0001      0.2    0.8    -666.000   26.4   0b1111111111111111    20190613T154734118889
 2     210     2.6760      0.0       0.0    -0.0008      0.0    0.0    -666.000   26.4   0b1111111111111111    20190613T154734119243
 3     210     2.6579      0.2       0.8    -0.0007      0.3    0.8    -666.000   26.4   0b1111111111111111    20190613T154734119562
 4     210     2.6736      0.3       0.7     0.0008      0.0    0.0    3208.320   26.4   0b1111111111111111    20190613T154734119868
 5     210     2.6760      0.0       0.0    -0.0012      0.4    0.8    -666.000   26.4   0b1111111111111111    20190613T154734120170
 6     210     2.6700      0.0       0.0     0.0018      0.2    0.8    1525.714   26.4   0b1111111111111111    20190613T154734120493
 7     210     2.6588      0.0       0.0     0.0007      0.3    0.8    3988.125   26.4   0b1111111111111111    20190613T154734120790
 8     210     2.6385      0.0       0.0     0.0000      0.0    0.0    -666.000   26.4   0b1111111111111111    20190613T154734121121
 9     210     2.6279      0.2       0.8    -0.0008      0.0    0.0    -666.000   26.4   0b1111111111111111    20190613T154734121450
10     210     2.6385      0.0       0.0     0.0007      0.2    0.8    3518.000   26.4   0b1111111111111111    20190613T154734121746
11     210     2.6378      0.0       0.0    -0.0001      0.2    0.8    -666.000   26.4   0b1111111111111111    20190613T154734122072
12     210     2.6618      0.0       0.0     0.0022      0.4    0.8    1228.500   26.4   0b1111111111111111    20190613T154734122396
13     210     2.6528      0.0       0.0     0.0017      0.0    0.0    1591.650   26.4   0b1111111111111111    20190613T154734122692
14     210     2.6685      0.0       0.0     0.0009      0.3    0.8    2911.091   26.4   0b1111111111111111    20190613T154734122985
15     210     2.6630      0.3       0.8     0.0007      0.2    0.8    3550.700   26.4   0b1111111111111111    20190613T154734123301
 0     200     2.6122      0.0       0.0     0.0015      0.3    0.8    1741.500   26.4   0b1111111111111111    20190613T154737569763
 1     200     2.6047      0.0       0.0    -0.0003      0.4    0.8    -666.000   26.4   0b1111111111111111    20190613T154737570418
 2     200     2.6265      0.0       0.0    -0.0008      0.0    0.0    -666.000   26.4   0b1111111111111111    20190613T154737570979
 3     200     2.6085      0.0       0.0    -0.0007      0.2    0.8    -666.000   26.4   0b1111111111111111    20190613T154737571553
 4     200     2.6234      0.2       0.8     0.0007      0.3    0.8    3935.138   26.4   0b1111111111111111    20190613T154737572237
 5     200     2.6264      0.2       0.8    -0.0010      0.3    0.8    -666.000   26.4   0b1111111111111111    20190613T154737572774
 6     200     2.6203      0.3       0.8     0.0018      0.2    0.8    1497.343   26.4   0b1111111111111111    20190613T154737573341
 7     200     2.6085      0.0       0.0     0.0002      0.3    0.8   15651.000   26.4   0b1111111111111111    20190613T154737573879
 8     200     2.5905      0.0       0.0    -0.0001      0.2    0.8    -666.000   26.4   0b1111111111111111    20190613T154737574342
 9     200     2.5800      0.0       0.0    -0.0009      0.3    0.8    -666.000   26.4   0b1111111111111111    20190613T154737574814
10     200     2.5905      0.0       0.0     0.0007      0.2    0.8    3454.000   26.4   0b1111111111111111    20190613T154737575139
11     200     2.5897      0.0       0.0    -0.0002      0.4    0.8    -666.000   26.4   0b1111111111111111    20190613T154737575485
12     200     2.6115      0.0       0.0     0.0020      0.4    0.8    1305.750   26.4   0b1111111111111111    20190613T154737575803
13     200     2.6032      0.0       0.0     0.0017      0.0    0.0    1561.950   26.4   0b1111111111111111    20190613T154737576112
14     200     2.6190      0.0       0.0     0.0008      0.0    0.0    3142.800   26.4   0b1111111111111111    20190613T154737576407
15     200     2.6130      0.0       0.0     0.0008      0.0    0.0    3135.600   26.4   0b1111111111111111    20190613T154737576703
 0     190     2.5644      0.3       0.8     0.0011      0.4    0.8    2367.138   26.4   0b1111111111111111    20190613T154741065047
 1     190     2.5575      0.0       0.0    -0.0005      0.4    0.8    -666.000   26.4   0b1111111111111111    20190613T154741065517
 2     190     2.5784      0.3       0.8    -0.0009      0.3    0.8    -666.000   26.4   0b1111111111111111    20190613T154741065858
 3     190     2.5606      0.2       0.7    -0.0008      0.0    0.0    -666.000   26.4   0b1111111111111111    20190613T154741066176
 4     190     2.5757      0.3       0.8     0.0008      0.0    0.0    3090.870   26.4   0b1111111111111111    20190613T154741066504
 5     190     2.5770      0.0       0.0    -0.0012      0.4    0.8    -666.000   26.4   0b1111111111111111    20190613T154741066810
 6     190     2.5718      0.0       0.0     0.0017      0.0    0.0    1543.050   26.4   0b1111111111111111    20190613T154741067110
 7     190     2.5607      0.3       0.7     0.0002      0.3    0.8   15364.350   26.4   0b1111111111111111    20190613T154741067409
 8     190     2.5440      0.0       0.0    -0.0001      0.2    0.8    -666.000   26.4   0b1111111111111111    20190613T154741067764
 9     190     2.5335      0.0       0.0    -0.0012      0.4    0.8    -666.000   26.4   0b1111111111111111    20190613T154741068071
10     190     2.5440      0.0       0.0     0.0007      0.3    0.8    3816.000   26.4   0b1111111111111111    20190613T154741068368
11     190     2.5440      0.0       0.0    -0.0003      0.4    0.8    -666.000   26.4   0b1111111111111111    20190613T154741068665
12     190     2.5643      0.0       0.0     0.0020      0.4    0.8    1282.125   26.4   0b1111111111111111    20190613T154741068809
13     190     2.5556      0.4       0.8     0.0018      0.2    0.8    1460.314   26.4   0b1111111111111111    20190613T154741068953
14     190     2.5710      0.0       0.0     0.0009      0.3    0.8    2804.727   26.4   0b1111111111111111    20190613T154741069096
15     190     2.5658      0.0       0.0     0.0005      0.4    0.8    5131.500   26.4   0b1111111111111111    20190613T154741069238
 0     180     2.5155      0.0       0.0     0.0013      0.4    0.8    2012.400   26.4   0b1111111111111111    20190613T154744513507
 1     180     2.5085      0.3       0.8    -0.0003      0.4    0.8    -666.000   26.4   0b1111111111111111    20190613T154744513919
 2     180     2.5290      0.0       0.0    -0.0008      0.0    0.0    -666.000   26.4   0b1111111111111111    20190613T154744514268
 3     180     2.5117      0.0       0.0    -0.0008      0.0    0.0    -666.000   26.4   0b1111111111111111    20190613T154744514581
 4     180     2.5260      0.0       0.0     0.0007      0.2    0.8    3368.000   26.4   0b1111111111111111    20190613T154744514947
 5     180     2.5275      0.0       0.0    -0.0011      0.4    0.8    -666.000   26.4   0b1111111111111111    20190613T154744515273
 6     180     2.5223      0.0       0.0     0.0016      0.3    0.8    1593.000   26.4   0b1111111111111111    20190613T154744515574
 7     180     2.5117      0.0       0.0     0.0001      0.2    0.8   30141.000   26.4   0b1111111111111111    20190613T154744515870
 8     180     2.4960      0.0       0.0    -0.0001      0.2    0.8    -666.000   26.4   0b1111111111111111    20190613T154744516164
 9     180     2.4862      0.0       0.0    -0.0010      0.3    0.8    -666.000   26.4   0b1111111111111111    20190613T154744516487
10     180     2.4967      0.0       0.0     0.0007      0.3    0.8    3745.125   26.4   0b1111111111111111    20190613T154744516832
11     180     2.4967      0.0       0.0    -0.0004      0.4    0.8    -666.000   26.4   0b1111111111111111    20190613T154744517140
12     180     2.5153      0.3       0.8     0.0017      0.0    0.0    1509.210   26.4   0b1111111111111111    20190613T154744517465
13     180     2.5065      0.0       0.0     0.0017      0.0    0.0    1503.900   26.4   0b1111111111111111    20190613T154744517761
14     180     2.5215      0.0       0.0     0.0008      0.0    0.0    3025.800   26.4   0b1111111111111111    20190613T154744518055
15     180     2.5170      0.0       0.0     0.0007      0.3    0.8    3775.500   26.4   0b1111111111111111    20190613T154744518373
 0     170     2.4666      0.3       0.8     0.0011      0.4    0.8    2276.862   26.4   0b1111111111111111    20190613T154747964576
 1     170     2.4595      0.3       0.8    -0.0005      0.4    0.8    -666.000   26.4   0b1111111111111111    20190613T154747964998
 2     170     2.4795      0.0       0.0    -0.0009      0.3    0.8    -666.000   26.4   0b1111111111111111    20190613T154747965325
 3     170     2.4630      0.0       0.0    -0.0009      0.3    0.8    -666.000   26.4   0b1111111111111111    20190613T154747965660
 4     170     2.4764      0.2       0.8     0.0006      0.4    0.8    4245.300   26.4   0b1111111111111111    20190613T154747965968
 5     170     2.4780      0.0       0.0    -0.0016      0.3    0.8    -666.000   26.4   0b1111111111111111    20190613T154747966269
 6     170     2.4728      0.0       0.0     0.0016      0.3    0.8    1561.737   26.4   0b1111111111111111    20190613T154747966590
 7     170     2.4623      0.0       0.0     0.0000      0.0    0.0    -666.000   26.4   0b1111111111111111    20190613T154747966888
 8     170     2.4487      0.0       0.0    -0.0002      0.4    0.8    -666.000   26.4   0b1111111111111111    20190613T154747967182
 9     170     2.4390      0.0       0.0    -0.0013      0.4    0.8    -666.000   26.4   0b1111111111111111    20190613T154747967528
10     170     2.4487      0.0       0.0     0.0004      0.4    0.8    5877.000   26.4   0b1111111111111111    20190613T154747967836
11     170     2.4487      0.0       0.0    -0.0007      0.2    0.8    -666.000   26.4   0b1111111111111111    20190613T154747968129
12     170     2.4656      0.4       0.8     0.0018      0.3    0.8    1344.886   26.4   0b1111111111111111    20190613T154747968422
13     170     2.4577      0.2       0.8     0.0017      0.0    0.0    1474.605   26.4   0b1111111111111111    20190613T154747968701
14     170     2.4720      0.0       0.0     0.0007      0.2    0.8    3296.000   26.4   0b1111111111111111    20190613T154747968844
15     170     2.4675      0.0       0.0     0.0004      0.4    0.8    5922.000   26.4   0b1111111111111111    20190613T154747968987
 0     160     2.4172      0.0       0.0     0.0009      0.3    0.8    2637.000   26.5   0b1111111111111111    20190613T154751437027
 1     160     2.4105      0.0       0.0    -0.0007      0.2    0.8    -666.000   26.5   0b1111111111111111    20190613T154751437450
 2     160     2.4300      0.0       0.0    -0.0011      0.4    0.8    -666.000   26.5   0b1111111111111111    20190613T154751439102
 3     160     2.4135      0.0       0.0    -0.0010      0.3    0.8    -666.000   26.5   0b1111111111111111    20190613T154751439522
 4     160     2.4263      0.0       0.0     0.0005      0.4    0.8    4852.500   26.5   0b1111111111111111    20190613T154751439850
 5     160     2.4277      0.0       0.0    -0.0017      0.0    0.0    -666.000   26.5   0b1111111111111111    20190613T154751440158
 6     160     2.4232      0.0       0.0     0.0015      0.3    0.8    1615.500   26.5   0b1111111111111111    20190613T154751440480
 7     160     2.4130      0.3       0.8     0.0000      0.0    0.0    -666.000   26.5   0b1111111111111111    20190613T154751440784
 8     160     2.4007      0.0       0.0    -0.0005      0.4    0.8    -666.000   26.5   0b1111111111111111    20190613T154751441080
 9     160     2.3910      0.0       0.0    -0.0013      0.4    0.8    -666.000   26.5   0b1111111111111111    20190613T154751441376
10     160     2.4007      0.0       0.0     0.0003      0.4    0.8    7202.250   26.5   0b1111111111111111    20190613T154751441708
11     160     2.4015      0.0       0.0    -0.0007      0.2    0.8    -666.000   26.5   0b1111111111111111    20190613T154751442003
12     160     2.4157      0.0       0.0     0.0017      0.0    0.0    1449.450   26.5   0b1111111111111111    20190613T154751442354
13     160     2.4082      0.0       0.0     0.0017      0.0    0.0    1444.950   26.5   0b1111111111111111    20190613T154751442664
14     160     2.4226      0.2       0.8     0.0007      0.3    0.8    3633.863   26.5   0b1111111111111111    20190613T154751442960
15     160     2.4180      0.0       0.0     0.0002      0.3    0.8   14508.000   26.5   0b1111111111111111    20190613T154751443252
 0     150     2.3708      0.0       0.0     0.0008      0.0    0.0    2844.900   26.4   0b1111111111111111    20190613T154754892423
 1     150     2.3640      0.0       0.0    -0.0007      0.2    0.8    -666.000   26.4   0b1111111111111111    20190613T154754892762
 2     150     2.3828      0.0       0.0    -0.0011      0.4    0.8    -666.000   26.4   0b1111111111111111    20190613T154754893046
 3     150     2.3670      0.0       0.0    -0.0012      0.4    0.8    -666.000   26.4   0b1111111111111111    20190613T154754893316
 4     150     2.3790      0.0       0.0     0.0000      0.0    0.0    -666.000   26.4   0b1111111111111111    20190613T154754893584
 5     150     2.3805      0.0       0.0    -0.0015      0.3    0.8    -666.000   26.4   0b1111111111111111    20190613T154754893845
 6     150     2.3753      0.0       0.0     0.0014      0.4    0.8    1676.647   26.4   0b1111111111111111    20190613T154754894101
 7     150     2.3655      0.0       0.0     0.0000      0.0    0.0    -666.000   26.4   0b1111111111111111    20190613T154754894381
 8     150     2.3550      0.0       0.0    -0.0004      0.4    0.8    -666.000   26.4   0b1111111111111111    20190613T154754894642
 9     150     2.3464      0.4       0.8    -0.0014      0.4    0.8    -666.000   26.4   0b1111111111111111    20190613T154754894900
10     150     2.3565      0.0       0.0     0.0001      0.2    0.8   28278.000   26.4   0b1111111111111111    20190613T154754895226
11     150     2.3556      0.3       0.8    -0.0007      0.2    0.8    -666.000   26.4   0b1111111111111111    20190613T154754895486
12     150     2.3693      0.0       0.0     0.0017      0.0    0.0    1421.550   26.4   0b1111111111111111    20190613T154754895744
13     150     2.3612      0.3       0.8     0.0016      0.3    0.8    1491.300   26.4   0b1111111111111111    20190613T154754895999
14     150     2.3760      0.0       0.0     0.0007      0.3    0.8    3564.000   26.4   0b1111111111111111    20190613T154754896275
15     150     2.3708      0.0       0.0     0.0002      0.3    0.8   14224.500   26.4   0b1111111111111111    20190613T154754896535
 0     140     2.3220      0.0       0.0     0.0008      0.0    0.0    2786.400   26.4   0b1111111111111111    20190613T154758364143
 1     140     2.3152      0.0       0.0    -0.0008      0.0    0.0    -666.000   26.4   0b1111111111111111    20190613T154758364592
 2     140     2.3333      0.0       0.0    -0.0012      0.4    0.8    -666.000   26.4   0b1111111111111111    20190613T154758364924
 3     140     2.3182      0.0       0.0    -0.0012      0.4    0.8    -666.000   26.4   0b1111111111111111    20190613T154758365234
 4     140     2.3295      0.0       0.0     0.0003      0.4    0.8    6988.500   26.4   0b1111111111111111    20190613T154758365561
 5     140     2.3310      0.0       0.0    -0.0017      0.0    0.0    -666.000   26.4   0b1111111111111111    20190613T154758365863
 6     140     2.3265      0.0       0.0     0.0013      0.4    0.8    1861.200   26.4   0b1111111111111111    20190613T154758366162
 7     140     2.3167      0.0       0.0    -0.0001      0.2    0.8    -666.000   26.4   0b1111111111111111    20190613T154758366459
 8     140     2.3077      0.0       0.0    -0.0005      0.4    0.8    -666.000   26.4   0b1111111111111111    20190613T154758366787
 9     140     2.2995      0.0       0.0    -0.0017      0.0    0.0    -666.000   26.4   0b1111111111111111    20190613T154758367122
10     140     2.3092      0.2       0.8     0.0001      0.2    0.8   27710.100   26.4   0b1111111111111111    20190613T154758367432
11     140     2.3077      0.0       0.0    -0.0008      0.0    0.0    -666.000   26.4   0b1111111111111111    20190613T154758367746
12     140     2.3205      0.0       0.0     0.0017      0.0    0.0    1392.300   26.4   0b1111111111111111    20190613T154758368041
13     140     2.3128      0.3       0.7     0.0015      0.3    0.8    1541.900   26.4   0b1111111111111111    20190613T154758368334
14     140     2.3265      0.0       0.0     0.0004      0.4    0.8    5583.600   26.4   0b1111111111111111    20190613T154758368642
15     140     2.3212      0.0       0.0     0.0001      0.2    0.8   27855.000   26.4   0b1111111111111111    20190613T154758368786
 0     130     2.2733      0.0       0.0     0.0008      0.0    0.0    2727.900   26.5   0b1111111111111111    20190613T154801812956
 1     130     2.2666      0.2       0.8    -0.0008      0.0    0.0    -666.000   26.5   0b1111111111111111    20190613T154801813357
 2     130     2.2845      0.0       0.0    -0.0015      0.3    0.8    -666.000   26.5   0b1111111111111111    20190613T154801813701
 3     130     2.2700      0.4       0.8    -0.0015      0.3    0.8    -666.000   26.5   0b1111111111111111    20190613T154801814005
 4     130     2.2800      0.0       0.0     0.0000      0.0    0.0    -666.000   26.5   0b1111111111111111    20190613T154801814304
 5     130     2.2815      0.0       0.0    -0.0017      0.0    0.0    -666.000   26.5   0b1111111111111111    20190613T154801814622
 6     130     2.2770      0.0       0.0     0.0013      0.4    0.8    1821.600   26.5   0b1111111111111111    20190613T154801814974
 7     130     2.2680      0.0       0.0    -0.0002      0.4    0.8    -666.000   26.5   0b1111111111111111    20190613T154801815273
 8     130     2.2605      0.0       0.0    -0.0007      0.3    0.8    -666.000   26.5   0b1111111111111111    20190613T154801815589
 9     130     2.2523      0.0       0.0    -0.0017      0.0    0.0    -666.000   26.5   0b1111111111111111    20190613T154801815925
10     130     2.2617      0.4       0.8     0.0000      0.0    0.0    -666.000   26.5   0b1111111111111111    20190613T154801816237
11     130     2.2612      0.0       0.0    -0.0008      0.0    0.0    -666.000   26.5   0b1111111111111111    20190613T154801816551
12     130     2.2710      0.0       0.0     0.0016      0.3    0.8    1434.316   26.5   0b1111111111111111    20190613T154801816845
13     130     2.2643      0.0       0.0     0.0011      0.4    0.8    2090.077   26.5   0b1111111111111111    20190613T154801817138
14     130     2.2778      0.0       0.0     0.0003      0.4    0.8    6833.250   26.5   0b1111111111111111    20190613T154801817431
15     130     2.2725      0.0       0.0     0.0000      0.0    0.0    -666.000   26.5   0b1111111111111111    20190613T154801817743
 0     120     2.2248      0.4       0.8     0.0007      0.2    0.8    2966.400   26.4   0b1111111111111111    20190613T154805259642
 1     120     2.2185      0.0       0.0    -0.0008      0.0    0.0    -666.000   26.4   0b1111111111111111    20190613T154805260043
 2     120     2.2365      0.0       0.0    -0.0015      0.3    0.8    -666.000   26.4   0b1111111111111111    20190613T154805260391
 3     120     2.2215      0.0       0.0    -0.0015      0.3    0.8    -666.000   26.4   0b1111111111111111    20190613T154805260697
 4     120     2.2313      0.2       0.8     0.0000      0.0    0.0    -666.000   26.4   0b1111111111111111    20190613T154805260995
 5     120     2.2327      0.0       0.0    -0.0017      0.2    0.8    -666.000   26.4   0b1111111111111111    20190613T154805261312
 6     120     2.2282      0.0       0.0     0.0011      0.4    0.8    2056.846   26.4   0b1111111111111111    20190613T154805261610
 7     120     2.2186      0.3       0.7    -0.0003      0.4    0.8    -666.000   26.4   0b1111111111111111    20190613T154805261916
 8     120     2.2132      0.0       0.0    -0.0008      0.0    0.0    -666.000   26.4   0b1111111111111111    20190613T154805262251
 9     120     2.2058      0.0       0.0    -0.0017      0.0    0.0    -666.000   26.4   0b1111111111111111    20190613T154805262546
10     120     2.2140      0.0       0.0     0.0000      0.0    0.0    -666.000   26.4   0b1111111111111111    20190613T154805262893
11     120     2.2140      0.0       0.0    -0.0007      0.2    0.8    -666.000   26.4   0b1111111111111111    20190613T154805263191
12     120     2.2230      0.0       0.0     0.0016      0.3    0.8    1404.000   26.4   0b1111111111111111    20190613T154805263507
13     120     2.2155      0.0       0.0     0.0009      0.3    0.8    2416.909   26.4   0b1111111111111111    20190613T154805263802
14     120     2.2290      0.0       0.0     0.0000      0.0    0.0    -666.000   26.4   0b1111111111111111    20190613T154805264093
15     120     2.2244      0.2       0.8     0.0000      0.0    0.0    -666.000   26.4   0b1111111111111111    20190613T154805264406
 0     110     2.1784      0.4       0.8     0.0006      0.4    0.8    3734.357   26.4   0b1111111111111111    20190613T154808736923
 1     110     2.1727      0.2       0.8    -0.0008      0.0    0.0    -666.000   26.4   0b1111111111111111    20190613T154808737370
 2     110     2.1899      0.2       0.7    -0.0017      0.0    0.0    -666.000   26.4   0b1111111111111111    20190613T154808737702
 3     110     2.1758      0.0       0.0    -0.0017      0.0    0.0    -666.000   26.4   0b1111111111111111    20190613T154808738012
 4     110     2.1840      0.0       0.0     0.0000      0.0    0.0    -666.000   26.4   0b1111111111111111    20190613T154808738349
 5     110     2.1857      0.3       0.8    -0.0017      0.0    0.0    -666.000   26.4   0b1111111111111111    20190613T154808738513
 6     110     2.1810      0.0       0.0     0.0009      0.3    0.8    2379.273   26.4   0b1111111111111111    20190613T154808738658
 7     110     2.1720      0.0       0.0    -0.0007      0.3    0.8    -666.000   26.4   0b1111111111111111    20190613T154808738804
 8     110     2.1675      0.0       0.0    -0.0008      0.0    0.0    -666.000   26.4   0b1111111111111111    20190613T154808738948
 9     110     2.1608      0.0       0.0    -0.0017      0.0    0.0    -666.000   26.4   0b1111111111111111    20190613T154808739091
10     110     2.1683      0.0       0.0     0.0000      0.0    0.0    -666.000   26.4   0b1111111111111111    20190613T154808739246
11     110     2.1683      0.0       0.0    -0.0009      0.3    0.8    -666.000   26.4   0b1111111111111111    20190613T154808739389
12     110     2.1764      0.3       0.8     0.0014      0.4    0.8    1536.247   26.4   0b1111111111111111    20190613T154808739552
13     110     2.1690      0.0       0.0     0.0008      0.0    0.0    2602.800   26.4   0b1111111111111111    20190613T154808739699
14     110     2.1823      0.3       0.8     0.0000      0.0    0.0    -666.000   26.4   0b1111111111111111    20190613T154808739841
15     110     2.1773      0.0       0.0     0.0000      0.0    0.0    -666.000   26.4   0b1111111111111111    20190613T154808739982
 0     100     2.1297      0.4       0.8     0.0007      0.2    0.8    2839.600   26.4   0b1111111111111111    20190613T154812189794
 1     100     2.1238      0.3       0.8    -0.0008      0.0    0.0    -666.000   26.4   0b1111111111111111    20190613T154812190134
 2     100     2.1406      0.2       0.8    -0.0017      0.0    0.0    -666.000   26.4   0b1111111111111111    20190613T154812190427
 3     100     2.1270      0.0       0.0    -0.0017      0.0    0.0    -666.000   26.4   0b1111111111111111    20190613T154812190694
 4     100     2.1346      0.3       0.8     0.0000      0.0    0.0    -666.000   26.4   0b1111111111111111    20190613T154812190956
 5     100     2.1360      0.0       0.0    -0.0017      0.0    0.0    -666.000   26.4   0b1111111111111111    20190613T154812191236
 6     100     2.1322      0.2       0.8     0.0008      0.0    0.0    2558.610   26.4   0b1111111111111111    20190613T154812191506
 7     100     2.1232      0.0       0.0    -0.0007      0.2    0.8    -666.000   26.4   0b1111111111111111    20190613T154812191766
 8     100     2.1193      0.3       0.8    -0.0008      0.0    0.0    -666.000   26.4   0b1111111111111111    20190613T154812192046
 9     100     2.1127      0.0       0.0    -0.0017      0.0    0.0    -666.000   26.4   0b1111111111111111    20190613T154812192307
10     100     2.1202      0.0       0.0    -0.0002      0.4    0.8    -666.000   26.4   0b1111111111111111    20190613T154812192626
11     100     2.1202      0.0       0.0    -0.0008      0.0    0.0    -666.000   26.4   0b1111111111111111    20190613T154812192882
12     100     2.1270      0.0       0.0     0.0013      0.4    0.8    1701.600   26.4   0b1111111111111111    20190613T154812193139
13     100     2.1202      0.0       0.0     0.0008      0.0    0.0    2544.300   26.4   0b1111111111111111    20190613T154812193419
14     100     2.1330      0.0       0.0     0.0000      0.0    0.0    -666.000   26.4   0b1111111111111111    20190613T154812193680
15     100     2.1285      0.0       0.0     0.0000      0.0    0.0    -666.000   26.4   0b1111111111111111    20190613T154812193937
 0      90     2.0798      0.0       0.0     0.0006      0.4    0.8    3565.286   26.4   0b1111111111111111    20190613T154815678562
 1      90     2.0745      0.0       0.0    -0.0009      0.3    0.8    -666.000   26.4   0b1111111111111111    20190613T154815679004
 2      90     2.0911      0.2       0.8    -0.0017      0.0    0.0    -666.000   26.4   0b1111111111111111    20190613T154815679500
 3      90     2.0775      0.0       0.0    -0.0017      0.0    0.0    -666.000   26.4   0b1111111111111111    20190613T154815679829
 4      90     2.0858      0.0       0.0    -0.0003      0.4    0.8    -666.000   26.4   0b1111111111111111    20190613T154815680136
 5      90     2.0865      0.0       0.0    -0.0017      0.0    0.0    -666.000   26.4   0b1111111111111111    20190613T154815680461
 6      90     2.0813      0.0       0.0     0.0008      0.0    0.0    2497.500   26.4   0b1111111111111111    20190613T154815680760
 7      90     2.0730      0.0       0.0    -0.0008      0.0    0.0    -666.000   26.4   0b1111111111111111    20190613T154815681057
 8      90     2.0707      0.0       0.0    -0.0008      0.0    0.0    -666.000   26.4   0b1111111111111111    20190613T154815681422
 9      90     2.0639      0.2       0.8    -0.0017      0.2    0.8    -666.000   26.4   0b1111111111111111    20190613T154815681725
10      90     2.0715      0.0       0.0    -0.0005      0.4    0.8    -666.000   26.4   0b1111111111111111    20190613T154815682065
11      90     2.0715      0.0       0.0    -0.0008      0.0    0.0    -666.000   26.4   0b1111111111111111    20190613T154815682386
12      90     2.0777      0.3       0.8     0.0010      0.3    0.8    2077.725   26.4   0b1111111111111111    20190613T154815682681
13      90     2.0707      0.2       0.7     0.0008      0.0    0.0    2484.810   26.4   0b1111111111111111    20190613T154815682975
14      90     2.0837      0.3       0.8     0.0000      0.0    0.0    -666.000   26.4   0b1111111111111111    20190613T154815683288
15      90     2.0783      0.0       0.0    -0.0001      0.2    0.8    -666.000   26.4   0b1111111111111111    20190613T154815683592
 0      80     2.0295      0.0       0.0     0.0002      0.4    0.8    8118.000   26.4   0b1111111111111111    20190613T154819168999
 1      80     2.0235      0.0       0.0    -0.0010      0.3    0.8    -666.000   26.4   0b1111111111111111    20190613T154819169485
 2      80     2.0407      0.0       0.0    -0.0017      0.0    0.0    -666.000   26.4   0b1111111111111111    20190613T154819169816
 3      80     2.0272      0.0       0.0    -0.0017      0.0    0.0    -666.000   26.4   0b1111111111111111    20190613T154819170183
 4      80     2.0347      0.0       0.0    -0.0005      0.4    0.8    -666.000   26.4   0b1111111111111111    20190613T154819170494
 5      80     2.0355      0.0       0.0    -0.0017      0.0    0.0    -666.000   26.4   0b1111111111111111    20190613T154819170806
 6      80     2.0302      0.0       0.0     0.0008      0.0    0.0    2436.300   26.4   0b1111111111111111    20190613T154819171145
 7      80     2.0220      0.0       0.0    -0.0008      0.0    0.0    -666.000   26.4   0b1111111111111111    20190613T154819171473
 8      80     2.0205      0.0       0.0    -0.0008      0.0    0.0    -666.000   26.4   0b1111111111111111    20190613T154819171770
 9      80     2.0137      0.2       0.8    -0.0017      0.2    0.8    -666.000   26.4   0b1111111111111111    20190613T154819172161
10      80     2.0212      0.0       0.0    -0.0006      0.4    0.8    -666.000   26.4   0b1111111111111111    20190613T154819172476
11      80     2.0218      0.3       0.8    -0.0010      0.3    0.8    -666.000   26.4   0b1111111111111111    20190613T154819172862
12      80     2.0272      0.2       0.8     0.0009      0.3    0.8    2211.464   26.4   0b1111111111111111    20190613T154819173229
13      80     2.0197      0.0       0.0     0.0008      0.0    0.0    2423.700   26.4   0b1111111111111111    20190613T154819173533
14      80     2.0329      0.4       0.7     0.0000      0.0    0.0    -666.000   26.4   0b1111111111111111    20190613T154819173827
15      80     2.0278      0.3       0.8    -0.0001      0.2    0.8    -666.000   26.4   0b1111111111111111    20190613T154819174216
 0      70     1.9785      0.0       0.0     0.0002      0.4    0.8    7914.000   26.4   0b1111111111111111    20190613T154822639659
 1      70     1.9733      0.0       0.0    -0.0016      0.3    0.8    -666.000   26.4   0b1111111111111111    20190613T154822640077
 2      70     1.9898      0.0       0.0    -0.0018      0.3    0.8    -666.000   26.4   0b1111111111111111    20190613T154822640439
 3      70     1.9770      0.0       0.0    -0.0017      0.2    0.8    -666.000   26.4   0b1111111111111111    20190613T154822640755
 4      70     1.9838      0.0       0.0    -0.0008      0.0    0.0    -666.000   26.4   0b1111111111111111    20190613T154822641059
 5      70     1.9842      0.4       0.8    -0.0019      0.4    0.8    -666.000   26.4   0b1111111111111111    20190613T154822641382
 6      70     1.9792      0.0       0.0     0.0007      0.3    0.8    2968.875   26.4   0b1111111111111111    20190613T154822641682
 7      70     1.9718      0.0       0.0    -0.0008      0.0    0.0    -666.000   26.4   0b1111111111111111    20190613T154822641978
 8      70     1.9702      0.2       0.8    -0.0008      0.0    0.0    -666.000   26.4   0b1111111111111111    20190613T154822642348
 9      70     1.9643      0.0       0.0    -0.0017      0.2    0.8    -666.000   26.4   0b1111111111111111    20190613T154822642649
10      70     1.9711      0.2       0.8    -0.0008      0.0    0.0    -666.000   26.4   0b1111111111111111    20190613T154822642943
11      70     1.9718      0.0       0.0    -0.0009      0.3    0.8    -666.000   26.4   0b1111111111111111    20190613T154822643262
12      70     1.9755      0.0       0.0     0.0008      0.0    0.0    2370.600   26.4   0b1111111111111111    20190613T154822643560
13      70     1.9691      0.4       0.8     0.0007      0.2    0.8    2625.500   26.4   0b1111111111111111    20190613T154822643855
14      70     1.9823      0.0       0.0    -0.0002      0.4    0.8    -666.000   26.4   0b1111111111111111    20190613T154822644148
15      70     1.9763      0.0       0.0    -0.0002      0.3    0.8    -666.000   26.4   0b1111111111111111    20190613T154822644465
 0      60     1.9275      0.0       0.0     0.0000      0.0    0.0    -666.000   26.4   0b1111111111111111    20190613T154826100122
 1      60     1.9215      0.0       0.0    -0.0017      0.0    0.0    -666.000   26.4   0b1111111111111111    20190613T154826100579
 2      60     1.9393      0.3       0.7    -0.0018      0.3    0.8    -666.000   26.4   0b1111111111111111    20190613T154826100917
 3      60     1.9252      0.0       0.0    -0.0018      0.3    0.8    -666.000   26.4   0b1111111111111111    20190613T154826101226
 4      60     1.9320      0.0       0.0    -0.0008      0.0    0.0    -666.000   26.4   0b1111111111111111    20190613T154826101568
 5      60     1.9327      0.0       0.0    -0.0020      0.4    0.8    -666.000   26.4   0b1111111111111111    20190613T154826101872
 6      60     1.9279      0.4       0.8     0.0007      0.3    0.8    2891.813   26.4   0b1111111111111111    20190613T154826102192
 7      60     1.9195      0.3       0.8    -0.0008      0.0    0.0    -666.000   26.4   0b1111111111111111    20190613T154826102509
 8      60     1.9200      0.0       0.0    -0.0009      0.3    0.8    -666.000   26.4   0b1111111111111111    20190613T154826102805
 9      60     1.9140      0.0       0.0    -0.0024      0.2    0.8    -666.000   26.4   0b1111111111111111    20190613T154826103152
10      60     1.9224      0.3       0.8    -0.0008      0.0    0.0    -666.000   26.4   0b1111111111111111    20190613T154826103449
11      60     1.9207      0.0       0.0    -0.0010      0.3    0.8    -666.000   26.4   0b1111111111111111    20190613T154826103770
12      60     1.9237      0.0       0.0     0.0008      0.0    0.0    2308.500   26.4   0b1111111111111111    20190613T154826104063
13      60     1.9178      0.0       0.0     0.0007      0.2    0.8    2557.000   26.4   0b1111111111111111    20190613T154826104356
14      60     1.9305      0.0       0.0    -0.0004      0.4    0.8    -666.000   26.4   0b1111111111111111    20190613T154826104665
15      60     1.9246      0.2       0.8    -0.0005      0.4    0.8    -666.000   26.4   0b1111111111111111    20190613T154826104958
 0      50     1.8758      0.0       0.0     0.0000      0.0    0.0    -666.000   26.4   0b1111111111111111    20190613T154829561814
 1      50     1.8700      0.4       0.8    -0.0017      0.0    0.0    -666.000   26.4   0b1111111111111111    20190613T154829562345
 2      50     1.8870      0.0       0.0    -0.0024      0.2    0.8    -666.000   26.4   0b1111111111111111    20190613T154829562666
 3      50     1.8735      0.0       0.0    -0.0017      0.2    0.8    -666.000   26.4   0b1111111111111111    20190613T154829562968
 4      50     1.8795      0.0       0.0    -0.0008      0.0    0.0    -666.000   26.4   0b1111111111111111    20190613T154829563324
 5      50     1.8804      0.3       0.8    -0.0022      0.4    0.8    -666.000   26.4   0b1111111111111111    20190613T154829563629
 6      50     1.8758      0.2       0.8     0.0005      0.4    0.8    3751.650   26.4   0b1111111111111111    20190613T154829563925
 7      50     1.8677      0.3       0.8    -0.0009      0.3    0.8    -666.000   26.4   0b1111111111111111    20190613T154829564268
 8      50     1.8697      0.0       0.0    -0.0009      0.3    0.8    -666.000   26.4   0b1111111111111111    20190613T154829564565
 9      50     1.8638      0.0       0.0    -0.0022      0.4    0.8    -666.000   26.4   0b1111111111111111    20190613T154829564857
10      50     1.8727      0.2       0.8    -0.0008      0.0    0.0    -666.000   26.4   0b1111111111111111    20190613T154829565205
11      50     1.8712      0.2       0.7    -0.0012      0.4    0.8    -666.000   26.4   0b1111111111111111    20190613T154829565501
12      50     1.8713      0.2       0.8     0.0008      0.0    0.0    2245.590   26.4   0b1111111111111111    20190613T154829565794
13      50     1.8662      0.3       0.8     0.0006      0.4    0.8    3199.243   26.4   0b1111111111111111    20190613T154829566105
14      50     1.8788      0.0       0.0    -0.0006      0.4    0.8    -666.000   26.4   0b1111111111111111    20190613T154829566426
15      50     1.8734      0.2       0.8    -0.0006      0.4    0.8    -666.000   26.4   0b1111111111111111    20190613T154829566719
 0      40     1.8236      0.4       0.8     0.0000      0.0    0.0    -666.000   26.4   0b1111111111111111    20190613T154833017806
 1      40     1.8180      0.0       0.0    -0.0017      0.0    0.0    -666.000   26.4   0b1111111111111111    20190613T154833018485
 2      40     1.8345      0.0       0.0    -0.0025      0.0    0.0    -666.000   26.4   0b1111111111111111    20190613T154833018945
 3      40     1.8218      0.0       0.0    -0.0019      0.4    0.8    -666.000   26.4   0b1111111111111111    20190613T154833019324
 4      40     1.8268      0.3       0.7    -0.0008      0.0    0.0    -666.000   26.4   0b1111111111111111    20190613T154833019679
 5      40     1.8278      0.0       0.0    -0.0022      0.4    0.8    -666.000   26.4   0b1111111111111111    20190613T154833019939
 6      40     1.8236      0.4       0.8     0.0001      0.2    0.8   21883.500   26.4   0b1111111111111111    20190613T154833020243
 7      40     1.8157      0.0       0.0    -0.0012      0.4    0.8    -666.000   26.4   0b1111111111111111    20190613T154833020447
 8      40     1.8195      0.0       0.0    -0.0012      0.4    0.8    -666.000   26.4   0b1111111111111111    20190613T154833020695
 9      40     1.8138      0.4       0.8    -0.0025      0.0    0.0    -666.000   26.4   0b1111111111111111    20190613T154833020907
10      40     1.8218      0.0       0.0    -0.0008      0.0    0.0    -666.000   26.4   0b1111111111111111    20190613T154833021064
11      40     1.8203      0.2       0.8    -0.0014      0.4    0.8    -666.000   26.4   0b1111111111111111    20190613T154833021230
12      40     1.8195      0.0       0.0     0.0008      0.0    0.0    2183.400   26.4   0b1111111111111111    20190613T154833021398
13      40     1.8143      0.0       0.0     0.0002      0.4    0.8    7257.000   26.4   0b1111111111111111    20190613T154833021544
14      40     1.8263      0.0       0.0    -0.0008      0.0    0.0    -666.000   26.4   0b1111111111111111    20190613T154833021688
15      40     1.8210      0.0       0.0    -0.0008      0.0    0.0    -666.000   26.4   0b1111111111111111    20190613T154833021831
 0      30     1.7730      0.0       0.0     0.0000      0.0    0.0    -666.000   26.4   0b1111111111111111    20190613T154836470318
 1      30     1.7677      0.0       0.0    -0.0017      0.0    0.0    -666.000   26.4   0b1111111111111111    20190613T154836470797
 2      30     1.7843      0.0       0.0    -0.0025      0.0    0.0    -666.000   26.4   0b1111111111111111    20190613T154836471134
 3      30     1.7715      0.0       0.0    -0.0022      0.4    0.8    -666.000   26.4   0b1111111111111111    20190613T154836471445
 4      30     1.7753      0.0       0.0    -0.0008      0.0    0.0    -666.000   26.4   0b1111111111111111    20190613T154836471806
 5      30     1.7761      0.3       0.8    -0.0023      0.3    0.8    -666.000   26.4   0b1111111111111111    20190613T154836472147
 6      30     1.7730      0.0       0.0     0.0001      0.2    0.8   21276.000   26.4   0b1111111111111111    20190613T154836472454
 7      30     1.7647      0.0       0.0    -0.0012      0.4    0.8    -666.000   26.4   0b1111111111111111    20190613T154836472815
 8      30     1.7700      0.0       0.0    -0.0013      0.4    0.8    -666.000   26.4   0b1111111111111111    20190613T154836473112
 9      30     1.7655      0.0       0.0    -0.0025      0.0    0.0    -666.000   26.4   0b1111111111111111    20190613T154836473406
10      30     1.7723      0.0       0.0    -0.0009      0.3    0.8    -666.000   26.4   0b1111111111111111    20190613T154836473798
11      30     1.7708      0.0       0.0    -0.0013      0.4    0.8    -666.000   26.4   0b1111111111111111    20190613T154836474097
12      30     1.7692      0.0       0.0     0.0006      0.4    0.8    3033.000   26.4   0b1111111111111111    20190613T154836474391
13      30     1.7640      0.0       0.0     0.0001      0.2    0.8   21168.000   26.4   0b1111111111111111    20190613T154836474742
14      30     1.7761      0.2       0.8    -0.0008      0.0    0.0    -666.000   26.4   0b1111111111111111    20190613T154836475040
15      30     1.7708      0.0       0.0    -0.0008      0.0    0.0    -666.000   26.4   0b1111111111111111    20190613T154836475353
 0      20     1.7220      0.0       0.0     0.0000      0.0    0.0    -666.000   26.4   0b1111111111111111    20190613T154839952589
 1      20     1.7167      0.0       0.0    -0.0017      0.0    0.0    -666.000   26.4   0b1111111111111111    20190613T154839953010
 2      20     1.7332      0.0       0.0    -0.0025      0.0    0.0    -666.000   26.4   0b1111111111111111    20190613T154839953373
 3      20     1.7206      0.2       0.7    -0.0024      0.2    0.8    -666.000   26.4   0b1111111111111111    20190613T154839953683
 4      20     1.7235      0.0       0.0    -0.0010      0.3    0.8    -666.000   26.4   0b1111111111111111    20190613T154839953985
 5      20     1.7250      0.0       0.0    -0.0025      0.0    0.0    -666.000   26.4   0b1111111111111111    20190613T154839954303
 6      20     1.7220      0.0       0.0     0.0002      0.3    0.8   10332.000   26.4   0b1111111111111111    20190613T154839954602
 7      20     1.7138      0.0       0.0    -0.0016      0.3    0.8    -666.000   26.4   0b1111111111111111    20190613T154839954897
 8      20     1.7212      0.2       0.7    -0.0015      0.3    0.8    -666.000   26.4   0b1111111111111111    20190613T154839955212
 9      20     1.7160      0.0       0.0    -0.0025      0.0    0.0    -666.000   26.4   0b1111111111111111    20190613T154839955510
10      20     1.7235      0.0       0.0    -0.0009      0.3    0.8    -666.000   26.4   0b1111111111111111    20190613T154839955802
11      20     1.7220      0.0       0.0    -0.0016      0.3    0.8    -666.000   26.4   0b1111111111111111    20190613T154839956115
12      20     1.7182      0.0       0.0     0.0007      0.2    0.8    2291.000   26.4   0b1111111111111111    20190613T154839956410
13      20     1.7137      0.2       0.8     0.0000      0.0    0.0    -666.000   26.4   0b1111111111111111    20190613T154839956701
14      20     1.7250      0.0       0.0    -0.0008      0.0    0.0    -666.000   26.4   0b1111111111111111    20190613T154839956993
15      20     1.7197      0.0       0.0    -0.0008      0.0    0.0    -666.000   26.4   0b1111111111111111    20190613T154839957301
 0      10     1.6710      0.0       0.0    -0.0002      0.4    0.8    -666.000   26.4   0b1111111111111111    20190613T154843440046
 1      10     1.6665      0.0       0.0    -0.0017      0.0    0.0    -666.000   26.4   0b1111111111111111    20190613T154843440501
 2      10     1.6822      0.2       0.7    -0.0025      0.0    0.0    -666.000   26.4   0b1111111111111111    20190613T154843440837
 3      10     1.6702      0.2       0.8    -0.0024      0.2    0.8    -666.000   26.4   0b1111111111111111    20190613T154843441151
 4      10     1.6720      0.3       0.8    -0.0012      0.4    0.8    -666.000   26.4   0b1111111111111111    20190613T154843441478
 5      10     1.6740      0.0       0.0    -0.0025      0.0    0.0    -666.000   26.4   0b1111111111111111    20190613T154843441785
 6      10     1.6710      0.0       0.0     0.0000      0.0    0.0    -666.000   26.4   0b1111111111111111    20190613T154843442082
 7      10     1.6628      0.0       0.0    -0.0017      0.0    0.0    -666.000   26.4   0b1111111111111111    20190613T154843442406
 8      10     1.6717      0.0       0.0    -0.0017      0.0    0.0    -666.000   26.4   0b1111111111111111    20190613T154843442703
 9      10     1.6672      0.0       0.0    -0.0025      0.0    0.0    -666.000   26.4   0b1111111111111111    20190613T154843442998
10      10     1.6740      0.0       0.0    -0.0011      0.4    0.8    -666.000   26.4   0b1111111111111111    20190613T154843443291
11      10     1.6725      0.0       0.0    -0.0017      0.0    0.0    -666.000   26.4   0b1111111111111111    20190613T154843443605
12      10     1.6668      0.4       0.8     0.0007      0.3    0.8    2500.200   26.4   0b1111111111111111    20190613T154843443898
13      10     1.6628      0.0       0.0     0.0001      0.2    0.8   19953.000   26.4   0b1111111111111111    20190613T154843444191
14      10     1.6740      0.0       0.0    -0.0008      0.0    0.0    -666.000   26.4   0b1111111111111111    20190613T154843444504
15      10     1.6687      0.0       0.0    -0.0008      0.0    0.0    -666.000   26.4   0b1111111111111111    20190613T154843444798
 0       0     1.6200      0.0       0.0    -0.0002      0.4    0.8    -666.000   26.4   0b1111111111111111    20190613T154846905563
 1       0     1.6155      0.0       0.0    -0.0017      0.2    0.8    -666.000   26.4   0b1111111111111111    20190613T154846905947
 2       0     1.6305      0.0       0.0    -0.0025      0.0    0.0    -666.000   26.4   0b1111111111111111    20190613T154846906337
 3       0     1.6192      0.0       0.0    -0.0025      0.0    0.0    -666.000   26.4   0b1111111111111111    20190613T154846906657
 4       0     1.6200      0.0       0.0    -0.0014      0.4    0.8    -666.000   26.4   0b1111111111111111    20190613T154846906956
 5       0     1.6221      0.3       0.8    -0.0025      0.0    0.0    -666.000   26.4   0b1111111111111111    20190613T154846907308
 6       0     1.6192      0.0       0.0     0.0000      0.0    0.0    -666.000   26.4   0b1111111111111111    20190613T154846907607
 7       0     1.6118      0.0       0.0    -0.0017      0.0    0.0    -666.000   26.4   0b1111111111111111    20190613T154846907900
 8       0     1.6222      0.0       0.0    -0.0017      0.0    0.0    -666.000   26.4   0b1111111111111111    20190613T154846908318
 9       0     1.6175      0.3       0.8    -0.0025      0.0    0.0    -666.000   26.4   0b1111111111111111    20190613T154846908486
10       0     1.6238      0.2       0.8    -0.0012      0.4    0.8    -666.000   26.4   0b1111111111111111    20190613T154846908627
11       0     1.6230      0.0       0.0    -0.0017      0.0    0.0    -666.000   26.4   0b1111111111111111    20190613T154846908769
12       0     1.6155      0.0       0.0     0.0003      0.4    0.8    4846.500   26.4   0b1111111111111111    20190613T154846908911
13       0     1.6118      0.0       0.0     0.0000      0.0    0.0    -666.000   26.4   0b1111111111111111    20190613T154846909052
14       0     1.6223      0.2       0.8    -0.0009      0.3    0.8    -666.000   26.4   0b1111111111111111    20190613T154846909271
15       0     1.6171      0.2       0.8    -0.0008      0.0    0.0    -666.000   26.4   0b1111111111111111    20190613T154846909418
