CH# Vset[DAC]   V[V]    dVRMS[mV] dVpp[mV]    I[A]  dIRMS[mA] dIpp[mA]   R[ohm]   T[C]   State                Timestamp
 0     250     2.8560      0.0       0.0     0.5598      1.5    5.0       5.102   25.8   0b1111111111111111    20190625T154714067683
 1     250     2.6812      0.5       1.5     2.5364      0.8    2.5       1.057   25.8   0b1111111111111111    20190625T154714068099
 2     250     2.8612      0.0       0.0     0.5628      3.6   13.3       5.084   25.8   0b1111111111111111    20190625T154714068426
 3     250     2.6868      0.6       2.3     2.5242      0.6    1.7       1.064   25.8   0b1111111111111111    20190625T154714068745
 4     250     2.8571      0.4       0.8     0.5633      1.7    5.8       5.072   25.8   0b1111111111111111    20190625T154714069036
 5     250     2.6933      0.5       1.5     2.5241      0.6    1.7       1.067   25.8   0b1111111111111111    20190625T154714069360
 6     250     2.8605      0.0       0.0     0.5638      1.3    4.2       5.073   25.8   0b1111111111111111    20190625T154714069656
 7     250     2.6729      0.6       1.5     2.5149      0.6    1.7       1.063   25.8   0b1111111111111111    20190625T154714069943
 8     250     2.8631      0.4       0.7     0.5626      2.3    6.7       5.089   25.8   0b1111111111111111    20190625T154714070247
 9     250     2.6794      0.8       2.3     2.5236      0.7    1.7       1.062   25.8   0b1111111111111111    20190625T154714070533
10     250     2.8448      0.0       0.0     0.5603      2.5   10.0       5.078   25.8   0b1111111111111111    20190625T154714070815
11     250     2.6791      0.7       2.3     2.5192      0.5    1.7       1.064   25.8   0b1111111111111111    20190625T154714071097
12     250     2.8567      0.2       0.8     0.5627      3.0   10.0       5.077   25.8   0b1111111111111111    20190625T154714071397
13     250     2.6830      0.8       2.3     2.5175      0.9    2.5       1.066   25.8   0b1111111111111111    20190625T154714071679
14     250     2.8530      0.0       0.0     0.5627      3.1   11.7       5.070   25.8   0b1111111111111111    20190625T154714071961
15     250     2.6708      0.9       2.3     2.5079      0.8    2.5       1.065   25.8   0b1111111111111111    20190625T154714072265
 0     240     2.8125      0.0       0.0     0.5508      1.3    4.2       5.107   26.0   0b1111111111111111    20190625T154717564578
 1     240     2.6760      0.3       1.5     2.5318      0.3    0.8       1.057   26.0   0b1111111111111111    20190625T154717564989
 2     240     2.8185      0.0       0.0     0.5542      2.0    7.5       5.086   26.0   0b1111111111111111    20190625T154717565309
 3     240     2.6815      0.4       0.8     2.5193      0.4    1.7       1.064   26.0   0b1111111111111111    20190625T154717565636
 4     240     2.8137      0.4       0.8     0.5543      1.9    6.7       5.076   26.0   0b1111111111111111    20190625T154717565933
 5     240     2.6887      0.4       1.5     2.5200      0.4    1.7       1.067   26.0   0b1111111111111111    20190625T154717566224
 6     240     2.8178      0.0       0.0     0.5538      1.5    5.0       5.088   26.0   0b1111111111111111    20190625T154717566535
 7     240     2.6687      0.3       0.8     2.5114      0.5    1.7       1.063   26.0   0b1111111111111111    20190625T154717566824
 8     240     2.8268      0.0       0.0     0.5550      1.7    5.8       5.093   26.0   0b1111111111111111    20190625T154717567110
 9     240     2.6754      0.4       1.5     2.5202      0.5    1.7       1.062   26.0   0b1111111111111111    20190625T154717567397
10     240     2.8026      0.3       0.7     0.5523      1.0    3.3       5.074   26.0   0b1111111111111111    20190625T154717567699
11     240     2.6747      0.3       0.7     2.5153      0.9    2.5       1.063   26.0   0b1111111111111111    20190625T154717567984
12     240     2.8178      0.0       0.0     0.5561      2.1    7.5       5.067   26.0   0b1111111111111111    20190625T154717568266
13     240     2.6785      0.4       0.8     2.5135      0.3    0.8       1.066   26.0   0b1111111111111111    20190625T154717568583
14     240     2.8132      0.2       0.8     0.5556      2.0    6.7       5.063   26.0   0b1111111111111111    20190625T154717568757
15     240     2.6663      0.5       1.5     2.5040      0.5    1.7       1.065   26.0   0b1111111111111111    20190625T154717568896
 0     230     2.7663      0.4       0.7     0.5423      1.3    5.0       5.102   26.1   0b1111111111111111    20190625T154721045206
 1     230     2.6687      0.3       0.8     2.5252      0.5    1.7       1.057   26.1   0b1111111111111111    20190625T154721045617
 2     230     2.7720      0.0       0.0     0.5447      0.7    2.5       5.089   26.1   0b1111111111111111    20190625T154721045932
 3     230     2.6739      0.3       0.8     2.5126      0.6    1.7       1.064   26.1   0b1111111111111111    20190625T154721046292
 4     230     2.7669      0.3       0.7     0.5453      0.7    1.7       5.075   26.1   0b1111111111111111    20190625T154721046590
 5     230     2.6821      0.3       0.8     2.5140      0.3    0.8       1.067   26.1   0b1111111111111111    20190625T154721046877
 6     230     2.7720      0.0       0.0     0.5446      0.8    2.5       5.090   26.1   0b1111111111111111    20190625T154721047221
 7     230     2.6627      0.3       0.8     2.5060      0.3    0.8       1.063   26.1   0b1111111111111111    20190625T154721047546
 8     230     2.7817      0.0       0.0     0.5461      1.2    3.3       5.094   26.1   0b1111111111111111    20190625T154721047890
 9     230     2.6704      0.4       0.7     2.5158      0.6    1.7       1.061   26.1   0b1111111111111111    20190625T154721048247
10     230     2.7563      0.0       0.0     0.5437      1.1    3.3       5.069   26.1   0b1111111111111111    20190625T154721048391
11     230     2.6689      0.4       0.8     2.5101      0.6    1.7       1.063   26.1   0b1111111111111111    20190625T154721048530
12     230     2.7724      0.4       0.8     0.5463      1.1    4.2       5.075   26.1   0b1111111111111111    20190625T154721048667
13     230     2.6726      0.4       0.7     2.5086      0.5    1.7       1.065   26.1   0b1111111111111111    20190625T154721048805
14     230     2.7675      0.0       0.0     0.5457      1.3    4.2       5.072   26.1   0b1111111111111111    20190625T154721048942
15     230     2.6606      0.4       0.8     2.4987      0.4    0.8       1.065   26.1   0b1111111111111111    20190625T154721049079
 0     220     2.7165      0.0       0.0     0.5327      0.5    1.7       5.100   26.2   0b1111111111111111    20190625T154724515590
 1     220     2.6560      0.3       0.8     2.5134      0.2    0.8       1.057   26.2   0b1111111111111111    20190625T154724516031
 2     220     2.7233      0.0       0.0     0.5351      0.7    1.7       5.089   26.2   0b1111111111111111    20190625T154724516407
 3     220     2.6606      0.4       0.8     2.5002      0.3    0.8       1.064   26.2   0b1111111111111111    20190625T154724516747
 4     220     2.7188      0.0       0.0     0.5343      0.3    0.8       5.088   26.2   0b1111111111111111    20190625T154724517043
 5     220     2.6705      0.4       0.7     2.5034      0.4    1.7       1.067   26.2   0b1111111111111111    20190625T154724517333
 6     220     2.7233      0.0       0.0     0.5354      0.4    0.8       5.086   26.2   0b1111111111111111    20190625T154724517735
 7     220     2.6527      0.2       0.7     2.4967      0.5    1.7       1.062   26.2   0b1111111111111111    20190625T154724518030
 8     220     2.7338      0.0       0.0     0.5370      0.4    0.8       5.091   26.2   0b1111111111111111    20190625T154724518317
 9     220     2.6618      0.0       0.0     2.5074      0.4    1.7       1.062   26.2   0b1111111111111111    20190625T154724518673
10     220     2.7081      0.3       0.7     0.5337      0.4    0.8       5.074   26.2   0b1111111111111111    20190625T154724518960
11     220     2.6588      0.0       0.0     2.5007      0.2    0.8       1.063   26.2   0b1111111111111111    20190625T154724519242
12     220     2.7240      0.0       0.0     0.5367      0.5    1.7       5.076   26.2   0b1111111111111111    20190625T154724519654
13     220     2.6633      0.0       0.0     2.4996      0.4    0.8       1.065   26.2   0b1111111111111111    20190625T154724519955
14     220     2.7203      0.0       0.0     0.5359      0.6    1.7       5.076   26.2   0b1111111111111111    20190625T154724520239
15     220     2.6510      0.4       0.8     2.4897      0.4    0.8       1.065   26.2   0b1111111111111111    20190625T154724520712
 0     210     2.6670      0.0       0.0     0.5229      0.6    1.7       5.100   26.2   0b1111111111111111    20190625T154727997908
 1     210     2.6332      0.2       0.7     2.4917      0.4    1.7       1.057   26.2   0b1111111111111111    20190625T154727998395
 2     210     2.6737      0.0       0.0     0.5253      0.4    0.8       5.090   26.2   0b1111111111111111    20190625T154727998719
 3     210     2.6369      0.3       0.8     2.4775      0.4    1.7       1.064   26.2   0b1111111111111111    20190625T154727999016
 4     210     2.6699      0.3       0.8     0.5243      0.2    0.8       5.093   26.2   0b1111111111111111    20190625T154727999355
 5     210     2.6491      0.2       0.8     2.4837      0.4    0.8       1.067   26.2   0b1111111111111111    20190625T154727999650
 6     210     2.6743      0.3       0.8     0.5256      0.4    0.8       5.088   26.2   0b1111111111111111    20190625T154727999940
 7     210     2.6333      0.2       0.7     2.4788      0.4    0.8       1.062   26.2   0b1111111111111111    20190625T154728000281
 8     210     2.6842      0.2       0.8     0.5277      0.5    1.7       5.086   26.2   0b1111111111111111    20190625T154728000617
 9     210     2.6459      0.2       0.8     2.4926      0.4    1.7       1.062   26.2   0b1111111111111111    20190625T154728000908
10     210     2.6588      0.0       0.0     0.5241      0.3    0.8       5.073   26.2   0b1111111111111111    20190625T154728001255
11     210     2.6400      0.0       0.0     2.4832      0.3    0.8       1.063   26.2   0b1111111111111111    20190625T154728001561
12     210     2.6749      0.4       0.7     0.5265      0.5    1.7       5.080   26.2   0b1111111111111111    20190625T154728001844
13     210     2.6460      0.0       0.0     2.4833      0.5    1.7       1.066   26.2   0b1111111111111111    20190625T154728002233
14     210     2.6707      0.0       0.0     0.5262      0.4    0.8       5.076   26.2   0b1111111111111111    20190625T154728002524
15     210     2.6333      0.2       0.7     2.4738      0.4    0.8       1.064   26.2   0b1111111111111111    20190625T154728002808
 0     200     2.6175      0.0       0.0     0.5132      0.2    0.8       5.100   26.3   0b1111111111111111    20190625T154731488190
 1     200     2.5942      0.0       0.0     2.4548      0.3    0.8       1.057   26.3   0b1111111111111111    20190625T154731488619
 2     200     2.6242      0.0       0.0     0.5155      0.4    0.8       5.091   26.3   0b1111111111111111    20190625T154731488933
 3     200     2.5972      0.0       0.0     2.4403      0.4    0.8       1.064   26.3   0b1111111111111111    20190625T154731489228
 4     200     2.6197      0.0       0.0     0.5146      0.4    0.8       5.091   26.3   0b1111111111111111    20190625T154731489542
 5     200     2.6122      0.0       0.0     2.4488      0.4    0.8       1.067   26.3   0b1111111111111111    20190625T154731489832
 6     200     2.6246      0.4       0.8     0.5159      0.3    0.8       5.087   26.3   0b1111111111111111    20190625T154731490118
 7     200     2.5987      0.0       0.0     2.4461      0.4    0.8       1.062   26.3   0b1111111111111111    20190625T154731490403
 8     200     2.6337      0.4       0.7     0.5177      0.3    0.8       5.088   26.3   0b1111111111111111    20190625T154731490706
 9     200     2.6160      0.0       0.0     2.4643      0.2    0.8       1.062   26.3   0b1111111111111111    20190625T154731490990
10     200     2.6092      0.0       0.0     0.5143      0.5    1.7       5.073   26.3   0b1111111111111111    20190625T154731491272
11     200     2.6062      0.0       0.0     2.4513      0.4    0.8       1.063   26.3   0b1111111111111111    20190625T154731491580
12     200     2.6250      0.0       0.0     0.5168      0.3    0.8       5.080   26.3   0b1111111111111111    20190625T154731491874
13     200     2.6138      0.0       0.0     2.4531      0.5    1.7       1.065   26.3   0b1111111111111111    20190625T154731492156
14     200     2.6213      0.2       0.7     0.5164      0.4    0.8       5.076   26.3   0b1111111111111111    20190625T154731492439
15     200     2.6017      0.0       0.0     2.4434      0.2    0.8       1.065   26.3   0b1111111111111111    20190625T154731492741
 0     190     2.5699      0.4       0.8     0.5039      0.4    0.8       5.100   26.3   0b1111111111111111    20190625T154734986142
 1     190     2.5485      0.0       0.0     2.4117      0.3    0.8       1.057   26.3   0b1111111111111111    20190625T154734986585
 2     190     2.5771      0.3       0.7     0.5064      0.4    0.8       5.089   26.3   0b1111111111111111    20190625T154734986910
 3     190     2.5508      0.0       0.0     2.3967      0.0    0.0       1.064   26.3   0b1111111111111111    20190625T154734987210
 4     190     2.5725      0.0       0.0     0.5051      0.3    0.8       5.093   26.3   0b1111111111111111    20190625T154734987527
 5     190     2.5673      0.0       0.0     2.4067      0.3    0.8       1.067   26.3   0b1111111111111111    20190625T154734987819
 6     190     2.5770      0.0       0.0     0.5063      0.4    0.8       5.090   26.3   0b1111111111111111    20190625T154734988105
 7     190     2.5538      0.0       0.0     2.4038      0.4    0.8       1.062   26.3   0b1111111111111111    20190625T154734988390
 8     190     2.5860      0.0       0.0     0.5081      0.4    0.8       5.090   26.3   0b1111111111111111    20190625T154734988665
 9     190     2.5733      0.0       0.0     2.4243      0.3    0.8       1.061   26.3   0b1111111111111111    20190625T154734988804
10     190     2.5605      0.0       0.0     0.5048      0.3    0.8       5.072   26.3   0b1111111111111111    20190625T154734988941
11     190     2.5620      0.0       0.0     2.4092      0.0    0.0       1.063   26.3   0b1111111111111111    20190625T154734989079
12     190     2.5780      0.3       0.8     0.5080      0.4    0.8       5.075   26.3   0b1111111111111111    20190625T154734989215
13     190     2.5703      0.0       0.0     2.4120      0.4    0.8       1.066   26.3   0b1111111111111111    20190625T154734989354
14     190     2.5739      0.2       0.8     0.5070      0.4    0.8       5.077   26.3   0b1111111111111111    20190625T154734989503
15     190     2.5590      0.0       0.0     2.4037      0.4    0.8       1.065   26.3   0b1111111111111111    20190625T154734989640
 0     180     2.5200      0.0       0.0     0.4940      0.3    0.8       5.101   26.4   0b1111111111111111    20190625T154738471365
 1     180     2.4997      0.0       0.0     2.3657      0.3    0.8       1.057   26.4   0b1111111111111111    20190625T154738471817
 2     180     2.5275      0.0       0.0     0.4966      0.3    0.8       5.090   26.4   0b1111111111111111    20190625T154738472187
 3     180     2.5018      0.3       0.7     2.3506      0.4    0.8       1.064   26.4   0b1111111111111111    20190625T154738472560
 4     180     2.5230      0.0       0.0     0.4954      0.4    0.8       5.093   26.4   0b1111111111111111    20190625T154738472865
 5     180     2.5183      0.3       0.7     2.3607      0.3    0.8       1.067   26.4   0b1111111111111111    20190625T154738473157
 6     180     2.5275      0.0       0.0     0.4965      0.3    0.8       5.091   26.4   0b1111111111111111    20190625T154738473501
 7     180     2.5050      0.0       0.0     2.3576      0.2    0.8       1.063   26.4   0b1111111111111111    20190625T154738473792
 8     180     2.5358      0.0       0.0     0.4984      0.3    0.8       5.088   26.4   0b1111111111111111    20190625T154738474133
 9     180     2.5237      0.0       0.0     2.3776      0.3    0.8       1.061   26.4   0b1111111111111111    20190625T154738474495
10     180     2.5110      0.0       0.0     0.4951      0.3    0.8       5.072   26.4   0b1111111111111111    20190625T154738474790
11     180     2.5125      0.0       0.0     2.3627      0.3    0.8       1.063   26.4   0b1111111111111111    20190625T154738475087
12     180     2.5282      0.0       0.0     0.4978      0.4    0.8       5.079   26.4   0b1111111111111111    20190625T154738475427
13     180     2.5208      0.0       0.0     2.3659      0.3    0.8       1.065   26.4   0b1111111111111111    20190625T154738475716
14     180     2.5244      0.2       0.8     0.4972      0.4    0.8       5.078   26.4   0b1111111111111111    20190625T154738475998
15     180     2.5101      0.3       0.8     2.3575      0.0    0.0       1.065   26.4   0b1111111111111111    20190625T154738476280
 0     170     2.4705      0.0       0.0     0.4842      0.0    0.0       5.103   26.5   0b1111111111111111    20190625T154741944074
 1     170     2.4509      0.2       0.7     2.3190      0.3    0.8       1.057   26.5   0b1111111111111111    20190625T154741944704
 2     170     2.4780      0.0       0.0     0.4867      0.0    0.0       5.092   26.5   0b1111111111111111    20190625T154741945021
 3     170     2.4525      0.0       0.0     2.3043      0.3    0.8       1.064   26.5   0b1111111111111111    20190625T154741945371
 4     170     2.4735      0.0       0.0     0.4858      0.2    0.8       5.092   26.5   0b1111111111111111    20190625T154741945666
 5     170     2.4690      0.0       0.0     2.3144      0.4    0.8       1.067   26.5   0b1111111111111111    20190625T154741945955
 6     170     2.4780      0.0       0.0     0.4867      0.3    0.8       5.091   26.5   0b1111111111111111    20190625T154741946301
 7     170     2.4557      0.3       0.8     2.3115      0.3    0.8       1.062   26.5   0b1111111111111111    20190625T154741946595
 8     170     2.4855      0.0       0.0     0.4885      0.3    0.8       5.088   26.5   0b1111111111111111    20190625T154741946939
 9     170     2.4740      0.3       0.7     2.3307      0.3    0.8       1.062   26.5   0b1111111111111111    20190625T154741947298
10     170     2.4615      0.0       0.0     0.4851      0.2    0.8       5.074   26.5   0b1111111111111111    20190625T154741947590
11     170     2.4623      0.0       0.0     2.3160      0.3    0.8       1.063   26.5   0b1111111111111111    20190625T154741947874
12     170     2.4787      0.0       0.0     0.4881      0.4    0.8       5.079   26.5   0b1111111111111111    20190625T154741948235
13     170     2.4712      0.2       0.8     2.3192      0.0    0.0       1.066   26.5   0b1111111111111111    20190625T154741948376
14     170     2.4749      0.3       0.8     0.4875      0.0    0.0       5.077   26.5   0b1111111111111111    20190625T154741948512
15     170     2.4608      0.0       0.0     2.3108      0.0    0.0       1.065   26.5   0b1111111111111111    20190625T154741948721
 0     160     2.4210      0.0       0.0     0.4742      0.0    0.0       5.106   26.5   0b1111111111111111    20190625T154745437028
 1     160     2.4015      0.0       0.0     2.2724      0.2    0.8       1.057   26.5   0b1111111111111111    20190625T154745437437
 2     160     2.4277      0.0       0.0     0.4768      0.2    0.8       5.092   26.5   0b1111111111111111    20190625T154745437791
 3     160     2.4031      0.2       0.7     2.2582      0.3    0.8       1.064   26.5   0b1111111111111111    20190625T154745438098
 4     160     2.4236      0.4       0.8     0.4759      0.3    0.8       5.093   26.5   0b1111111111111111    20190625T154745438394
 5     160     2.4195      0.0       0.0     2.2683      0.3    0.8       1.067   26.5   0b1111111111111111    20190625T154745438675
 6     160     2.4285      0.0       0.0     0.4769      0.4    0.8       5.092   26.5   0b1111111111111111    20190625T154745438819
 7     160     2.4067      0.0       0.0     2.2651      0.3    0.8       1.063   26.5   0b1111111111111111    20190625T154745438959
 8     160     2.4352      0.0       0.0     0.4785      0.3    0.8       5.089   26.5   0b1111111111111111    20190625T154745439099
 9     160     2.4240      0.0       0.0     2.2833      0.0    0.0       1.062   26.5   0b1111111111111111    20190625T154745439239
10     160     2.4120      0.0       0.0     0.4753      0.4    0.8       5.075   26.5   0b1111111111111111    20190625T154745439387
11     160     2.4127      0.0       0.0     2.2691      0.2    0.8       1.063   26.5   0b1111111111111111    20190625T154745439537
12     160     2.4290      0.3       0.7     0.4783      0.2    0.8       5.079   26.5   0b1111111111111111    20190625T154745439676
13     160     2.4210      0.0       0.0     2.2722      0.4    0.8       1.066   26.5   0b1111111111111111    20190625T154745439813
14     160     2.4251      0.4       0.8     0.4778      0.4    0.8       5.076   26.5   0b1111111111111111    20190625T154745439950
15     160     2.4112      0.0       0.0     2.2647      0.4    0.8       1.065   26.5   0b1111111111111111    20190625T154745440088
 0     150     2.3738      0.0       0.0     0.4651      0.2    0.8       5.104   26.6   0b1111111111111111    20190625T154748927830
 1     150     2.3542      0.0       0.0     2.2275      0.0    0.0       1.057   26.6   0b1111111111111111    20190625T154748928319
 2     150     2.3797      0.2       0.7     0.4675      0.0    0.0       5.090   26.6   0b1111111111111111    20190625T154748928646
 3     150     2.3558      0.0       0.0     2.2137      0.4    0.8       1.064   26.6   0b1111111111111111    20190625T154748928947
 4     150     2.3768      0.0       0.0     0.4667      0.0    0.0       5.093   26.6   0b1111111111111111    20190625T154748929297
 5     150     2.3723      0.0       0.0     2.2234      0.3    0.8       1.067   26.6   0b1111111111111111    20190625T154748929593
 6     150     2.3813      0.0       0.0     0.4675      0.0    0.0       5.094   26.6   0b1111111111111111    20190625T154748929882
 7     150     2.3604      0.3       0.7     2.2218      0.3    0.8       1.062   26.6   0b1111111111111111    20190625T154748930226
 8     150     2.3873      0.0       0.0     0.4692      0.0    0.0       5.088   26.6   0b1111111111111111    20190625T154748930515
 9     150     2.3771      0.4       0.7     2.2392      0.2    0.8       1.062   26.6   0b1111111111111111    20190625T154748930853
10     150     2.3640      0.0       0.0     0.4658      0.0    0.0       5.075   26.6   0b1111111111111111    20190625T154748931209
11     150     2.3655      0.0       0.0     2.2245      0.4    0.8       1.063   26.6   0b1111111111111111    20190625T154748931518
12     150     2.3813      0.0       0.0     0.4687      0.4    0.8       5.081   26.6   0b1111111111111111    20190625T154748931800
13     150     2.3745      0.0       0.0     2.2283      0.0    0.0       1.066   26.6   0b1111111111111111    20190625T154748932171
14     150     2.3775      0.0       0.0     0.4683      0.0    0.0       5.077   26.6   0b1111111111111111    20190625T154748932469
15     150     2.3655      0.0       0.0     2.2217      0.0    0.0       1.065   26.6   0b1111111111111111    20190625T154748932752
 0     140     2.3242      0.0       0.0     0.4552      0.3    0.8       5.106   26.6   0b1111111111111111    20190625T154752409674
 1     140     2.3055      0.0       0.0     2.1815      0.3    0.8       1.057   26.6   0b1111111111111111    20190625T154752410090
 2     140     2.3301      0.3       0.8     0.4577      0.3    0.8       5.091   26.6   0b1111111111111111    20190625T154752410438
 3     140     2.3070      0.0       0.0     2.1679      0.4    0.8       1.064   26.6   0b1111111111111111    20190625T154752410744
 4     140     2.3280      0.0       0.0     0.4567      0.2    0.8       5.097   26.6   0b1111111111111111    20190625T154752411035
 5     140     2.3227      0.0       0.0     2.1779      0.4    0.8       1.067   26.6   0b1111111111111111    20190625T154752411347
 6     140     2.3322      0.4       0.8     0.4579      0.4    0.8       5.093   26.6   0b1111111111111111    20190625T154752411639
 7     140     2.3115      0.0       0.0     2.1762      0.4    0.8       1.062   26.6   0b1111111111111111    20190625T154752411925
 8     140     2.3370      0.0       0.0     0.4592      0.2    0.8       5.089   26.6   0b1111111111111111    20190625T154752412237
 9     140     2.3272      0.0       0.0     2.1925      0.0    0.0       1.061   26.6   0b1111111111111111    20190625T154752412526
10     140     2.3147      0.3       0.8     0.4561      0.4    0.8       5.075   26.6   0b1111111111111111    20190625T154752412808
11     140     2.3160      0.0       0.0     2.1782      0.3    0.8       1.063   26.6   0b1111111111111111    20190625T154752413090
12     140     2.3317      0.0       0.0     0.4590      0.3    0.8       5.080   26.6   0b1111111111111111    20190625T154752413389
13     140     2.3250      0.0       0.0     2.1818      0.3    0.8       1.066   26.6   0b1111111111111111    20190625T154752413674
14     140     2.3287      0.2       0.8     0.4588      0.4    0.8       5.075   26.6   0b1111111111111111    20190625T154752413954
15     140     2.3167      0.0       0.0     2.1757      0.2    0.8       1.065   26.6   0b1111111111111111    20190625T154752414256
 0     130     2.2748      0.0       0.0     0.4457      0.2    0.8       5.103   26.6   0b1111111111111111    20190625T154755895385
 1     130     2.2572      0.4       0.8     2.1353      0.4    0.8       1.057   26.6   0b1111111111111111    20190625T154755895785
 2     130     2.2806      0.3       0.8     0.4477      0.3    0.8       5.094   26.6   0b1111111111111111    20190625T154755896100
 3     130     2.2582      0.0       0.0     2.1221      0.4    0.8       1.064   26.6   0b1111111111111111    20190625T154755896418
 4     130     2.2785      0.0       0.0     0.4474      0.3    0.8       5.093   26.6   0b1111111111111111    20190625T154755896711
 5     130     2.2741      0.2       0.8     2.1324      0.2    0.8       1.066   26.6   0b1111111111111111    20190625T154755897000
 6     130     2.2830      0.0       0.0     0.4483      0.0    0.0       5.092   26.6   0b1111111111111111    20190625T154755897309
 7     130     2.2628      0.0       0.0     2.1301      0.2    0.8       1.062   26.6   0b1111111111111111    20190625T154755897596
 8     130     2.2868      0.0       0.0     0.4492      0.0    0.0       5.091   26.6   0b1111111111111111    20190625T154755897878
 9     130     2.2778      0.0       0.0     2.1458      0.0    0.0       1.061   26.6   0b1111111111111111    20190625T154755898162
10     130     2.2658      0.0       0.0     0.4467      0.0    0.0       5.073   26.6   0b1111111111111111    20190625T154755898418
11     130     2.2667      0.3       0.8     2.1318      0.2    0.8       1.063   26.6   0b1111111111111111    20190625T154755898556
12     130     2.2823      0.0       0.0     0.4492      0.0    0.0       5.081   26.6   0b1111111111111111    20190625T154755898693
13     130     2.2755      0.0       0.0     2.1358      0.2    0.8       1.065   26.6   0b1111111111111111    20190625T154755898830
14     130     2.2793      0.0       0.0     0.4490      0.3    0.8       5.076   26.6   0b1111111111111111    20190625T154755898967
15     130     2.2678      0.3       0.8     2.1298      0.3    0.8       1.065   26.6   0b1111111111111111    20190625T154755899104
 0     120     2.2252      0.0       0.0     0.4358      0.0    0.0       5.106   26.7   0b1111111111111111    20190625T154759374786
 1     120     2.2080      0.0       0.0     2.0888      0.4    0.8       1.057   26.7   0b1111111111111111    20190625T154759375026
 2     120     2.2320      0.0       0.0     0.4383      0.0    0.0       5.092   26.7   0b1111111111111111    20190625T154759375210
 3     120     2.2095      0.0       0.0     2.0762      0.4    0.8       1.064   26.7   0b1111111111111111    20190625T154759375366
 4     120     2.2290      0.0       0.0     0.4375      0.0    0.0       5.095   26.7   0b1111111111111111    20190625T154759375514
 5     120     2.2245      0.0       0.0     2.0857      0.3    0.8       1.067   26.7   0b1111111111111111    20190625T154759375661
 6     120     2.2335      0.0       0.0     0.4383      0.0    0.0       5.095   26.7   0b1111111111111111    20190625T154759375803
 7     120     2.2147      0.0       0.0     2.0842      0.0    0.0       1.063   26.7   0b1111111111111111    20190625T154759375951
 8     120     2.2388      0.0       0.0     0.4400      0.0    0.0       5.088   26.7   0b1111111111111111    20190625T154759376123
 9     120     2.2282      0.0       0.0     2.0992      0.0    0.0       1.061   26.7   0b1111111111111111    20190625T154759376298
10     120     2.2168      0.3       0.8     0.4367      0.0    0.0       5.077   26.7   0b1111111111111111    20190625T154759376440
11     120     2.2178      0.2       0.8     2.0858      0.0    0.0       1.063   26.7   0b1111111111111111    20190625T154759376579
12     120     2.2339      0.4       0.8     0.4396      0.4    0.8       5.082   26.7   0b1111111111111111    20190625T154759376717
13     120     2.2267      0.0       0.0     2.0899      0.3    0.8       1.065   26.7   0b1111111111111111    20190625T154759376855
14     120     2.2305      0.0       0.0     0.4392      0.0    0.0       5.079   26.7   0b1111111111111111    20190625T154759376993
15     120     2.2186      0.2       0.7     2.0840      0.3    0.8       1.065   26.7   0b1111111111111111    20190625T154759377140
 0     110     2.1788      0.0       0.0     0.4266      0.3    0.8       5.107   26.7   0b1111111111111111    20190625T154802843739
 1     110     2.1623      0.0       0.0     2.0453      0.4    0.8       1.057   26.7   0b1111111111111111    20190625T154802844154
 2     110     2.1855      0.0       0.0     0.4290      0.3    0.8       5.094   26.7   0b1111111111111111    20190625T154802844558
 3     110     2.1632      0.3       0.8     2.0332      0.3    0.8       1.064   26.7   0b1111111111111111    20190625T154802844873
 4     110     2.1825      0.0       0.0     0.4283      0.0    0.0       5.095   26.7   0b1111111111111111    20190625T154802845166
 5     110     2.1780      0.0       0.0     2.0425      0.0    0.0       1.066   26.7   0b1111111111111111    20190625T154802845517
 6     110     2.1870      0.0       0.0     0.4292      0.0    0.0       5.096   26.7   0b1111111111111111    20190625T154802845814
 7     110     2.1683      0.0       0.0     2.0408      0.0    0.0       1.062   26.7   0b1111111111111111    20190625T154802846156
 8     110     2.1914      0.2       0.8     0.4306      0.4    0.8       5.089   26.7   0b1111111111111111    20190625T154802846514
 9     110     2.1811      0.2       0.8     2.0549      0.3    0.8       1.061   26.7   0b1111111111111111    20190625T154802846807
10     110     2.1705      0.0       0.0     0.4276      0.3    0.8       5.076   26.7   0b1111111111111111    20190625T154802847091
11     110     2.1713      0.0       0.0     2.0417      0.3    0.8       1.063   26.7   0b1111111111111111    20190625T154802847432
12     110     2.1870      0.0       0.0     0.4303      0.4    0.8       5.083   26.7   0b1111111111111111    20190625T154802847720
13     110     2.1803      0.0       0.0     2.0458      0.0    0.0       1.066   26.7   0b1111111111111111    20190625T154802848004
14     110     2.1840      0.0       0.0     0.4301      0.3    0.8       5.078   26.7   0b1111111111111111    20190625T154802848287
15     110     2.1720      0.0       0.0     2.0399      0.3    0.8       1.065   26.7   0b1111111111111111    20190625T154802848624
 0     100     2.1300      0.0       0.0     0.4167      0.0    0.0       5.112   26.8   0b1111111111111111    20190625T154806330549
 1     100     2.1138      0.4       0.8     1.9998      0.3    0.8       1.057   26.8   0b1111111111111111    20190625T154806330949
 2     100     2.1360      0.0       0.0     0.4192      0.0    0.0       5.096   26.8   0b1111111111111111    20190625T154806331351
 3     100     2.1150      0.0       0.0     1.9876      0.2    0.8       1.064   26.8   0b1111111111111111    20190625T154806331669
 4     100     2.1337      0.0       0.0     0.4185      0.3    0.8       5.099   26.8   0b1111111111111111    20190625T154806331961
 5     100     2.1300      0.0       0.0     1.9975      0.0    0.0       1.066   26.8   0b1111111111111111    20190625T154806332307
 6     100     2.1383      0.2       0.8     0.4194      0.4    0.8       5.098   26.8   0b1111111111111111    20190625T154806332611
 7     100     2.1202      0.0       0.0     1.9950      0.0    0.0       1.063   26.8   0b1111111111111111    20190625T154806332955
 8     100     2.1417      0.4       0.8     0.4208      0.2    0.8       5.090   26.8   0b1111111111111111    20190625T154806333309
 9     100     2.1322      0.0       0.0     2.0083      0.0    0.0       1.062   26.8   0b1111111111111111    20190625T154806333601
10     100     2.1217      0.0       0.0     0.4179      0.4    0.8       5.077   26.8   0b1111111111111111    20190625T154806333884
11     100     2.1225      0.0       0.0     1.9960      0.3    0.8       1.063   26.8   0b1111111111111111    20190625T154806334229
12     100     2.1382      0.0       0.0     0.4208      0.0    0.0       5.081   26.8   0b1111111111111111    20190625T154806334515
13     100     2.1315      0.0       0.0     1.9999      0.2    0.8       1.066   26.8   0b1111111111111111    20190625T154806334798
14     100     2.1354      0.3       0.8     0.4206      0.4    0.8       5.077   26.8   0b1111111111111111    20190625T154806335079
15     100     2.1239      0.3       0.8     1.9943      0.3    0.8       1.065   26.8   0b1111111111111111    20190625T154806335411
 0      90     2.0813      0.0       0.0     0.4072      0.4    0.8       5.112   26.8   0b1111111111111111    20190625T154809810985
 1      90     2.0654      0.2       0.8     1.9536      0.4    0.8       1.057   26.8   0b1111111111111111    20190625T154809811524
 2      90     2.0880      0.0       0.0     0.4098      0.4    0.8       5.096   26.8   0b1111111111111111    20190625T154809812898
 3      90     2.0663      0.0       0.0     1.9417      0.0    0.0       1.064   26.8   0b1111111111111111    20190625T154809813210
 4      90     2.0865      0.0       0.0     0.4092      0.0    0.0       5.099   26.8   0b1111111111111111    20190625T154809813560
 5      90     2.0820      0.0       0.0     1.9520      0.4    0.8       1.067   26.8   0b1111111111111111    20190625T154809813912
 6      90     2.0903      0.0       0.0     0.4100      0.0    0.0       5.098   26.8   0b1111111111111111    20190625T154809814210
 7      90     2.0722      0.0       0.0     1.9499      0.3    0.8       1.063   26.8   0b1111111111111111    20190625T154809814597
 8      90     2.0925      0.0       0.0     0.4108      0.0    0.0       5.093   26.8   0b1111111111111111    20190625T154809814888
 9      90     2.0835      0.0       0.0     1.9622      0.4    0.8       1.062   26.8   0b1111111111111111    20190625T154809815172
10      90     2.0722      0.0       0.0     0.4083      0.0    0.0       5.075   26.8   0b1111111111111111    20190625T154809815514
11      90     2.0730      0.0       0.0     1.9492      0.3    0.8       1.063   26.8   0b1111111111111111    20190625T154809815802
12      90     2.0903      0.0       0.0     0.4113      0.4    0.8       5.082   26.8   0b1111111111111111    20190625T154809816283
13      90     2.0828      0.0       0.0     1.9539      0.4    0.8       1.066   26.8   0b1111111111111111    20190625T154809816675
14      90     2.0880      0.0       0.0     0.4111      0.4    0.8       5.079   26.8   0b1111111111111111    20190625T154809816961
15      90     2.0768      0.0       0.0     1.9500      0.0    0.0       1.065   26.8   0b1111111111111111    20190625T154809817244
 0      80     2.0325      0.0       0.0     0.3975      0.0    0.0       5.113   26.8   0b1111111111111111    20190625T154813284511
 1      80     2.0173      0.3       0.8     1.9083      0.0    0.0       1.057   26.8   0b1111111111111111    20190625T154813284938
 2      80     2.0392      0.0       0.0     0.4001      0.2    0.8       5.097   26.8   0b1111111111111111    20190625T154813285258
 3      80     2.0179      0.4       0.8     1.8961      0.4    0.8       1.064   26.8   0b1111111111111111    20190625T154813285632
 4      80     2.0377      0.0       0.0     0.3995      0.4    0.8       5.101   26.8   0b1111111111111111    20190625T154813285936
 5      80     2.0337      0.4       0.8     1.9067      0.0    0.0       1.067   26.8   0b1111111111111111    20190625T154813286241
 6      80     2.0415      0.0       0.0     0.4001      0.2    0.8       5.103   26.8   0b1111111111111111    20190625T154813286623
 7      80     2.0242      0.0       0.0     1.9042      0.0    0.0       1.063   26.8   0b1111111111111111    20190625T154813286968
 8      80     2.0430      0.0       0.0     0.4009      0.2    0.8       5.096   26.8   0b1111111111111111    20190625T154813287259
 9      80     2.0340      0.0       0.0     1.9158      0.0    0.0       1.062   26.8   0b1111111111111111    20190625T154813287601
10      80     2.0235      0.0       0.0     0.3984      0.3    0.8       5.079   26.8   0b1111111111111111    20190625T154813287892
11      80     2.0242      0.2       0.8     1.9033      0.0    0.0       1.063   26.8   0b1111111111111111    20190625T154813288175
12      80     2.0416      0.2       0.8     0.4016      0.2    0.8       5.084   26.8   0b1111111111111111    20190625T154813288523
13      80     2.0340      0.0       0.0     1.9083      0.0    0.0       1.066   26.8   0b1111111111111111    20190625T154813288814
14      80     2.0392      0.0       0.0     0.4017      0.0    0.0       5.077   26.8   0b1111111111111111    20190625T154813289096
15      80     2.0280      0.0       0.0     1.9046      0.4    0.8       1.065   26.8   0b1111111111111111    20190625T154813289434
 0      70     1.9853      0.0       0.0     0.3882      0.3    0.8       5.113   26.9   0b1111111111111111    20190625T154816753745
 1      70     1.9703      0.0       0.0     1.8641      0.3    0.8       1.057   26.9   0b1111111111111111    20190625T154816754153
 2      70     1.9913      0.2       0.8     0.3908      0.0    0.0       5.095   26.9   0b1111111111111111    20190625T154816754483
 3      70     1.9710      0.0       0.0     1.8520      0.4    0.8       1.064   26.9   0b1111111111111111    20190625T154816754786
 4      70     1.9907      0.3       0.8     0.3901      0.3    0.8       5.103   26.9   0b1111111111111111    20190625T154816755075
 5      70     1.9873      0.3       0.8     1.8633      0.2    0.8       1.067   26.9   0b1111111111111111    20190625T154816755375
 6      70     1.9950      0.0       0.0     0.3910      0.3    0.8       5.102   26.9   0b1111111111111111    20190625T154816755663
 7      70     1.9777      0.0       0.0     1.8605      0.4    0.8       1.063   26.9   0b1111111111111111    20190625T154816755949
 8      70     1.9946      0.4       0.8     0.3917      0.0    0.0       5.093   26.9   0b1111111111111111    20190625T154816756233
 9      70     1.9868      0.0       0.0     1.8707      0.2    0.8       1.062   26.9   0b1111111111111111    20190625T154816756586
10      70     1.9756      0.3       0.8     0.3892      0.0    0.0       5.077   26.9   0b1111111111111111    20190625T154816756880
11      70     1.9763      0.0       0.0     1.8583      0.0    0.0       1.063   26.9   0b1111111111111111    20190625T154816757165
12      70     1.9949      0.2       0.8     0.3925      0.0    0.0       5.083   26.9   0b1111111111111111    20190625T154816757461
13      70     1.9868      0.0       0.0     1.8642      0.0    0.0       1.066   26.9   0b1111111111111111    20190625T154816757744
14      70     1.9928      0.0       0.0     0.3925      0.0    0.0       5.077   26.9   0b1111111111111111    20190625T154816758027
15      70     1.9815      0.0       0.0     1.8606      0.4    0.8       1.065   26.9   0b1111111111111111    20190625T154816758308
 0      60     1.9350      0.0       0.0     0.3783      0.0    0.0       5.115   26.9   0b1111111111111111    20190625T154820232662
 1      60     1.9200      0.0       0.0     1.8158      0.0    0.0       1.057   26.9   0b1111111111111111    20190625T154820233078
 2      60     1.9415      0.3       0.8     0.3808      0.0    0.0       5.098   26.9   0b1111111111111111    20190625T154820233499
 3      60     1.9208      0.2       0.8     1.8050      0.0    0.0       1.064   26.9   0b1111111111111111    20190625T154820233823
 4      60     1.9410      0.0       0.0     0.3801      0.2    0.8       5.107   26.9   0b1111111111111111    20190625T154820234138
 5      60     1.9373      0.0       0.0     1.8166      0.3    0.8       1.066   26.9   0b1111111111111111    20190625T154820234502
 6      60     1.9447      0.0       0.0     0.3808      0.0    0.0       5.107   26.9   0b1111111111111111    20190625T154820234808
 7      60     1.9275      0.0       0.0     1.8132      0.3    0.8       1.063   26.9   0b1111111111111111    20190625T154820235103
 8      60     1.9447      0.0       0.0     0.3817      0.0    0.0       5.095   26.9   0b1111111111111111    20190625T154820235589
 9      60     1.9358      0.0       0.0     1.8227      0.4    0.8       1.062   26.9   0b1111111111111111    20190625T154820235931
10      60     1.9245      0.0       0.0     0.3789      0.4    0.8       5.079   26.9   0b1111111111111111    20190625T154820236227
11      60     1.9260      0.0       0.0     1.8109      0.3    0.8       1.064   26.9   0b1111111111111111    20190625T154820236623
12      60     1.9447      0.0       0.0     0.3825      0.0    0.0       5.084   26.9   0b1111111111111111    20190625T154820236925
13      60     1.9388      0.0       0.0     1.8185      0.3    0.8       1.066   26.9   0b1111111111111111    20190625T154820237217
14      60     1.9425      0.0       0.0     0.3825      0.0    0.0       5.078   26.9   0b1111111111111111    20190625T154820237568
15      60     1.9335      0.0       0.0     1.8155      0.4    0.8       1.065   26.9   0b1111111111111111    20190625T154820237940
 0      50     1.8832      0.0       0.0     0.3681      0.4    0.8       5.116   26.9   0b1111111111111111    20190625T154823700249
 1      50     1.8690      0.0       0.0     1.7676      0.2    0.8       1.057   26.9   0b1111111111111111    20190625T154823700674
 2      50     1.8900      0.0       0.0     0.3704      0.4    0.8       5.102   26.9   0b1111111111111111    20190625T154823700996
 3      50     1.8697      0.0       0.0     1.7568      0.3    0.8       1.064   26.9   0b1111111111111111    20190625T154823701361
 4      50     1.8900      0.0       0.0     0.3702      0.3    0.8       5.106   26.9   0b1111111111111111    20190625T154823701664
 5      50     1.8864      0.3       0.8     1.7686      0.4    0.8       1.067   26.9   0b1111111111111111    20190625T154823701985
 6      50     1.8936      0.3       0.8     0.3708      0.0    0.0       5.106   26.9   0b1111111111111111    20190625T154823702387
 7      50     1.8765      0.0       0.0     1.7651      0.3    0.8       1.063   26.9   0b1111111111111111    20190625T154823702685
 8      50     1.8926      0.4       0.8     0.3712      0.4    0.8       5.098   26.9   0b1111111111111111    20190625T154823702973
 9      50     1.8840      0.0       0.0     1.7742      0.0    0.0       1.062   26.9   0b1111111111111111    20190625T154823703322
10      50     1.8727      0.0       0.0     0.3684      0.2    0.8       5.083   26.9   0b1111111111111111    20190625T154823703616
11      50     1.8742      0.0       0.0     1.7625      0.0    0.0       1.063   26.9   0b1111111111111111    20190625T154823703900
12      50     1.8938      0.0       0.0     0.3724      0.2    0.8       5.085   26.9   0b1111111111111111    20190625T154823704246
13      50     1.8878      0.0       0.0     1.7708      0.0    0.0       1.066   26.9   0b1111111111111111    20190625T154823704536
14      50     1.8915      0.0       0.0     0.3725      0.0    0.0       5.078   26.9   0b1111111111111111    20190625T154823704820
15      50     1.8826      0.2       0.7     1.7676      0.2    0.8       1.065   26.9   0b1111111111111111    20190625T154823705143
 0      40     1.8303      0.4       0.8     0.3575      0.0    0.0       5.120   27.0   0b1111111111111111    20190625T154827172707
 1      40     1.8165      0.0       0.0     1.7183      0.0    0.0       1.057   27.0   0b1111111111111111    20190625T154827173125
 2      40     1.8367      0.0       0.0     0.3600      0.0    0.0       5.102   27.0   0b1111111111111111    20190625T154827173540
 3      40     1.8173      0.0       0.0     1.7076      0.2    0.8       1.064   27.0   0b1111111111111111    20190625T154827173855
 4      40     1.8367      0.0       0.0     0.3598      0.3    0.8       5.104   27.0   0b1111111111111111    20190625T154827174150
 5      40     1.8343      0.3       0.8     1.7198      0.4    0.8       1.067   27.0   0b1111111111111111    20190625T154827174500
 6      40     1.8413      0.0       0.0     0.3608      0.2    0.8       5.104   27.0   0b1111111111111111    20190625T154827175007
 7      40     1.8240      0.0       0.0     1.7152      0.3    0.8       1.063   27.0   0b1111111111111111    20190625T154827175451
 8      40     1.8386      0.4       0.8     0.3608      0.0    0.0       5.095   27.0   0b1111111111111111    20190625T154827175749
 9      40     1.8309      0.3       0.8     1.7240      0.3    0.8       1.062   27.0   0b1111111111111111    20190625T154827176039
10      40     1.8203      0.0       0.0     0.3582      0.3    0.8       5.082   27.0   0b1111111111111111    20190625T154827176326
11      40     1.8210      0.0       0.0     1.7117      0.0    0.0       1.064   27.0   0b1111111111111111    20190625T154827176668
12      40     1.8411      0.3       0.8     0.3617      0.0    0.0       5.091   27.0   0b1111111111111111    20190625T154827176951
13      40     1.8345      0.0       0.0     1.7208      0.0    0.0       1.066   27.0   0b1111111111111111    20190625T154827177234
14      40     1.8383      0.2       0.8     0.3617      0.0    0.0       5.083   27.0   0b1111111111111111    20190625T154827177563
15      40     1.8301      0.2       0.8     1.7184      0.2    0.8       1.065   27.0   0b1111111111111111    20190625T154827178042
 0      30     1.7775      0.0       0.0     0.3468      0.2    0.8       5.126   27.0   0b1111111111111111    20190625T154830653312
 1      30     1.7647      0.0       0.0     1.6692      0.0    0.0       1.057   27.0   0b1111111111111111    20190625T154830653715
 2      30     1.7843      0.0       0.0     0.3496      0.4    0.8       5.104   27.0   0b1111111111111111    20190625T154830654032
 3      30     1.7650      0.4       0.8     1.6584      0.2    0.8       1.064   27.0   0b1111111111111111    20190625T154830654384
 4      30     1.7857      0.0       0.0     0.3497      0.4    0.8       5.107   27.0   0b1111111111111111    20190625T154830654681
 5      30     1.7810      0.3       0.8     1.6697      0.4    0.8       1.067   27.0   0b1111111111111111    20190625T154830654970
 6      30     1.7880      0.0       0.0     0.3500      0.0    0.0       5.109   27.0   0b1111111111111111    20190625T154830655312
 7      30     1.7745      0.0       0.0     1.6687      0.4    0.8       1.063   27.0   0b1111111111111111    20190625T154830655602
 8      30     1.7865      0.0       0.0     0.3504      0.4    0.8       5.098   27.0   0b1111111111111111    20190625T154830655947
 9      30     1.7782      0.0       0.0     1.6743      0.3    0.8       1.062   27.0   0b1111111111111111    20190625T154830656307
10      30     1.7677      0.0       0.0     0.3477      0.4    0.8       5.083   27.0   0b1111111111111111    20190625T154830656598
11      30     1.7708      0.2       0.8     1.6650      0.0    0.0       1.064   27.0   0b1111111111111111    20190625T154830656881
12      30     1.7888      0.0       0.0     0.3517      0.0    0.0       5.086   27.0   0b1111111111111111    20190625T154830657223
13      30     1.7835      0.0       0.0     1.6725      0.0    0.0       1.066   27.0   0b1111111111111111    20190625T154830657509
14      30     1.7867      0.3       0.8     0.3518      0.2    0.8       5.079   27.0   0b1111111111111111    20190625T154830657789
15      30     1.7768      0.0       0.0     1.6683      0.0    0.0       1.065   27.0   0b1111111111111111    20190625T154830658071
 0      20     1.7250      0.0       0.0     0.3367      0.0    0.0       5.124   27.0   0b1111111111111111    20190625T154834132258
 1      20     1.7130      0.0       0.0     1.6204      0.4    0.8       1.057   27.0   0b1111111111111111    20190625T154834132734
 2      20     1.7320      0.4       0.8     0.3392      0.0    0.0       5.107   27.0   0b1111111111111111    20190625T154834133052
 3      20     1.7138      0.0       0.0     1.6100      0.0    0.0       1.064   27.0   0b1111111111111111    20190625T154834133393
 4      20     1.7332      0.0       0.0     0.3392      0.0    0.0       5.110   27.0   0b1111111111111111    20190625T154834133708
 5      20     1.7291      0.4       0.7     1.6209      0.3    0.8       1.067   27.0   0b1111111111111111    20190625T154834133999
 6      20     1.7355      0.0       0.0     0.3398      0.3    0.8       5.107   27.0   0b1111111111111111    20190625T154834134286
 7      20     1.7228      0.0       0.0     1.6200      0.0    0.0       1.063   27.0   0b1111111111111111    20190625T154834134623
 8      20     1.7340      0.0       0.0     0.3400      0.0    0.0       5.100   27.0   0b1111111111111111    20190625T154834134963
 9      20     1.7258      0.0       0.0     1.6250      0.0    0.0       1.062   27.0   0b1111111111111111    20190625T154834135258
10      20     1.7160      0.0       0.0     0.3375      0.0    0.0       5.084   27.0   0b1111111111111111    20190625T154834135597
11      20     1.7190      0.0       0.0     1.6167      0.0    0.0       1.063   27.0   0b1111111111111111    20190625T154834135887
12      20     1.7363      0.0       0.0     0.3411      0.4    0.8       5.090   27.0   0b1111111111111111    20190625T154834136170
13      20     1.7310      0.0       0.0     1.6233      0.0    0.0       1.066   27.0   0b1111111111111111    20190625T154834136511
14      20     1.7348      0.0       0.0     0.3416      0.2    0.8       5.079   27.0   0b1111111111111111    20190625T154834136798
15      20     1.7250      0.0       0.0     1.6197      0.4    0.8       1.065   27.0   0b1111111111111111    20190625T154834137080
 0      10     1.6732      0.0       0.0     0.3265      0.3    0.8       5.125   27.0   0b1111111111111111    20190625T154837609854
 1      10     1.6620      0.0       0.0     1.5718      0.3    0.8       1.057   27.0   0b1111111111111111    20190625T154837610283
 2      10     1.6800      0.0       0.0     0.3292      0.0    0.0       5.104   27.0   0b1111111111111111    20190625T154837610600
 3      10     1.6621      0.2       0.8     1.5617      0.0    0.0       1.064   27.0   0b1111111111111111    20190625T154837610899
 4      10     1.6815      0.0       0.0     0.3292      0.0    0.0       5.108   27.0   0b1111111111111111    20190625T154837611274
 5      10     1.6778      0.0       0.0     1.5725      0.0    0.0       1.067   27.0   0b1111111111111111    20190625T154837611590
 6      10     1.6837      0.0       0.0     0.3293      0.3    0.8       5.113   27.0   0b1111111111111111    20190625T154837611879
 7      10     1.6710      0.0       0.0     1.5716      0.2    0.8       1.063   27.0   0b1111111111111111    20190625T154837612278
 8      10     1.6815      0.0       0.0     0.3295      0.4    0.8       5.103   27.0   0b1111111111111111    20190625T154837612602
 9      10     1.6740      0.0       0.0     1.5760      0.3    0.8       1.062   27.0   0b1111111111111111    20190625T154837612918
10      10     1.6643      0.0       0.0     0.3275      0.0    0.0       5.082   27.0   0b1111111111111111    20190625T154837613268
11      10     1.6672      0.0       0.0     1.5675      0.0    0.0       1.064   27.0   0b1111111111111111    20190625T154837613562
12      10     1.6837      0.0       0.0     0.3308      0.0    0.0       5.089   27.0   0b1111111111111111    20190625T154837613844
13      10     1.6785      0.0       0.0     1.5742      0.3    0.8       1.066   27.0   0b1111111111111111    20190625T154837614187
14      10     1.6822      0.0       0.0     0.3309      0.3    0.8       5.084   27.0   0b1111111111111111    20190625T154837614538
15      10     1.6732      0.0       0.0     1.5708      0.0    0.0       1.065   27.0   0b1111111111111111    20190625T154837614831
 0       0     1.6214      0.2       0.8     0.3158      0.0    0.0       5.134   27.1   0b1111111111111111    20190625T154841079551
 1       0     1.6109      0.3       0.8     1.5233      0.0    0.0       1.057   27.1   0b1111111111111111    20190625T154841079971
 2       0     1.6275      0.0       0.0     0.3187      0.4    0.8       5.107   27.1   0b1111111111111111    20190625T154841080286
 3       0     1.6110      0.0       0.0     1.5134      0.3    0.8       1.064   27.1   0b1111111111111111    20190625T154841080665
 4       0     1.6290      0.0       0.0     0.3183      0.0    0.0       5.117   27.1   0b1111111111111111    20190625T154841080964
 5       0     1.6260      0.0       0.0     1.5242      0.0    0.0       1.067   27.1   0b1111111111111111    20190625T154841081258
 6       0     1.6320      0.0       0.0     0.3192      0.0    0.0       5.113   27.1   0b1111111111111111    20190625T154841081597
 7       0     1.6192      0.0       0.0     1.5225      0.0    0.0       1.064   27.1   0b1111111111111111    20190625T154841081890
 8       0     1.6282      0.0       0.0     0.3192      0.0    0.0       5.102   27.1   0b1111111111111111    20190625T154841082212
 9       0     1.6215      0.0       0.0     1.5268      0.3    0.8       1.062   27.1   0b1111111111111111    20190625T154841082609
10       0     1.6125      0.0       0.0     0.3173      0.4    0.8       5.083   27.1   0b1111111111111111    20190625T154841082905
11       0     1.6155      0.0       0.0     1.5185      0.3    0.8       1.064   27.1   0b1111111111111111    20190625T154841083191
12       0     1.6313      0.2       0.8     0.3207      0.3    0.8       5.086   27.1   0b1111111111111111    20190625T154841083531
13       0     1.6260      0.0       0.0     1.5250      0.0    0.0       1.066   27.1   0b1111111111111111    20190625T154841083820
14       0     1.6305      0.0       0.0     0.3208      0.0    0.0       5.082   27.1   0b1111111111111111    20190625T154841084101
15       0     1.6215      0.0       0.0     1.5221      0.4    0.8       1.065   27.1   0b1111111111111111    20190625T154841084440
