CH# Vset[DAC]   V[V]    dVRMS[mV] dVpp[mV]    I[A]  dIRMS[mA] dIpp[mA]   R[ohm]   T[C]   State                Timestamp
 0     250     2.8539      0.3       0.8     0.2830      1.8    6.7      10.084   24.2   0b1111111111111111    20190619T125306132904
 1     250     2.8299      1.1       3.8     1.2417      1.6    5.0       2.279   24.2   0b1111111111111111    20190619T125306133344
 2     250     2.8495      0.3       0.8     0.2809      1.7    4.2      10.143   24.2   0b1111111111111111    20190619T125306133698
 3     250     2.8235      1.0       3.0     1.2444      1.4    5.0       2.269   24.2   0b1111111111111111    20190619T125306134005
 4     250     2.8712      0.3       0.8     0.2858      1.5    5.0      10.048   24.2   0b1111111111111111    20190619T125306134300
 5     250     2.8307      1.1       3.8     1.2443      1.3    3.3       2.275   24.2   0b1111111111111111    20190619T125306134614
 6     250     2.8639      0.4       0.8     0.2821      1.0    3.3      10.153   24.2   0b1111111111111111    20190619T125306134904
 7     250     2.8275      1.1       3.0     1.2413      1.7    5.8       2.278   24.2   0b1111111111111111    20190619T125306135190
 8     250     2.8620      0.0       0.0     0.2836      4.9   16.7      10.092   24.2   0b1111111111111111    20190619T125306135493
 9     250     2.7872      2.1       6.0     1.2197      1.8    5.0       2.285   24.2   0b1111111111111111    20190619T125306135783
10     250     2.8515      0.0       0.0     0.2781      3.4   13.3      10.254   24.2   0b1111111111111111    20190619T125306136066
11     250     2.7838      1.9       5.3     1.2218      1.3    3.3       2.278   24.2   0b1111111111111111    20190619T125306136350
12     250     2.8490      0.3       0.7     0.2847      5.5   16.7      10.008   24.2   0b1111111111111111    20190619T125306136655
13     250     2.7862      2.1       6.0     1.2193      2.4   10.0       2.285   24.2   0b1111111111111111    20190619T125306136943
14     250     2.8522      0.2       0.8     0.2829      3.1   13.3      10.081   24.2   0b1111111111111111    20190619T125306137222
15     250     2.7817      1.8       5.3     1.2006      2.4    6.7       2.317   24.2   0b1111111111111111    20190619T125306137525
 0     240     2.8054      0.4       0.8     0.2782      0.9    2.5      10.082   24.3   0b1111111111111111    20190619T125309635512
 1     240     2.8013      0.0       0.0     1.2290      0.7    2.5       2.279   24.3   0b1111111111111111    20190619T125309635923
 2     240     2.8013      0.0       0.0     0.2773      1.2    4.2      10.104   24.3   0b1111111111111111    20190619T125309636266
 3     240     2.7907      0.0       0.0     1.2302      0.9    3.3       2.269   24.3   0b1111111111111111    20190619T125309636581
 4     240     2.8227      0.4       0.7     0.2798      1.3    4.2      10.087   24.3   0b1111111111111111    20190619T125309636876
 5     240     2.8026      0.3       0.7     1.2316      1.4    5.0       2.276   24.3   0b1111111111111111    20190619T125309637164
 6     240     2.8155      0.0       0.0     0.2773      1.3    5.0      10.152   24.3   0b1111111111111111    20190619T125309637474
 7     240     2.7982      0.0       0.0     1.2288      1.1    4.2       2.277   24.3   0b1111111111111111    20190619T125309637760
 8     240     2.8182      0.4       0.7     0.2774      3.0   10.8      10.159   24.3   0b1111111111111111    20190619T125309638047
 9     240     2.7708      0.5       1.5     1.2125      1.9    7.5       2.285   24.3   0b1111111111111111    20190619T125309638372
10     240     2.8066      0.3       0.7     0.2753      2.0    6.7      10.194   24.3   0b1111111111111111    20190619T125309638512
11     240     2.7663      0.5       1.5     1.2147      2.5    7.5       2.277   24.3   0b1111111111111111    20190619T125309638649
12     240     2.8043      0.0       0.0     0.2797      1.9    5.8      10.027   24.3   0b1111111111111111    20190619T125309638787
13     240     2.7711      0.6       1.5     1.2128      1.9    6.7       2.285   24.3   0b1111111111111111    20190619T125309638968
14     240     2.8080      0.0       0.0     0.2787      2.2    8.3      10.077   24.3   0b1111111111111111    20190619T125309639122
15     240     2.7628      0.3       0.8     1.1931      1.5    5.0       2.316   24.3   0b1111111111111111    20190619T125309639275
 0     230     2.7580      0.3       0.8     0.2733      0.4    1.7      10.093   24.3   0b1111111111111111    20190619T125313109722
 1     230     2.7600      0.0       0.0     1.2114      0.8    2.5       2.278   24.3   0b1111111111111111    20190619T125313110131
 2     230     2.7538      0.3       0.8     0.2725      0.6    1.7      10.106   24.3   0b1111111111111111    20190619T125313110537
 3     230     2.7480      0.0       0.0     1.2111      0.5    1.7       2.269   24.3   0b1111111111111111    20190619T125313110848
 4     230     2.7742      0.0       0.0     0.2755      0.8    2.5      10.070   24.3   0b1111111111111111    20190619T125313111143
 5     230     2.7623      0.0       0.0     1.2147      0.4    0.8       2.274   24.3   0b1111111111111111    20190619T125313111494
 6     230     2.7683      0.0       0.0     0.2731      0.7    2.5      10.137   24.3   0b1111111111111111    20190619T125313111788
 7     230     2.7578      0.0       0.0     1.2116      0.6    1.7       2.276   24.3   0b1111111111111111    20190619T125313112076
 8     230     2.7713      0.0       0.0     0.2752      2.4    5.8      10.071   24.3   0b1111111111111111    20190619T125313112407
 9     230     2.7473      0.0       0.0     1.2018      0.9    3.3       2.286   24.3   0b1111111111111111    20190619T125313112763
10     230     2.7600      0.0       0.0     0.2720      0.9    2.5      10.147   24.3   0b1111111111111111    20190619T125313113084
11     230     2.7398      0.2       0.8     1.2040      1.2    3.3       2.276   24.3   0b1111111111111111    20190619T125313113450
12     230     2.7585      0.0       0.0     0.2746      1.7    4.2      10.046   24.3   0b1111111111111111    20190619T125313113770
13     230     2.7489      0.3       0.8     1.2040      1.0    3.3       2.283   24.3   0b1111111111111111    20190619T125313114056
14     230     2.7622      0.2       0.7     0.2741      1.2    3.3      10.078   24.3   0b1111111111111111    20190619T125313114381
15     230     2.7350      0.3       0.8     1.1810      0.7    2.5       2.316   24.3   0b1111111111111111    20190619T125313114768
 0     220     2.7085      0.3       0.7     0.2685      0.3    0.8      10.087   24.4   0b1111111111111111    20190619T125316581712
 1     220     2.7116      0.4       0.8     1.1906      0.4    0.8       2.278   24.4   0b1111111111111111    20190619T125316582252
 2     220     2.7052      0.0       0.0     0.2673      0.5    1.7      10.119   24.4   0b1111111111111111    20190619T125316582579
 3     220     2.6992      0.0       0.0     1.1895      0.4    0.8       2.269   24.4   0b1111111111111111    20190619T125316582881
 4     220     2.7258      0.4       0.8     0.2710      0.6    1.7      10.058   24.4   0b1111111111111111    20190619T125316583245
 5     220     2.7153      0.4       0.7     1.1941      0.4    1.7       2.274   24.4   0b1111111111111111    20190619T125316583545
 6     220     2.7189      0.3       0.8     0.2681      0.4    0.8      10.142   24.4   0b1111111111111111    20190619T125316583833
 7     220     2.7098      0.2       0.7     1.1907      0.4    1.7       2.276   24.4   0b1111111111111111    20190619T125316584174
 8     220     2.7240      0.0       0.0     0.2702      0.9    3.3      10.083   24.4   0b1111111111111111    20190619T125316584511
 9     220     2.7083      0.0       0.0     1.1854      0.7    2.5       2.285   24.4   0b1111111111111111    20190619T125316584815
10     220     2.7105      0.0       0.0     0.2674      0.8    2.5      10.136   24.4   0b1111111111111111    20190619T125316585149
11     220     2.6992      0.0       0.0     1.1863      0.7    2.5       2.275   24.4   0b1111111111111111    20190619T125316585457
12     220     2.7112      0.0       0.0     0.2692      1.0    3.3      10.073   24.4   0b1111111111111111    20190619T125316585741
13     220     2.7090      0.0       0.0     1.1861      0.9    2.5       2.284   24.4   0b1111111111111111    20190619T125316586036
14     220     2.7128      0.0       0.0     0.2692      0.8    2.5      10.075   24.4   0b1111111111111111    20190619T125316586362
15     220     2.6932      0.0       0.0     1.1632      0.6    1.7       2.315   24.4   0b1111111111111111    20190619T125316586646
 0     210     2.6595      0.0       0.0     0.2633      0.4    1.7      10.103   24.4   0b1111111111111111    20190619T125320054875
 1     210     2.6625      0.0       0.0     1.1688      0.4    0.8       2.278   24.4   0b1111111111111111    20190619T125320055115
 2     210     2.6558      0.0       0.0     0.2628      0.4    0.8      10.108   24.4   0b1111111111111111    20190619T125320055284
 3     210     2.6505      0.0       0.0     1.1679      0.4    0.8       2.269   24.4   0b1111111111111111    20190619T125320055442
 4     210     2.6764      0.4       0.8     0.2663      0.4    0.8      10.049   24.4   0b1111111111111111    20190619T125320055680
 5     210     2.6663      0.0       0.0     1.1726      0.3    0.8       2.274   24.4   0b1111111111111111    20190619T125320055886
 6     210     2.6699      0.2       0.8     0.2633      0.4    1.7      10.139   24.4   0b1111111111111111    20190619T125320056029
 7     210     2.6611      0.2       0.7     1.1689      0.4    0.8       2.277   24.4   0b1111111111111111    20190619T125320056216
 8     210     2.6744      0.2       0.8     0.2652      0.5    1.7      10.083   24.4   0b1111111111111111    20190619T125320056367
 9     210     2.6603      0.0       0.0     1.1650      0.4    1.7       2.283   24.4   0b1111111111111111    20190619T125320056509
10     210     2.6618      0.0       0.0     0.2623      0.5    1.7      10.146   24.4   0b1111111111111111    20190619T125320056649
11     210     2.6513      0.0       0.0     1.1655      0.4    0.8       2.275   24.4   0b1111111111111111    20190619T125320056788
12     210     2.6625      0.0       0.0     0.2642      0.5    1.7      10.079   24.4   0b1111111111111111    20190619T125320056927
13     210     2.6625      0.0       0.0     1.1665      0.7    2.5       2.282   24.4   0b1111111111111111    20190619T125320057064
14     210     2.6643      0.4       0.8     0.2644      0.5    1.7      10.076   24.4   0b1111111111111111    20190619T125320057231
15     210     2.6459      0.2       0.8     1.1426      0.2    0.8       2.316   24.4   0b1111111111111111    20190619T125320057396
 0     200     2.6100      0.0       0.0     0.2585      0.3    0.8      10.097   24.4   0b1111111111111111    20190619T125323523866
 1     200     2.6129      0.2       0.8     1.1469      0.4    0.8       2.278   24.4   0b1111111111111111    20190619T125323524352
 2     200     2.6065      0.4       0.8     0.2575      0.0    0.0      10.123   24.4   0b1111111111111111    20190619T125323524683
 3     200     2.6010      0.0       0.0     1.1466      0.3    0.8       2.268   24.4   0b1111111111111111    20190619T125323524985
 4     200     2.6265      0.0       0.0     0.2611      0.4    0.8      10.060   24.4   0b1111111111111111    20190619T125323525331
 5     200     2.6168      0.0       0.0     1.1509      0.3    0.8       2.274   24.4   0b1111111111111111    20190619T125323525637
 6     200     2.6205      0.0       0.0     0.2583      0.0    0.0      10.144   24.4   0b1111111111111111    20190619T125323525949
 7     200     2.6122      0.0       0.0     1.1477      0.3    0.8       2.276   24.4   0b1111111111111111    20190619T125323526353
 8     200     2.6250      0.0       0.0     0.2601      0.2    0.8      10.093   24.4   0b1111111111111111    20190619T125323526649
 9     200     2.6115      0.0       0.0     1.1432      0.4    1.7       2.284   24.4   0b1111111111111111    20190619T125323526935
10     200     2.6122      0.0       0.0     0.2578      0.4    0.8      10.132   24.4   0b1111111111111111    20190619T125323527284
11     200     2.6025      0.0       0.0     1.1441      0.4    1.7       2.275   24.4   0b1111111111111111    20190619T125323527576
12     200     2.6145      0.0       0.0     0.2592      0.0    0.0      10.088   24.4   0b1111111111111111    20190619T125323527872
13     200     2.6145      0.0       0.0     1.1456      0.5    1.7       2.282   24.4   0b1111111111111111    20190619T125323528220
14     200     2.6160      0.0       0.0     0.2597      0.4    0.8      10.074   24.4   0b1111111111111111    20190619T125323528506
15     200     2.5979      0.2       0.7     1.1220      0.4    0.8       2.315   24.4   0b1111111111111111    20190619T125323528788
 0     190     2.5623      0.4       0.8     0.2538      0.4    0.8      10.098   24.5   0b1111111111111111    20190619T125326997235
 1     190     2.5650      0.0       0.0     1.1260      0.3    0.8       2.278   24.5   0b1111111111111111    20190619T125326997696
 2     190     2.5583      0.0       0.0     0.2526      0.3    0.8      10.128   24.5   0b1111111111111111    20190619T125326998046
 3     190     2.5544      0.2       0.8     1.1259      0.2    0.8       2.269   24.5   0b1111111111111111    20190619T125326998651
 4     190     2.5792      0.2       0.7     0.2567      0.0    0.0      10.049   24.5   0b1111111111111111    20190619T125326998968
 5     190     2.5695      0.0       0.0     1.1305      0.4    0.8       2.273   24.5   0b1111111111111111    20190619T125326999260
 6     190     2.5725      0.0       0.0     0.2533      0.0    0.0      10.155   24.5   0b1111111111111111    20190619T125326999599
 7     190     2.5643      0.0       0.0     1.1267      0.0    0.0       2.276   24.5   0b1111111111111111    20190619T125326999890
 8     190     2.5770      0.0       0.0     0.2553      0.4    0.8      10.093   24.5   0b1111111111111111    20190619T125327000232
 9     190     2.5649      0.3       0.8     1.1230      0.4    0.8       2.284   24.5   0b1111111111111111    20190619T125327000578
10     190     2.5655      0.3       0.7     0.2530      0.4    0.8      10.140   24.5   0b1111111111111111    20190619T125327000869
11     190     2.5553      0.0       0.0     1.1235      0.3    0.8       2.274   24.5   0b1111111111111111    20190619T125327001152
12     190     2.5673      0.0       0.0     0.2546      0.4    0.8      10.084   24.5   0b1111111111111111    20190619T125327001494
13     190     2.5680      0.0       0.0     1.1250      0.4    1.7       2.283   24.5   0b1111111111111111    20190619T125327001783
14     190     2.5680      0.0       0.0     0.2544      0.4    0.8      10.094   24.5   0b1111111111111111    20190619T125327002066
15     190     2.5520      0.4       0.8     1.1022      0.4    0.8       2.315   24.5   0b1111111111111111    20190619T125327002524
 0     180     2.5132      0.0       0.0     0.2487      0.4    0.8      10.104   24.5   0b1111111111111111    20190619T125330487159
 1     180     2.5155      0.0       0.0     1.1042      0.0    0.0       2.278   24.5   0b1111111111111111    20190619T125330487579
 2     180     2.5091      0.4       0.8     0.2477      0.3    0.8      10.131   24.5   0b1111111111111111    20190619T125330487892
 3     180     2.5056      0.3       0.8     1.1044      0.4    0.8       2.269   24.5   0b1111111111111111    20190619T125330488248
 4     180     2.5296      0.3       0.8     0.2516      0.3    0.8      10.055   24.5   0b1111111111111111    20190619T125330488395
 5     180     2.5200      0.0       0.0     1.1084      0.2    0.8       2.274   24.5   0b1111111111111111    20190619T125330488538
 6     180     2.5230      0.0       0.0     0.2486      0.4    0.8      10.150   24.5   0b1111111111111111    20190619T125330488677
 7     180     2.5154      0.2       0.8     1.1051      0.2    0.8       2.276   24.5   0b1111111111111111    20190619T125330488816
 8     180     2.5275      0.0       0.0     0.2507      0.3    0.8      10.083   24.5   0b1111111111111111    20190619T125330488955
 9     180     2.5155      0.0       0.0     1.1016      0.2    0.8       2.284   24.5   0b1111111111111111    20190619T125330489113
10     180     2.5165      0.3       0.8     0.2483      0.3    0.8      10.137   24.5   0b1111111111111111    20190619T125330489261
11     180     2.5065      0.0       0.0     1.1022      0.4    0.8       2.274   24.5   0b1111111111111111    20190619T125330489406
12     180     2.5192      0.2       0.8     0.2498      0.3    0.8      10.083   24.5   0b1111111111111111    20190619T125330489544
13     180     2.5195      0.4       0.8     1.1042      0.0    0.0       2.282   24.5   0b1111111111111111    20190619T125330489682
14     180     2.5200      0.0       0.0     0.2499      0.2    0.8      10.083   24.5   0b1111111111111111    20190619T125330489819
15     180     2.5035      0.0       0.0     1.0812      0.4    0.8       2.316   24.5   0b1111111111111111    20190619T125330489986
 0     170     2.4638      0.0       0.0     0.2438      0.4    0.8      10.104   24.5   0b1111111111111111    20190619T125333959812
 1     170     2.4660      0.0       0.0     1.0825      0.0    0.0       2.278   24.5   0b1111111111111111    20190619T125333960317
 2     170     2.4600      0.0       0.0     0.2431      0.4    0.8      10.120   24.5   0b1111111111111111    20190619T125333960648
 3     170     2.4563      0.0       0.0     1.0827      0.3    0.8       2.269   24.5   0b1111111111111111    20190619T125333960951
 4     170     2.4801      0.3       0.8     0.2467      0.2    0.8      10.051   24.5   0b1111111111111111    20190619T125333961300
 5     170     2.4713      0.0       0.0     1.0868      0.3    0.8       2.274   24.5   0b1111111111111111    20190619T125333961617
 6     170     2.4743      0.0       0.0     0.2438      0.4    0.8      10.147   24.5   0b1111111111111111    20190619T125333962023
 7     170     2.4662      0.3       0.8     1.0839      0.4    0.8       2.275   24.5   0b1111111111111111    20190619T125333962377
 8     170     2.4787      0.0       0.0     0.2457      0.3    0.8      10.090   24.5   0b1111111111111111    20190619T125333962670
 9     170     2.4668      0.0       0.0     1.0801      0.2    0.8       2.284   24.5   0b1111111111111111    20190619T125333962992
10     170     2.4675      0.0       0.0     0.2434      0.2    0.8      10.137   24.5   0b1111111111111111    20190619T125333963338
11     170     2.4578      0.0       0.0     1.0807      0.2    0.8       2.274   24.5   0b1111111111111111    20190619T125333963630
12     170     2.4712      0.2       0.8     0.2449      0.3    0.8      10.090   24.5   0b1111111111111111    20190619T125333963915
13     170     2.4720      0.0       0.0     1.0834      0.3    0.8       2.282   24.5   0b1111111111111111    20190619T125333964252
14     170     2.4718      0.3       0.7     0.2450      0.0    0.0      10.089   24.5   0b1111111111111111    20190619T125333964541
15     170     2.4563      0.0       0.0     1.0608      0.0    0.0       2.315   24.5   0b1111111111111111    20190619T125333964843
 0     160     2.4142      0.0       0.0     0.2391      0.2    0.8      10.098   24.6   0b1111111111111111    20190619T125337438612
 1     160     2.4165      0.0       0.0     1.0608      0.0    0.0       2.278   24.6   0b1111111111111111    20190619T125337438993
 2     160     2.4109      0.4       0.8     0.2380      0.4    0.8      10.130   24.6   0b1111111111111111    20190619T125337439292
 3     160     2.4067      0.0       0.0     1.0613      0.4    0.8       2.268   24.6   0b1111111111111111    20190619T125337439667
 4     160     2.4300      0.0       0.0     0.2417      0.0    0.0      10.055   24.6   0b1111111111111111    20190619T125337439961
 5     160     2.4217      0.0       0.0     1.0653      0.4    0.8       2.273   24.6   0b1111111111111111    20190619T125337440249
 6     160     2.4247      0.0       0.0     0.2388      0.4    0.8      10.152   24.6   0b1111111111111111    20190619T125337440583
 7     160     2.4172      0.0       0.0     1.0624      0.2    0.8       2.275   24.6   0b1111111111111111    20190619T125337440922
 8     160     2.4292      0.2       0.7     0.2408      0.3    0.8      10.090   24.6   0b1111111111111111    20190619T125337441208
 9     160     2.4173      0.2       0.8     1.0586      0.4    0.8       2.284   24.6   0b1111111111111111    20190619T125337441553
10     160     2.4181      0.3       0.8     0.2383      0.0    0.0      10.146   24.6   0b1111111111111111    20190619T125337441857
11     160     2.4090      0.0       0.0     1.0593      0.2    0.8       2.274   24.6   0b1111111111111111    20190619T125337442182
12     160     2.4229      0.4       0.8     0.2399      0.2    0.8      10.099   24.6   0b1111111111111111    20190619T125337442534
13     160     2.4235      0.3       0.8     1.0624      0.2    0.8       2.281   24.6   0b1111111111111111    20190619T125337442826
14     160     2.4233      0.2       0.8     0.2401      0.3    0.8      10.094   24.6   0b1111111111111111    20190619T125337443110
15     160     2.4082      0.0       0.0     1.0400      0.0    0.0       2.316   24.6   0b1111111111111111    20190619T125337443446
 0     150     2.3670      0.0       0.0     0.2342      0.0    0.0      10.108   24.6   0b1111111111111111    20190619T125340916644
 1     150     2.3691      0.3       0.8     1.0400      0.0    0.0       2.278   24.6   0b1111111111111111    20190619T125340917051
 2     150     2.3640      0.0       0.0     0.2333      0.0    0.0      10.131   24.6   0b1111111111111111    20190619T125340917428
 3     150     2.3602      0.2       0.8     1.0403      0.4    0.8       2.269   24.6   0b1111111111111111    20190619T125340917757
 4     150     2.3840      0.4       0.8     0.2367      0.3    0.8      10.069   24.6   0b1111111111111111    20190619T125340918052
 5     150     2.3754      0.3       0.7     1.0450      0.4    1.7       2.273   24.6   0b1111111111111111    20190619T125340918372
 6     150     2.3783      0.0       0.0     0.2341      0.3    0.8      10.160   24.6   0b1111111111111111    20190619T125340918692
 7     150     2.3708      0.0       0.0     1.0417      0.3    0.8       2.276   24.6   0b1111111111111111    20190619T125340918980
 8     150     2.3828      0.0       0.0     0.2359      0.2    0.8      10.100   24.6   0b1111111111111111    20190619T125340919265
 9     150     2.3702      0.3       0.8     1.0382      0.3    0.8       2.283   24.6   0b1111111111111111    20190619T125340919635
10     150     2.3723      0.0       0.0     0.2338      0.4    0.8      10.145   24.6   0b1111111111111111    20190619T125340919924
11     150     2.3614      0.4       0.8     1.0383      0.3    0.8       2.274   24.6   0b1111111111111111    20190619T125340920210
12     150     2.3783      0.0       0.0     0.2358      0.2    0.8      10.088   24.6   0b1111111111111111    20190619T125340920555
13     150     2.3775      0.0       0.0     1.0421      0.4    0.8       2.281   24.6   0b1111111111111111    20190619T125340920848
14     150     2.3768      0.0       0.0     0.2356      0.4    0.8      10.089   24.6   0b1111111111111111    20190619T125340921131
15     150     2.3633      0.0       0.0     1.0208      0.0    0.0       2.315   24.6   0b1111111111111111    20190619T125340921467
 0     140     2.3182      0.0       0.0     0.2292      0.0    0.0      10.116   24.7   0b1111111111111111    20190619T125344397617
 1     140     2.3197      0.0       0.0     1.0183      0.0    0.0       2.278   24.7   0b1111111111111111    20190619T125344398012
 2     140     2.3152      0.0       0.0     0.2283      0.0    0.0      10.140   24.7   0b1111111111111111    20190619T125344398347
 3     140     2.3108      0.2       0.8     1.0189      0.4    0.8       2.268   24.7   0b1111111111111111    20190619T125344398643
 4     140     2.3348      0.0       0.0     0.2319      0.4    0.8      10.067   24.7   0b1111111111111111    20190619T125344398933
 5     140     2.3269      0.4       0.8     1.0234      0.2    0.8       2.274   24.7   0b1111111111111111    20190619T125344399238
 6     140     2.3295      0.0       0.0     0.2292      0.0    0.0      10.165   24.7   0b1111111111111111    20190619T125344399526
 7     140     2.3220      0.0       0.0     1.0203      0.4    0.8       2.276   24.7   0b1111111111111111    20190619T125344399810
 8     140     2.3338      0.3       0.8     0.2309      0.2    0.8      10.107   24.7   0b1111111111111111    20190619T125344400106
 9     140     2.3220      0.0       0.0     1.0167      0.0    0.0       2.284   24.7   0b1111111111111111    20190619T125344400410
10     140     2.3234      0.2       0.8     0.2291      0.2    0.8      10.142   24.7   0b1111111111111111    20190619T125344400696
11     140     2.3130      0.0       0.0     1.0168      0.3    0.8       2.275   24.7   0b1111111111111111    20190619T125344400978
12     140     2.3302      0.0       0.0     0.2308      0.4    1.7      10.095   24.7   0b1111111111111111    20190619T125344401285
13     140     2.3299      0.4       0.8     1.0212      0.4    0.8       2.282   24.7   0b1111111111111111    20190619T125344401570
14     140     2.3294      0.2       0.8     0.2308      0.0    0.0      10.091   24.7   0b1111111111111111    20190619T125344401850
15     140     2.3158      0.3       0.8     1.0003      0.4    0.8       2.315   24.7   0b1111111111111111    20190619T125344402132
 0     130     2.2695      0.0       0.0     0.2242      0.0    0.0      10.124   24.7   0b1111111111111111    20190619T125347868752
 1     130     2.2708      0.3       0.8     0.9968      0.3    0.8       2.278   24.7   0b1111111111111111    20190619T125347869162
 2     130     2.2670      0.3       0.8     0.2236      0.4    0.8      10.140   24.7   0b1111111111111111    20190619T125347869573
 3     130     2.2623      0.4       0.8     0.9973      0.3    0.8       2.268   24.7   0b1111111111111111    20190619T125347869886
 4     130     2.2853      0.2       0.8     0.2270      0.4    0.8      10.068   24.7   0b1111111111111111    20190619T125347870180
 5     130     2.2783      0.3       0.8     1.0019      0.4    0.8       2.274   24.7   0b1111111111111111    20190619T125347870526
 6     130     2.2808      0.0       0.0     0.2242      0.0    0.0      10.174   24.7   0b1111111111111111    20190619T125347870818
 7     130     2.2740      0.0       0.0     0.9992      0.0    0.0       2.276   24.7   0b1111111111111111    20190619T125347871112
 8     130     2.2847      0.3       0.8     0.2260      0.3    0.8      10.109   24.7   0b1111111111111111    20190619T125347871577
 9     130     2.2733      0.0       0.0     0.9952      0.4    0.8       2.284   24.7   0b1111111111111111    20190619T125347871875
10     130     2.2748      0.0       0.0     0.2240      0.3    0.8      10.155   24.7   0b1111111111111111    20190619T125347872188
11     130     2.2643      0.2       0.7     0.9958      0.0    0.0       2.274   24.7   0b1111111111111111    20190619T125347872543
12     130     2.2830      0.0       0.0     0.2259      0.2    0.8      10.105   24.7   0b1111111111111111    20190619T125347872837
13     130     2.2823      0.0       0.0     1.0007      0.3    0.8       2.281   24.7   0b1111111111111111    20190619T125347873122
14     130     2.2815      0.0       0.0     0.2258      0.0    0.0      10.103   24.7   0b1111111111111111    20190619T125347873461
15     130     2.2682      0.3       0.8     0.9800      0.0    0.0       2.315   24.7   0b1111111111111111    20190619T125347873749
 0     120     2.2200      0.0       0.0     0.2193      0.3    0.8      10.125   24.7   0b1111111111111111    20190619T125351333978
 1     120     2.2222      0.0       0.0     0.9750      0.0    0.0       2.279   24.7   0b1111111111111111    20190619T125351334478
 2     120     2.2187      0.3       0.7     0.2188      0.4    0.8      10.143   24.7   0b1111111111111111    20190619T125351334810
 3     120     2.2138      0.3       0.8     0.9758      0.3    0.8       2.269   24.7   0b1111111111111111    20190619T125351335112
 4     120     2.2372      0.0       0.0     0.2220      0.4    0.8      10.078   24.7   0b1111111111111111    20190619T125351335468
 5     120     2.2305      0.0       0.0     0.9808      0.0    0.0       2.274   24.7   0b1111111111111111    20190619T125351335767
 6     120     2.2318      0.3       0.8     0.2193      0.3    0.8      10.179   24.7   0b1111111111111111    20190619T125351336055
 7     120     2.2252      0.0       0.0     0.9775      0.0    0.0       2.276   24.7   0b1111111111111111    20190619T125351336394
 8     120     2.2365      0.0       0.0     0.2214      0.4    0.8      10.101   24.7   0b1111111111111111    20190619T125351336698
 9     120     2.2260      0.0       0.0     0.9746      0.4    0.8       2.284   24.7   0b1111111111111111    20190619T125351336984
10     120     2.2260      0.0       0.0     0.2192      0.0    0.0      10.157   24.7   0b1111111111111111    20190619T125351337323
11     120     2.2177      0.0       0.0     0.9749      0.3    0.8       2.275   24.7   0b1111111111111111    20190619T125351337673
12     120     2.2356      0.3       0.8     0.2212      0.4    0.8      10.108   24.7   0b1111111111111111    20190619T125351337956
13     120     2.2350      0.0       0.0     0.9795      0.4    0.8       2.282   24.7   0b1111111111111111    20190619T125351338239
14     120     2.2335      0.0       0.0     0.2209      0.2    0.8      10.110   24.7   0b1111111111111111    20190619T125351338576
15     120     2.2215      0.0       0.0     0.9597      0.4    0.8       2.315   24.7   0b1111111111111111    20190619T125351338863
 0     110     2.1743      0.0       0.0     0.2148      0.3    0.8      10.121   24.7   0b1111111111111111    20190619T125354815262
 1     110     2.1758      0.0       0.0     0.9550      0.0    0.0       2.278   24.7   0b1111111111111111    20190619T125354815699
 2     110     2.1728      0.0       0.0     0.2142      0.0    0.0      10.145   24.7   0b1111111111111111    20190619T125354816017
 3     110     2.1678      0.4       0.8     0.9552      0.3    0.8       2.270   24.7   0b1111111111111111    20190619T125354816318
 4     110     2.1908      0.0       0.0     0.2174      0.2    0.8      10.076   24.7   0b1111111111111111    20190619T125354816631
 5     110     2.1843      0.4       0.8     0.9607      0.3    0.8       2.274   24.7   0b1111111111111111    20190619T125354816924
 6     110     2.1855      0.0       0.0     0.2149      0.2    0.8      10.169   24.7   0b1111111111111111    20190619T125354817210
 7     110     2.1794      0.2       0.8     0.9575      0.0    0.0       2.276   24.7   0b1111111111111111    20190619T125354817515
 8     110     2.1906      0.3       0.8     0.2167      0.0    0.0      10.110   24.7   0b1111111111111111    20190619T125354817802
 9     110     2.1803      0.0       0.0     0.9544      0.4    0.8       2.284   24.7   0b1111111111111111    20190619T125354818086
10     110     2.1803      0.0       0.0     0.2144      0.4    0.8      10.168   24.7   0b1111111111111111    20190619T125354818369
11     110     2.1726      0.3       0.8     0.9550      0.0    0.0       2.275   24.7   0b1111111111111111    20190619T125354818655
12     110     2.1908      0.0       0.0     0.2167      0.0    0.0      10.111   24.7   0b1111111111111111    20190619T125354818793
13     110     2.1900      0.0       0.0     0.9600      0.0    0.0       2.281   24.7   0b1111111111111111    20190619T125354818931
14     110     2.1893      0.0       0.0     0.2166      0.3    0.8      10.108   24.7   0b1111111111111111    20190619T125354819067
15     110     2.1773      0.2       0.8     0.9407      0.3    0.8       2.315   24.7   0b1111111111111111    20190619T125354819204
 0     100     2.1256      0.2       0.8     0.2100      0.0    0.0      10.122   24.8   0b1111111111111111    20190619T125358314407
 1     100     2.1270      0.0       0.0     0.9333      0.0    0.0       2.279   24.8   0b1111111111111111    20190619T125358314845
 2     100     2.1240      0.0       0.0     0.2092      0.0    0.0      10.155   24.8   0b1111111111111111    20190619T125358315165
 3     100     2.1195      0.0       0.0     0.9342      0.0    0.0       2.269   24.8   0b1111111111111111    20190619T125358315488
 4     100     2.1420      0.0       0.0     0.2125      0.0    0.0      10.080   24.8   0b1111111111111111    20190619T125358315786
 5     100     2.1360      0.0       0.0     0.9392      0.0    0.0       2.274   24.8   0b1111111111111111    20190619T125358316077
 6     100     2.1373      0.3       0.8     0.2099      0.3    0.8      10.182   24.8   0b1111111111111111    20190619T125358316374
 7     100     2.1315      0.0       0.0     0.9363      0.4    0.8       2.277   24.8   0b1111111111111111    20190619T125358316682
 8     100     2.1420      0.0       0.0     0.2117      0.0    0.0      10.120   24.8   0b1111111111111111    20190619T125358316967
 9     100     2.1322      0.0       0.0     0.9333      0.0    0.0       2.285   24.8   0b1111111111111111    20190619T125358317252
10     100     2.1322      0.0       0.0     0.2097      0.4    0.8      10.170   24.8   0b1111111111111111    20190619T125358317556
11     100     2.1247      0.2       0.8     0.9336      0.4    0.8       2.276   24.8   0b1111111111111111    20190619T125358317843
12     100     2.1442      0.0       0.0     0.2120      0.4    0.8      10.114   24.8   0b1111111111111111    20190619T125358318124
13     100     2.1435      0.0       0.0     0.9393      0.3    0.8       2.282   24.8   0b1111111111111111    20190619T125358318407
14     100     2.1420      0.0       0.0     0.2117      0.2    0.8      10.116   24.8   0b1111111111111111    20190619T125358318670
15     100     2.1307      0.0       0.0     0.9203      0.4    0.8       2.315   24.8   0b1111111111111111    20190619T125358318807
 0      90     2.0760      0.0       0.0     0.2050      0.0    0.0      10.127   24.8   0b1111111111111111    20190619T125401798502
 1      90     2.0783      0.0       0.0     0.9118      0.3    0.8       2.279   24.8   0b1111111111111111    20190619T125401798914
 2      90     2.0753      0.0       0.0     0.2042      0.2    0.8      10.160   24.8   0b1111111111111111    20190619T125401799320
 3      90     2.0707      0.0       0.0     0.9125      0.0    0.0       2.269   24.8   0b1111111111111111    20190619T125401799630
 4      90     2.0955      0.0       0.0     0.2078      0.4    0.8      10.083   24.8   0b1111111111111111    20190619T125401799925
 5      90     2.0885      0.4       0.8     0.9182      0.3    0.8       2.274   24.8   0b1111111111111111    20190619T125401800270
 6      90     2.0903      0.0       0.0     0.2050      0.0    0.0      10.196   24.8   0b1111111111111111    20190619T125401800612
 7      90     2.0835      0.0       0.0     0.9152      0.3    0.8       2.277   24.8   0b1111111111111111    20190619T125401800934
 8      90     2.0953      0.3       0.8     0.2073      0.4    0.8      10.110   24.8   0b1111111111111111    20190619T125401801278
 9      90     2.0850      0.0       0.0     0.9125      0.0    0.0       2.285   24.8   0b1111111111111111    20190619T125401801588
10      90     2.0850      0.0       0.0     0.2050      0.0    0.0      10.171   24.8   0b1111111111111111    20190619T125401801873
11      90     2.0767      0.2       0.8     0.9125      0.0    0.0       2.276   24.8   0b1111111111111111    20190619T125401802263
12      90     2.0978      0.0       0.0     0.2075      0.0    0.0      10.110   24.8   0b1111111111111111    20190619T125401802556
13      90     2.0963      0.0       0.0     0.9186      0.4    0.8       2.282   24.8   0b1111111111111111    20190619T125401802840
14      90     2.0955      0.0       0.0     0.2072      0.4    0.8      10.115   24.8   0b1111111111111111    20190619T125401803174
15      90     2.0843      0.0       0.0     0.9001      0.3    0.8       2.316   24.8   0b1111111111111111    20190619T125401803463
 0      80     2.0265      0.0       0.0     0.1998      0.3    0.8      10.141   24.8   0b1111111111111111    20190619T125405290401
 1      80     2.0287      0.0       0.0     0.8900      0.0    0.0       2.279   24.8   0b1111111111111111    20190619T125405290838
 2      80     2.0265      0.0       0.0     0.1993      0.2    0.8      10.171   24.8   0b1111111111111111    20190619T125405291157
 3      80     2.0219      0.2       0.8     0.8907      0.2    0.8       2.270   24.8   0b1111111111111111    20190619T125405291458
 4      80     2.0467      0.0       0.0     0.2029      0.4    0.8      10.087   24.8   0b1111111111111111    20190619T125405291779
 5      80     2.0400      0.0       0.0     0.8967      0.0    0.0       2.275   24.8   0b1111111111111111    20190619T125405292082
 6      80     2.0416      0.2       0.8     0.2004      0.4    0.8      10.187   24.8   0b1111111111111111    20190619T125405292369
 7      80     2.0355      0.0       0.0     0.8942      0.0    0.0       2.276   24.8   0b1111111111111111    20190619T125405292678
 8      80     2.0467      0.0       0.0     0.2021      0.4    0.8      10.128   24.8   0b1111111111111111    20190619T125405292963
 9      80     2.0370      0.0       0.0     0.8916      0.3    0.8       2.285   24.8   0b1111111111111111    20190619T125405293246
10      80     2.0370      0.0       0.0     0.2001      0.2    0.8      10.181   24.8   0b1111111111111111    20190619T125405293551
11      80     2.0287      0.0       0.0     0.8915      0.3    0.8       2.276   24.8   0b1111111111111111    20190619T125405293836
12      80     2.0505      0.0       0.0     0.2025      0.0    0.0      10.126   24.8   0b1111111111111111    20190619T125405294118
13      80     2.0490      0.0       0.0     0.8979      0.4    0.8       2.282   24.8   0b1111111111111111    20190619T125405294398
14      80     2.0475      0.0       0.0     0.2022      0.4    0.8      10.124   24.8   0b1111111111111111    20190619T125405294703
15      80     2.0370      0.0       0.0     0.8797      0.4    0.8       2.315   24.8   0b1111111111111111    20190619T125405294988
 0      70     1.9779      0.3       0.8     0.1950      0.0    0.0      10.143   24.8   0b1111111111111111    20190619T125408773584
 1      70     1.9792      0.0       0.0     0.8683      0.0    0.0       2.279   24.8   0b1111111111111111    20190619T125408774006
 2      70     1.9763      0.0       0.0     0.1943      0.3    0.8      10.169   24.8   0b1111111111111111    20190619T125408774324
 3      70     1.9729      0.4       0.8     0.8692      0.0    0.0       2.270   24.8   0b1111111111111111    20190619T125408774719
 4      70     1.9988      0.0       0.0     0.1982      0.2    0.8      10.082   24.8   0b1111111111111111    20190619T125408775016
 5      70     1.9928      0.0       0.0     0.8758      0.0    0.0       2.275   24.8   0b1111111111111111    20190619T125408775309
 6      70     1.9942      0.0       0.0     0.1958      0.3    0.8      10.188   24.8   0b1111111111111111    20190619T125408775662
 7      70     1.9883      0.0       0.0     0.8731      0.4    0.8       2.277   24.8   0b1111111111111111    20190619T125408775950
 8      70     1.9995      0.0       0.0     0.1975      0.0    0.0      10.124   24.8   0b1111111111111111    20190619T125408776236
 9      70     1.9904      0.3       0.8     0.8708      0.0    0.0       2.286   24.8   0b1111111111111111    20190619T125408776593
10      70     1.9898      0.0       0.0     0.1955      0.4    0.8      10.178   24.8   0b1111111111111111    20190619T125408776884
11      70     1.9815      0.0       0.0     0.8708      0.0    0.0       2.275   24.8   0b1111111111111111    20190619T125408777168
12      70     2.0040      0.0       0.0     0.1977      0.3    0.8      10.138   24.8   0b1111111111111111    20190619T125408777513
13      70     2.0025      0.0       0.0     0.8775      0.0    0.0       2.282   24.8   0b1111111111111111    20190619T125408777806
14      70     2.0003      0.0       0.0     0.1975      0.0    0.0      10.128   24.8   0b1111111111111111    20190619T125408778087
15      70     1.9890      0.0       0.0     0.8591      0.3    0.8       2.315   24.8   0b1111111111111111    20190619T125408778426
 0      60     1.9260      0.0       0.0     0.1898      0.3    0.8      10.146   24.9   0b1111111111111111    20190619T125412238482
 1      60     1.9283      0.2       0.8     0.8458      0.0    0.0       2.280   24.9   0b1111111111111111    20190619T125412238883
 2      60     1.9252      0.0       0.0     0.1892      0.0    0.0      10.178   24.9   0b1111111111111111    20190619T125412239278
 3      60     1.9207      0.0       0.0     0.8458      0.0    0.0       2.271   24.9   0b1111111111111111    20190619T125412239583
 4      60     1.9484      0.2       0.8     0.1930      0.4    0.8      10.095   24.9   0b1111111111111111    20190619T125412239882
 5      60     1.9418      0.0       0.0     0.8535      0.3    0.8       2.275   24.9   0b1111111111111111    20190619T125412240230
 6      60     1.9433      0.0       0.0     0.1903      0.4    0.8      10.210   24.9   0b1111111111111111    20190619T125412240521
 7      60     1.9373      0.0       0.0     0.8509      0.2    0.8       2.277   24.9   0b1111111111111111    20190619T125412240804
 8      60     1.9497      0.4       0.8     0.1925      0.0    0.0      10.128   24.9   0b1111111111111111    20190619T125412241085
 9      60     1.9403      0.0       0.0     0.8492      0.0    0.0       2.285   24.9   0b1111111111111111    20190619T125412241484
10      60     1.9395      0.0       0.0     0.1907      0.3    0.8      10.172   24.9   0b1111111111111111    20190619T125412241770
11      60     1.9320      0.0       0.0     0.8487      0.4    0.8       2.276   24.9   0b1111111111111111    20190619T125412242053
12      60     1.9538      0.2       0.8     0.1928      0.4    0.8      10.137   24.9   0b1111111111111111    20190619T125412242417
13      60     1.9521      0.3       0.8     0.8550      0.0    0.0       2.283   24.9   0b1111111111111111    20190619T125412242703
14      60     1.9486      0.3       0.8     0.1923      0.3    0.8      10.132   24.9   0b1111111111111111    20190619T125412242985
15      60     1.9388      0.0       0.0     0.8373      0.4    0.8       2.316   24.9   0b1111111111111111    20190619T125412243311
 0      50     1.8742      0.0       0.0     0.1842      0.2    0.8      10.172   24.9   0b1111111111111111    20190619T125415709804
 1      50     1.8758      0.0       0.0     0.8226      0.2    0.8       2.280   24.9   0b1111111111111111    20190619T125415710219
 2      50     1.8735      0.0       0.0     0.1842      0.0    0.0      10.173   24.9   0b1111111111111111    20190619T125415710618
 3      50     1.8690      0.0       0.0     0.8233      0.2    0.8       2.270   24.9   0b1111111111111111    20190619T125415710928
 4      50     1.8963      0.4       0.8     0.1876      0.2    0.8      10.109   24.9   0b1111111111111111    20190619T125415711220
 5      50     1.8902      0.3       0.8     0.8308      0.0    0.0       2.275   24.9   0b1111111111111111    20190619T125415711565
 6      50     1.8915      0.0       0.0     0.1852      0.4    0.8      10.211   24.9   0b1111111111111111    20190619T125415711858
 7      50     1.8862      0.0       0.0     0.8282      0.2    0.8       2.277   24.9   0b1111111111111111    20190619T125415712208
 8      50     1.8983      0.0       0.0     0.1874      0.2    0.8      10.129   24.9   0b1111111111111111    20190619T125415712590
 9      50     1.8890      0.4       0.8     0.8265      0.3    0.8       2.285   24.9   0b1111111111111111    20190619T125415712885
10      50     1.8884      0.2       0.7     0.1852      0.3    0.8      10.199   24.9   0b1111111111111111    20190619T125415713170
11      50     1.8806      0.4       0.8     0.8262      0.4    0.8       2.276   24.9   0b1111111111111111    20190619T125415713513
12      50     1.9020      0.0       0.0     0.1875      0.0    0.0      10.144   24.9   0b1111111111111111    20190619T125415713801
13      50     1.9005      0.0       0.0     0.8325      0.0    0.0       2.283   24.9   0b1111111111111111    20190619T125415714086
14      50     1.8968      0.0       0.0     0.1868      0.2    0.8      10.157   24.9   0b1111111111111111    20190619T125415714420
15      50     1.8870      0.0       0.0     0.8148      0.4    0.8       2.316   24.9   0b1111111111111111    20190619T125415714762
 0      40     1.8210      0.0       0.0     0.1792      0.0    0.0      10.164   24.9   0b1111111111111111    20190619T125419191254
 1      40     1.8233      0.2       0.8     0.7997      0.4    0.8       2.280   24.9   0b1111111111111111    20190619T125419191694
 2      40     1.8216      0.3       0.8     0.1790      0.3    0.8      10.177   24.9   0b1111111111111111    20190619T125419192055
 3      40     1.8157      0.0       0.0     0.7997      0.4    0.8       2.270   24.9   0b1111111111111111    20190619T125419192359
 4      40     1.8428      0.0       0.0     0.1824      0.3    0.8      10.102   24.9   0b1111111111111111    20190619T125419192670
 5      40     1.8375      0.0       0.0     0.8075      0.0    0.0       2.276   24.9   0b1111111111111111    20190619T125419192979
 6      40     1.8390      0.0       0.0     0.1800      0.0    0.0      10.217   24.9   0b1111111111111111    20190619T125419193350
 7      40     1.8334      0.4       0.7     0.8050      0.0    0.0       2.277   24.9   0b1111111111111111    20190619T125419193666
 8      40     1.8458      0.0       0.0     0.1817      0.3    0.8      10.155   24.9   0b1111111111111111    20190619T125419194006
 9      40     1.8367      0.0       0.0     0.8033      0.0    0.0       2.286   24.9   0b1111111111111111    20190619T125419194345
10      40     1.8352      0.0       0.0     0.1800      0.0    0.0      10.196   24.9   0b1111111111111111    20190619T125419194666
11      40     1.8285      0.0       0.0     0.8033      0.2    0.8       2.276   24.9   0b1111111111111111    20190619T125419194954
12      40     1.8488      0.0       0.0     0.1825      0.0    0.0      10.130   24.9   0b1111111111111111    20190619T125419195237
13      40     1.8465      0.0       0.0     0.8092      0.0    0.0       2.282   24.9   0b1111111111111111    20190619T125419195543
14      40     1.8428      0.0       0.0     0.1817      0.0    0.0      10.144   24.9   0b1111111111111111    20190619T125419195828
15      40     1.8344      0.2       0.8     0.7917      0.0    0.0       2.317   24.9   0b1111111111111111    20190619T125419196109
 0      30     1.7708      0.0       0.0     0.1742      0.0    0.0      10.167   24.9   0b1111111111111111    20190619T125422671772
 1      30     1.7715      0.0       0.0     0.7767      0.0    0.0       2.281   24.9   0b1111111111111111    20190619T125422671989
 2      30     1.7692      0.0       0.0     0.1738      0.4    0.8      10.178   24.9   0b1111111111111111    20190619T125422672193
 3      30     1.7656      0.2       0.8     0.7776      0.3    0.8       2.271   24.9   0b1111111111111111    20190619T125422672342
 4      30     1.7925      0.0       0.0     0.1774      0.2    0.8      10.103   24.9   0b1111111111111111    20190619T125422672483
 5      30     1.7862      0.4       0.8     0.7850      0.0    0.0       2.275   24.9   0b1111111111111111    20190619T125422672622
 6      30     1.7865      0.0       0.0     0.1750      0.0    0.0      10.209   24.9   0b1111111111111111    20190619T125422672761
 7      30     1.7820      0.0       0.0     0.7825      0.0    0.0       2.277   24.9   0b1111111111111111    20190619T125422672898
 8      30     1.7933      0.0       0.0     0.1767      0.0    0.0      10.150   24.9   0b1111111111111111    20190619T125422673035
 9      30     1.7852      0.3       0.7     0.7808      0.0    0.0       2.286   24.9   0b1111111111111111    20190619T125422673180
10      30     1.7835      0.0       0.0     0.1749      0.3    0.8      10.196   24.9   0b1111111111111111    20190619T125422673318
11      30     1.7768      0.0       0.0     0.7805      0.4    0.8       2.276   24.9   0b1111111111111111    20190619T125422673455
12      30     1.7973      0.4       0.8     0.1772      0.4    0.8      10.140   24.9   0b1111111111111111    20190619T125422673590
13      30     1.7949      0.3       0.8     0.7862      0.4    0.8       2.283   24.9   0b1111111111111111    20190619T125422673727
14      30     1.7925      0.0       0.0     0.1766      0.2    0.8      10.151   24.9   0b1111111111111111    20190619T125422673862
15      30     1.7840      0.3       0.8     0.7700      0.0    0.0       2.317   24.9   0b1111111111111111    20190619T125422673998
 0      20     1.7196      0.3       0.7     0.1689      0.4    0.8      10.180   24.9   0b1111111111111111    20190619T125426144326
 1      20     1.7197      0.0       0.0     0.7541      0.3    0.8       2.281   24.9   0b1111111111111111    20190619T125426144749
 2      20     1.7182      0.0       0.0     0.1684      0.2    0.8      10.202   24.9   0b1111111111111111    20190619T125426145067
 3      20     1.7152      0.2       0.8     0.7551      0.3    0.8       2.272   24.9   0b1111111111111111    20190619T125426145423
 4      20     1.7400      0.0       0.0     0.1717      0.0    0.0      10.136   24.9   0b1111111111111111    20190619T125426145717
 5      20     1.7340      0.0       0.0     0.7618      0.3    0.8       2.276   24.9   0b1111111111111111    20190619T125426146007
 6      20     1.7348      0.0       0.0     0.1697      0.4    0.8      10.224   24.9   0b1111111111111111    20190619T125426146343
 7      20     1.7303      0.0       0.0     0.7594      0.4    0.8       2.278   24.9   0b1111111111111111    20190619T125426146679
 8      20     1.7412      0.4       0.8     0.1716      0.3    0.8      10.148   24.9   0b1111111111111111    20190619T125426147007
 9      20     1.7332      0.0       0.0     0.7581      0.4    0.8       2.286   24.9   0b1111111111111111    20190619T125426147354
10      20     1.7320      0.4       0.8     0.1698      0.4    0.8      10.204   24.9   0b1111111111111111    20190619T125426147644
11      20     1.7251      0.2       0.8     0.7576      0.3    0.8       2.277   24.9   0b1111111111111111    20190619T125426147929
12      20     1.7459      0.2       0.8     0.1718      0.2    0.8      10.166   24.9   0b1111111111111111    20190619T125426148257
13      20     1.7437      0.0       0.0     0.7636      0.4    0.8       2.284   24.9   0b1111111111111111    20190619T125426148398
14      20     1.7415      0.0       0.0     0.1715      0.3    0.8      10.155   24.9   0b1111111111111111    20190619T125426148536
15      20     1.7331      0.3       0.7     0.7481      0.4    0.8       2.317   24.9   0b1111111111111111    20190619T125426148674
 0      10     1.6687      0.0       0.0     0.1637      0.4    0.8      10.196   25.0   0b1111111111111111    20190619T125429609571
 1      10     1.6687      0.0       0.0     0.7317      0.0    0.0       2.281   25.0   0b1111111111111111    20190619T125429609971
 2      10     1.6672      0.0       0.0     0.1633      0.0    0.0      10.208   25.0   0b1111111111111111    20190619T125429610351
 3      10     1.6643      0.0       0.0     0.7326      0.3    0.8       2.272   25.0   0b1111111111111111    20190619T125429610653
 4      10     1.6883      0.0       0.0     0.1667      0.4    1.7      10.129   25.0   0b1111111111111111    20190619T125429610943
 5      10     1.6830      0.0       0.0     0.7393      0.3    0.8       2.277   25.0   0b1111111111111111    20190619T125429611282
 6      10     1.6833      0.4       0.7     0.1642      0.0    0.0      10.254   25.0   0b1111111111111111    20190619T125429611587
 7      10     1.6792      0.2       0.8     0.7372      0.4    0.8       2.278   25.0   0b1111111111111111    20190619T125429611872
 8      10     1.6898      0.0       0.0     0.1663      0.4    0.8      10.164   25.0   0b1111111111111111    20190619T125429612254
 9      10     1.6822      0.0       0.0     0.7358      0.3    0.8       2.286   25.0   0b1111111111111111    20190619T125429612604
10      10     1.6808      0.0       0.0     0.1646      0.4    0.8      10.212   25.0   0b1111111111111111    20190619T125429612894
11      10     1.6745      0.3       0.8     0.7352      0.3    0.8       2.278   25.0   0b1111111111111111    20190619T125429613247
12      10     1.6949      0.3       0.8     0.1667      0.0    0.0      10.169   25.0   0b1111111111111111    20190619T125429613539
13      10     1.6928      0.2       0.8     0.7415      0.3    0.8       2.283   25.0   0b1111111111111111    20190619T125429613821
14      10     1.6907      0.3       0.8     0.1663      0.4    0.8      10.164   25.0   0b1111111111111111    20190619T125429614190
15      10     1.6825      0.3       0.8     0.7261      0.4    0.8       2.317   25.0   0b1111111111111111    20190619T125429614521
 0       0     1.6170      0.0       0.0     0.1585      0.3    0.8      10.202   24.9   0b1111111111111111    20190619T125433102504
 1       0     1.6174      0.4       0.8     0.7090      0.3    0.8       2.281   24.9   0b1111111111111111    20190619T125433102916
 2       0     1.6163      0.0       0.0     0.1583      0.0    0.0      10.208   24.9   0b1111111111111111    20190619T125433103325
 3       0     1.6125      0.0       0.0     0.7100      0.0    0.0       2.271   24.9   0b1111111111111111    20190619T125433103639
 4       0     1.6359      0.3       0.8     0.1617      0.0    0.0      10.119   24.9   0b1111111111111111    20190619T125433103933
 5       0     1.6313      0.0       0.0     0.7167      0.0    0.0       2.276   24.9   0b1111111111111111    20190619T125433104284
 6       0     1.6320      0.0       0.0     0.1591      0.2    0.8      10.259   24.9   0b1111111111111111    20190619T125433104578
 7       0     1.6275      0.0       0.0     0.7142      0.2    0.8       2.279   24.9   0b1111111111111111    20190619T125433104866
 8       0     1.6380      0.0       0.0     0.1608      0.0    0.0      10.184   24.9   0b1111111111111111    20190619T125433105209
 9       0     1.6306      0.3       0.8     0.7133      0.3    0.8       2.286   24.9   0b1111111111111111    20190619T125433105557
10       0     1.6298      0.0       0.0     0.1592      0.0    0.0      10.239   24.9   0b1111111111111111    20190619T125433105850
11       0     1.6230      0.0       0.0     0.7126      0.3    0.8       2.278   24.9   0b1111111111111111    20190619T125433106203
12       0     1.6440      0.0       0.0     0.1617      0.0    0.0      10.169   24.9   0b1111111111111111    20190619T125433106499
13       0     1.6418      0.0       0.0     0.7192      0.0    0.0       2.283   24.9   0b1111111111111111    20190619T125433106784
14       0     1.6395      0.0       0.0     0.1611      0.4    0.8      10.178   24.9   0b1111111111111111    20190619T125433107066
15       0     1.6320      0.0       0.0     0.7042      0.0    0.0       2.318   24.9   0b1111111111111111    20190619T125433107436
