CH# Vset[DAC]   V[V]    dVRMS[mV] dVpp[mV]    I[A]  dIRMS[mA] dIpp[mA]   R[ohm]   T[C]   State                Timestamp
 0     250     2.8568      0.0       0.0     0.0014      0.5    1.7    2016.529   26.9   0b1111111111111111    20190613T164629854250
 1     250     2.8355      0.4       0.8     0.0018      0.3    0.8    1546.609   26.9   0b1111111111111111    20190613T164629854695
 2     250     2.8657      0.0       0.0     0.0007      0.3    0.8    4298.625   26.9   0b1111111111111111    20190613T164629855014
 3     250     2.8405      0.3       0.8     0.0007      0.3    0.8    4260.713   26.9   0b1111111111111111    20190613T164629855444
 4     250     2.8711      0.3       0.8     0.0019      0.5    1.7    1497.991   26.9   0b1111111111111111    20190613T164629855810
 5     250     2.8657      0.0       0.0    -0.0002      0.4    0.8    -666.000   26.9   0b1111111111111111    20190613T164629856127
 6     250     2.8553      0.0       0.0     0.0017      0.5    1.7    1713.150   26.9   0b1111111111111111    20190613T164629856422
 7     250     2.8708      0.3       0.8     0.0029      0.4    0.8     984.266   26.9   0b1111111111111111    20190613T164629856714
 8     250     2.8860      0.0       0.0     0.0023      0.4    0.8    1282.667   26.9   0b1111111111111111    20190613T164629857020
 9     250     2.8690      0.4       0.8     0.0032      0.3    0.8     906.016   26.9   0b1111111111111111    20190613T164629857313
10     250     2.8760      0.3       0.8     0.0026      0.6    1.7    1113.300   26.9   0b1111111111111111    20190613T164629857594
11     250     2.8725      0.0       0.0     0.0024      0.4    1.7    1188.621   26.9   0b1111111111111111    20190613T164629857873
12     250     2.8687      0.0       0.0     0.0016      0.4    1.7    1811.842   26.9   0b1111111111111111    20190613T164629858176
13     250     2.8642      0.0       0.0    -0.0008      0.4    1.7    -666.000   26.9   0b1111111111111111    20190613T164629858462
14     250     2.8574      0.3       0.8    -0.0003      0.4    0.8    -666.000   26.9   0b1111111111111111    20190613T164629858746
15     250     2.8678      0.3       0.7     0.0006      0.4    0.8    4916.314   26.9   0b1111111111111111    20190613T164629859025
 0     240     2.8083      0.4       0.8     0.0013      0.4    0.8    2246.640   26.9   0b1111111111111111    20190613T164633310830
 1     240     2.7870      0.0       0.0     0.0018      0.5    1.7    1520.182   26.9   0b1111111111111111    20190613T164633311229
 2     240     2.8170      0.0       0.0     0.0008      0.0    0.0    3380.400   26.9   0b1111111111111111    20190613T164633311549
 3     240     2.7923      0.2       0.8     0.0009      0.3    0.8    3046.173   26.9   0b1111111111111111    20190613T164633311847
 4     240     2.8223      0.0       0.0     0.0023      0.5    1.7    1209.536   26.9   0b1111111111111111    20190613T164633312139
 5     240     2.8170      0.0       0.0    -0.0006      0.4    0.8    -666.000   26.9   0b1111111111111111    20190613T164633312446
 6     240     2.8066      0.3       0.7     0.0018      0.2    0.8    1603.800   26.9   0b1111111111111111    20190613T164633312735
 7     240     2.8215      0.0       0.0     0.0030      0.4    0.8     940.500   26.9   0b1111111111111111    20190613T164633313019
 8     240     2.8365      0.0       0.0     0.0022      0.4    0.8    1309.154   26.9   0b1111111111111111    20190613T164633313313
 9     240     2.8200      0.0       0.0     0.0029      0.4    0.8     966.857   26.9   0b1111111111111111    20190613T164633313649
10     240     2.8268      0.0       0.0     0.0025      0.4    1.7    1130.700   26.9   0b1111111111111111    20190613T164633313937
11     240     2.8231      0.2       0.7     0.0022      0.6    1.7    1302.958   26.9   0b1111111111111111    20190613T164633314248
12     240     2.8193      0.0       0.0     0.0014      0.4    0.8    1990.059   26.9   0b1111111111111111    20190613T164633314531
13     240     2.8148      0.0       0.0    -0.0008      0.4    1.7    -666.000   26.9   0b1111111111111111    20190613T164633314809
14     240     2.8080      0.0       0.0    -0.0003      0.4    0.8    -666.000   26.9   0b1111111111111111    20190613T164633315102
15     240     2.8185      0.0       0.0     0.0002      0.3    0.8   16911.000   26.9   0b1111111111111111    20190613T164633315403
 0     230     2.7615      0.0       0.0     0.0009      0.3    0.8    3012.545   26.9   0b1111111111111111    20190613T164636757004
 1     230     2.7405      0.0       0.0     0.0018      0.2    0.8    1566.000   26.9   0b1111111111111111    20190613T164636757435
 2     230     2.7704      0.2       0.8     0.0008      0.4    1.7    3324.510   26.9   0b1111111111111111    20190613T164636757753
 3     230     2.7458      0.0       0.0     0.0007      0.2    0.8    3661.000   26.9   0b1111111111111111    20190613T164636758047
 4     230     2.7742      0.0       0.0     0.0018      0.3    0.8    1513.227   26.9   0b1111111111111111    20190613T164636758373
 5     230     2.7691      0.3       0.7    -0.0002      0.3    0.8    -666.000   26.9   0b1111111111111111    20190613T164636758516
 6     230     2.7593      0.0       0.0     0.0015      0.3    0.8    1839.500   26.9   0b1111111111111111    20190613T164636758656
 7     230     2.7735      0.0       0.0     0.0025      0.0    0.0    1109.400   26.9   0b1111111111111111    20190613T164636758794
 8     230     2.7885      0.0       0.0     0.0022      0.4    0.8    1287.000   26.9   0b1111111111111111    20190613T164636758931
 9     230     2.7720      0.0       0.0     0.0032      0.3    0.8     875.368   26.9   0b1111111111111111    20190613T164636759067
10     230     2.7787      0.0       0.0     0.0025      0.4    1.7    1111.500   26.9   0b1111111111111111    20190613T164636759203
11     230     2.7750      0.0       0.0     0.0023      0.4    0.8    1233.333   26.9   0b1111111111111111    20190613T164636759378
12     230     2.7713      0.0       0.0     0.0012      0.4    0.8    2375.357   26.9   0b1111111111111111    20190613T164636759515
13     230     2.7669      0.3       0.7    -0.0008      0.0    0.0    -666.000   26.9   0b1111111111111111    20190613T164636759651
14     230     2.7600      0.0       0.0    -0.0004      0.4    0.8    -666.000   26.9   0b1111111111111111    20190613T164636759786
15     230     2.7705      0.0       0.0     0.0003      0.4    0.8    8311.500   26.9   0b1111111111111111    20190613T164636759921
 0     220     2.7128      0.0       0.0     0.0011      0.4    0.8    2504.077   26.9   0b1111111111111111    20190613T164640203511
 1     220     2.6939      0.2       0.7     0.0018      0.2    0.8    1539.386   26.9   0b1111111111111111    20190613T164640203919
 2     220     2.7218      0.0       0.0     0.0007      0.3    0.8    4082.625   26.9   0b1111111111111111    20190613T164640204243
 3     220     2.6977      0.0       0.0     0.0006      0.4    0.8    4624.714   26.9   0b1111111111111111    20190613T164640204542
 4     220     2.7251      0.4       0.8     0.0018      0.3    0.8    1486.432   26.9   0b1111111111111111    20190613T164640204831
 5     220     2.7210      0.0       0.0    -0.0005      0.4    0.8    -666.000   26.9   0b1111111111111111    20190613T164640205116
 6     220     2.7106      0.3       0.7     0.0016      0.3    0.8    1711.989   26.9   0b1111111111111111    20190613T164640205428
 7     220     2.7240      0.0       0.0     0.0025      0.0    0.0    1089.600   26.9   0b1111111111111111    20190613T164640205712
 8     220     2.7383      0.0       0.0     0.0020      0.4    0.8    1369.125   26.9   0b1111111111111111    20190613T164640205993
 9     220     2.7226      0.2       0.8     0.0030      0.4    0.8     907.525   26.9   0b1111111111111111    20190613T164640206342
10     220     2.7292      0.0       0.0     0.0019      0.4    0.8    1423.957   26.9   0b1111111111111111    20190613T164640206629
11     220     2.7256      0.2       0.8     0.0019      0.4    0.8    1422.039   26.9   0b1111111111111111    20190613T164640206912
12     220     2.7210      0.0       0.0     0.0013      0.4    0.8    2176.800   26.9   0b1111111111111111    20190613T164640207192
13     220     2.7180      0.0       0.0    -0.0009      0.3    0.8    -666.000   26.9   0b1111111111111111    20190613T164640207506
14     220     2.7112      0.0       0.0    -0.0003      0.4    0.8    -666.000   26.9   0b1111111111111111    20190613T164640207788
15     220     2.7210      0.0       0.0     0.0000      0.0    0.0    -666.000   26.9   0b1111111111111111    20190613T164640208066
 0     210     2.6640      0.0       0.0     0.0011      0.4    0.8    2459.077   26.9   0b1111111111111111    20190613T164643662313
 1     210     2.6453      0.0       0.0     0.0017      0.0    0.0    1587.150   26.9   0b1111111111111111    20190613T164643662806
 2     210     2.6730      0.0       0.0     0.0005      0.4    0.8    5346.000   26.9   0b1111111111111111    20190613T164643663124
 3     210     2.6498      0.0       0.0     0.0007      0.3    0.8    3974.625   26.9   0b1111111111111111    20190613T164643663487
 4     210     2.6754      0.3       0.7     0.0019      0.4    0.8    1395.861   26.9   0b1111111111111111    20190613T164643663785
 5     210     2.6721      0.3       0.8    -0.0006      0.4    0.8    -666.000   26.9   0b1111111111111111    20190613T164643664072
 6     210     2.6618      0.0       0.0     0.0017      0.0    0.0    1597.050   26.9   0b1111111111111111    20190613T164643664402
 7     210     2.6745      0.0       0.0     0.0026      0.2    0.8    1035.290   26.9   0b1111111111111111    20190613T164643664701
 8     210     2.6885      0.3       0.8     0.0019      0.4    0.8    1402.709   26.9   0b1111111111111111    20190613T164643664985
 9     210     2.6730      0.0       0.0     0.0029      0.4    0.8     916.457   26.9   0b1111111111111111    20190613T164643665276
10     210     2.6797      0.0       0.0     0.0021      0.4    0.8    1286.280   26.9   0b1111111111111111    20190613T164643665601
11     210     2.6760      0.0       0.0     0.0019      0.4    0.8    1396.174   26.9   0b1111111111111111    20190613T164643665885
12     210     2.6715      0.0       0.0     0.0011      0.4    0.8    2466.000   26.9   0b1111111111111111    20190613T164643666164
13     210     2.6684      0.3       0.7    -0.0011      0.4    0.8    -666.000   26.9   0b1111111111111111    20190613T164643666502
14     210     2.6618      0.0       0.0    -0.0006      0.4    0.8    -666.000   26.9   0b1111111111111111    20190613T164643666787
15     210     2.6714      0.2       0.7     0.0000      0.0    0.0    -666.000   26.9   0b1111111111111111    20190613T164643667065
 0     200     2.6146      0.2       0.7     0.0009      0.3    0.8    2852.264   26.9   0b1111111111111111    20190613T164647134192
 1     200     2.5965      0.0       0.0     0.0015      0.3    0.8    1731.000   26.9   0b1111111111111111    20190613T164647134633
 2     200     2.6238      0.4       0.7     0.0004      0.4    0.8    6297.120   26.9   0b1111111111111111    20190613T164647134947
 3     200     2.6010      0.0       0.0     0.0007      0.3    0.8    3901.500   26.9   0b1111111111111111    20190613T164647135265
 4     200     2.6258      0.0       0.0     0.0018      0.2    0.8    1500.429   26.9   0b1111111111111111    20190613T164647135557
 5     200     2.6220      0.0       0.0    -0.0006      0.4    0.8    -666.000   26.9   0b1111111111111111    20190613T164647135841
 6     200     2.6123      0.2       0.8     0.0013      0.4    0.8    2089.860   26.9   0b1111111111111111    20190613T164647136126
 7     200     2.6250      0.0       0.0     0.0025      0.0    0.0    1050.000   26.9   0b1111111111111111    20190613T164647136429
 8     200     2.6385      0.0       0.0     0.0018      0.3    0.8    1439.182   26.9   0b1111111111111111    20190613T164647136711
 9     200     2.6235      0.0       0.0     0.0028      0.4    0.8     954.000   26.9   0b1111111111111111    20190613T164647137038
10     200     2.6303      0.0       0.0     0.0020      0.4    0.8    1315.125   26.9   0b1111111111111111    20190613T164647137343
11     200     2.6265      0.0       0.0     0.0020      0.4    0.8    1313.250   26.9   0b1111111111111111    20190613T164647137626
12     200     2.6213      0.2       0.7     0.0010      0.3    0.8    2621.325   26.9   0b1111111111111111    20190613T164647137915
13     200     2.6183      0.0       0.0    -0.0011      0.4    0.8    -666.000   26.9   0b1111111111111111    20190613T164647138194
14     200     2.6115      0.0       0.0    -0.0007      0.2    0.8    -666.000   26.9   0b1111111111111111    20190613T164647138455
15     200     2.6213      0.0       0.0     0.0001      0.2    0.8   31455.000   26.9   0b1111111111111111    20190613T164647138591
 0     190     2.5678      0.3       0.7     0.0008      0.0    0.0    3081.330   26.9   0b1111111111111111    20190613T164650584488
 1     190     2.5495      0.3       0.8     0.0016      0.3    0.8    1610.195   26.9   0b1111111111111111    20190613T164650584898
 2     190     2.5768      0.3       0.7     0.0004      0.4    0.8    6184.260   26.9   0b1111111111111111    20190613T164650585238
 3     190     2.5538      0.0       0.0     0.0005      0.4    0.8    5107.500   26.9   0b1111111111111111    20190613T164650585539
 4     190     2.5785      0.0       0.0     0.0017      0.0    0.0    1547.100   26.9   0b1111111111111111    20190613T164650585829
 5     190     2.5744      0.4       0.7    -0.0007      0.2    0.8    -666.000   26.9   0b1111111111111111    20190613T164650586116
 6     190     2.5650      0.0       0.0     0.0014      0.4    0.8    1810.588   26.9   0b1111111111111111    20190613T164650586426
 7     190     2.5770      0.0       0.0     0.0025      0.0    0.0    1030.800   26.9   0b1111111111111111    20190613T164650586755
 8     190     2.5898      0.2       0.8     0.0017      0.0    0.0    1553.895   26.9   0b1111111111111111    20190613T164650587048
 9     190     2.5762      0.2       0.8     0.0027      0.3    0.8     966.066   26.9   0b1111111111111111    20190613T164650587352
10     190     2.5830      0.0       0.0     0.0018      0.3    0.8    1408.909   26.9   0b1111111111111111    20190613T164650587634
11     190     2.5785      0.0       0.0     0.0018      0.2    0.8    1473.429   26.9   0b1111111111111111    20190613T164650587914
12     190     2.5740      0.0       0.0     0.0008      0.0    0.0    3088.800   26.9   0b1111111111111111    20190613T164650588194
13     190     2.5710      0.0       0.0    -0.0012      0.4    0.8    -666.000   26.9   0b1111111111111111    20190613T164650588444
14     190     2.5643      0.0       0.0    -0.0006      0.4    0.8    -666.000   26.9   0b1111111111111111    20190613T164650588581
15     190     2.5740      0.0       0.0    -0.0002      0.3    0.8    -666.000   26.9   0b1111111111111111    20190613T164650588716
 0     180     2.5190      0.3       0.8     0.0007      0.2    0.8    3358.700   26.9   0b1111111111111111    20190613T164654035249
 1     180     2.5012      0.0       0.0     0.0011      0.4    0.8    2308.846   26.9   0b1111111111111111    20190613T164654035666
 2     180     2.5275      0.0       0.0     0.0003      0.4    0.8    7582.500   26.9   0b1111111111111111    20190613T164654035987
 3     180     2.5057      0.0       0.0     0.0003      0.4    0.8    7517.250   26.9   0b1111111111111111    20190613T164654036309
 4     180     2.5288      0.3       0.8     0.0017      0.0    0.0    1517.265   26.9   0b1111111111111111    20190613T164654036602
 5     180     2.5253      0.0       0.0    -0.0008      0.0    0.0    -666.000   26.9   0b1111111111111111    20190613T164654036887
 6     180     2.5157      0.3       0.7     0.0011      0.4    0.8    2322.208   26.9   0b1111111111111111    20190613T164654037171
 7     180     2.5275      0.0       0.0     0.0025      0.0    0.0    1011.000   26.9   0b1111111111111111    20190613T164654037478
 8     180     2.5402      0.0       0.0     0.0017      0.0    0.0    1524.150   26.9   0b1111111111111111    20190613T164654037808
 9     180     2.5267      0.0       0.0     0.0027      0.3    0.8     947.531   26.9   0b1111111111111111    20190613T164654038095
10     180     2.5335      0.0       0.0     0.0018      0.3    0.8    1381.909   26.9   0b1111111111111111    20190613T164654038393
11     180     2.5290      0.0       0.0     0.0017      0.0    0.0    1517.400   26.9   0b1111111111111111    20190613T164654038539
12     180     2.5245      0.0       0.0     0.0008      0.0    0.0    3029.400   26.9   0b1111111111111111    20190613T164654038675
13     180     2.5215      0.0       0.0    -0.0012      0.4    0.8    -666.000   26.9   0b1111111111111111    20190613T164654038810
14     180     2.5147      0.0       0.0    -0.0008      0.0    0.0    -666.000   26.9   0b1111111111111111    20190613T164654038946
15     180     2.5245      0.0       0.0    -0.0001      0.2    0.8    -666.000   26.9   0b1111111111111111    20190613T164654039080
 0     170     2.4705      0.0       0.0     0.0006      0.4    0.8    4235.143   26.9   0b1111111111111111    20190613T164657508783
 1     170     2.4533      0.0       0.0     0.0012      0.4    0.8    2102.786   26.9   0b1111111111111111    20190613T164657509310
 2     170     2.4787      0.0       0.0     0.0002      0.3    0.8   14872.500   26.9   0b1111111111111111    20190613T164657509646
 3     170     2.4577      0.2       0.8     0.0004      0.4    0.8    5898.420   26.9   0b1111111111111111    20190613T164657509949
 4     170     2.4794      0.2       0.8     0.0014      0.4    0.8    1750.182   26.9   0b1111111111111111    20190613T164657510306
 5     170     2.4758      0.0       0.0    -0.0008      0.0    0.0    -666.000   26.9   0b1111111111111111    20190613T164657510605
 6     170     2.4668      0.0       0.0     0.0010      0.3    0.8    2466.750   26.9   0b1111111111111111    20190613T164657510897
 7     170     2.4780      0.0       0.0     0.0024      0.2    0.8    1025.379   26.9   0b1111111111111111    20190613T164657511242
 8     170     2.4905      0.3       0.7     0.0017      0.0    0.0    1494.315   26.9   0b1111111111111111    20190613T164657511548
 9     170     2.4773      0.0       0.0     0.0025      0.0    0.0     990.900   26.9   0b1111111111111111    20190613T164657511834
10     170     2.4840      0.0       0.0     0.0017      0.0    0.0    1490.400   26.9   0b1111111111111111    20190613T164657512176
11     170     2.4795      0.0       0.0     0.0017      0.0    0.0    1487.700   26.9   0b1111111111111111    20190613T164657512469
12     170     2.4748      0.3       0.8     0.0008      0.0    0.0    2969.730   26.9   0b1111111111111111    20190613T164657512752
13     170     2.4720      0.0       0.0    -0.0013      0.4    0.8    -666.000   26.9   0b1111111111111111    20190613T164657513032
14     170     2.4653      0.0       0.0    -0.0008      0.0    0.0    -666.000   26.9   0b1111111111111111    20190613T164657513357
15     170     2.4750      0.0       0.0     0.0000      0.0    0.0    -666.000   26.9   0b1111111111111111    20190613T164657513639
 0     160     2.4217      0.0       0.0     0.0007      0.2    0.8    3229.000   26.9   0b1111111111111111    20190613T164700984315
 1     160     2.4046      0.2       0.8     0.0013      0.4    0.8    1803.431   26.9   0b1111111111111111    20190613T164700984710
 2     160     2.4300      0.0       0.0     0.0000      0.0    0.0    -666.000   26.9   0b1111111111111111    20190613T164700985007
 3     160     2.4090      0.0       0.0     0.0002      0.3    0.8   14454.000   26.9   0b1111111111111111    20190613T164700985317
 4     160     2.4300      0.0       0.0     0.0014      0.4    0.8    1715.294   26.9   0b1111111111111111    20190613T164700985605
 5     160     2.4263      0.0       0.0    -0.0008      0.0    0.0    -666.000   26.9   0b1111111111111111    20190613T164700985887
 6     160     2.4180      0.0       0.0     0.0008      0.0    0.0    2901.600   26.9   0b1111111111111111    20190613T164700986170
 7     160     2.4285      0.0       0.0     0.0023      0.3    0.8    1040.786   26.9   0b1111111111111111    20190613T164700986473
 8     160     2.4405      0.0       0.0     0.0017      0.0    0.0    1464.300   26.9   0b1111111111111111    20190613T164700986756
 9     160     2.4277      0.0       0.0     0.0025      0.0    0.0     971.100   26.9   0b1111111111111111    20190613T164700987035
10     160     2.4345      0.0       0.0     0.0017      0.0    0.0    1460.700   26.9   0b1111111111111111    20190613T164700987407
11     160     2.4300      0.0       0.0     0.0015      0.3    0.8    1620.000   26.9   0b1111111111111111    20190613T164700987698
12     160     2.4247      0.0       0.0     0.0008      0.0    0.0    2909.700   26.9   0b1111111111111111    20190613T164700987979
13     160     2.4225      0.0       0.0    -0.0015      0.3    0.8    -666.000   26.9   0b1111111111111111    20190613T164700988321
14     160     2.4157      0.0       0.0    -0.0008      0.0    0.0    -666.000   26.9   0b1111111111111111    20190613T164700988491
15     160     2.4251      0.4       0.8    -0.0005      0.4    0.8    -666.000   26.9   0b1111111111111111    20190613T164700988627
 0     150     2.3745      0.0       0.0     0.0007      0.3    0.8    3561.750   26.9   0b1111111111111111    20190613T164704446836
 1     150     2.3595      0.0       0.0     0.0008      0.0    0.0    2831.400   26.9   0b1111111111111111    20190613T164704447278
 2     150     2.3843      0.0       0.0     0.0000      0.0    0.0    -666.000   26.9   0b1111111111111111    20190613T164704447602
 3     150     2.3633      0.0       0.0     0.0002      0.4    0.8    9453.000   26.9   0b1111111111111111    20190613T164704447903
 4     150     2.3820      0.0       0.0     0.0014      0.4    0.8    1681.412   26.9   0b1111111111111111    20190613T164704448194
 5     150     2.3794      0.4       0.7    -0.0008      0.0    0.0    -666.000   26.9   0b1111111111111111    20190613T164704448439
 6     150     2.3714      0.2       0.8     0.0008      0.0    0.0    2845.710   26.9   0b1111111111111111    20190613T164704448581
 7     150     2.3813      0.0       0.0     0.0019      0.4    0.8    1242.391   26.9   0b1111111111111111    20190613T164704448722
 8     150     2.3933      0.0       0.0     0.0016      0.3    0.8    1511.526   26.9   0b1111111111111111    20190613T164704448860
 9     150     2.3805      0.0       0.0     0.0025      0.0    0.0     952.200   26.9   0b1111111111111111    20190613T164704448999
10     150     2.3872      0.2       0.8     0.0017      0.0    0.0    1432.305   26.9   0b1111111111111111    20190613T164704449138
11     150     2.3826      0.3       0.8     0.0017      0.0    0.0    1429.560   26.9   0b1111111111111111    20190613T164704449307
12     150     2.3775      0.0       0.0     0.0007      0.2    0.8    3170.000   26.9   0b1111111111111111    20190613T164704449454
13     150     2.3739      0.3       0.8    -0.0015      0.3    0.8    -666.000   26.9   0b1111111111111111    20190613T164704449591
14     150     2.3693      0.0       0.0    -0.0010      0.3    0.8    -666.000   26.9   0b1111111111111111    20190613T164704449728
15     150     2.3783      0.0       0.0    -0.0006      0.4    0.8    -666.000   26.9   0b1111111111111111    20190613T164704449865
 0     140     2.3265      0.0       0.0     0.0007      0.3    0.8    3489.750   26.9   0b1111111111111111    20190613T164707893257
 1     140     2.3115      0.0       0.0     0.0008      0.0    0.0    2773.800   26.9   0b1111111111111111    20190613T164707893683
 2     140     2.3363      0.0       0.0     0.0000      0.0    0.0    -666.000   26.9   0b1111111111111111    20190613T164707894003
 3     140     2.3153      0.2       0.8     0.0000      0.0    0.0    -666.000   26.9   0b1111111111111111    20190613T164707894297
 4     140     2.3333      0.0       0.0     0.0013      0.4    0.8    1749.937   26.9   0b1111111111111111    20190613T164707894607
 5     140     2.3302      0.0       0.0    -0.0008      0.0    0.0    -666.000   26.9   0b1111111111111111    20190613T164707894895
 6     140     2.3227      0.0       0.0     0.0008      0.0    0.0    2787.300   26.9   0b1111111111111111    20190613T164707895180
 7     140     2.3325      0.0       0.0     0.0019      0.4    0.8    1216.957   26.9   0b1111111111111111    20190613T164707895479
 8     140     2.3438      0.0       0.0     0.0017      0.0    0.0    1406.250   26.9   0b1111111111111111    20190613T164707895777
 9     140     2.3311      0.2       0.7     0.0023      0.3    0.8     999.032   26.9   0b1111111111111111    20190613T164707896094
10     140     2.3378      0.0       0.0     0.0017      0.0    0.0    1402.650   26.9   0b1111111111111111    20190613T164707896391
11     140     2.3333      0.0       0.0     0.0015      0.3    0.8    1555.500   26.9   0b1111111111111111    20190613T164707896690
12     140     2.3281      0.2       0.8     0.0008      0.0    0.0    2793.690   26.9   0b1111111111111111    20190613T164707896999
13     140     2.3250      0.0       0.0    -0.0017      0.0    0.0    -666.000   26.9   0b1111111111111111    20190613T164707897284
14     140     2.3199      0.3       0.8    -0.0011      0.4    0.8    -666.000   26.9   0b1111111111111111    20190613T164707897590
15     140     2.3287      0.0       0.0    -0.0005      0.4    0.8    -666.000   26.9   0b1111111111111111    20190613T164707897872
 0     130     2.2785      0.0       0.0     0.0003      0.4    0.8    6835.500   26.9   0b1111111111111111    20190613T164711343367
 1     130     2.2643      0.0       0.0     0.0008      0.0    0.0    2717.100   26.9   0b1111111111111111    20190613T164711343760
 2     130     2.2883      0.0       0.0     0.0000      0.0    0.0    -666.000   26.9   0b1111111111111111    20190613T164711344058
 3     130     2.2680      0.0       0.0     0.0000      0.0    0.0    -666.000   26.9   0b1111111111111111    20190613T164711344369
 4     130     2.2845      0.0       0.0     0.0013      0.4    0.8    1713.375   26.9   0b1111111111111111    20190613T164711344657
 5     130     2.2815      0.0       0.0    -0.0008      0.0    0.0    -666.000   26.9   0b1111111111111111    20190613T164711344939
 6     130     2.2740      0.0       0.0     0.0008      0.0    0.0    2728.800   26.9   0b1111111111111111    20190613T164711345242
 7     130     2.2837      0.2       0.7     0.0018      0.3    0.8    1245.641   26.9   0b1111111111111111    20190613T164711345525
 8     130     2.2942      0.0       0.0     0.0014      0.4    0.8    1619.471   26.9   0b1111111111111111    20190613T164711345805
 9     130     2.2823      0.0       0.0     0.0025      0.0    0.0     912.900   26.9   0b1111111111111111    20190613T164711346130
10     130     2.2890      0.0       0.0     0.0016      0.3    0.8    1445.684   26.9   0b1111111111111111    20190613T164711346433
11     130     2.2845      0.0       0.0     0.0015      0.3    0.8    1523.000   26.9   0b1111111111111111    20190613T164711346714
12     130     2.2790      0.3       0.8     0.0006      0.4    0.8    3906.900   26.9   0b1111111111111111    20190613T164711346993
13     130     2.2763      0.0       0.0    -0.0017      0.0    0.0    -666.000   26.9   0b1111111111111111    20190613T164711347296
14     130     2.2710      0.0       0.0    -0.0008      0.0    0.0    -666.000   26.9   0b1111111111111111    20190613T164711347578
15     130     2.2798      0.3       0.8    -0.0008      0.0    0.0    -666.000   26.9   0b1111111111111111    20190613T164711347855
 0     120     2.2300      0.3       0.8     0.0002      0.3    0.8   13379.850   26.9   0b1111111111111111    20190613T164714798428
 1     120     2.2170      0.0       0.0     0.0008      0.0    0.0    2660.400   26.9   0b1111111111111111    20190613T164714798832
 2     120     2.2395      0.0       0.0     0.0000      0.0    0.0    -666.000   26.9   0b1111111111111111    20190613T164714799146
 3     120     2.2192      0.0       0.0     0.0000      0.0    0.0    -666.000   26.9   0b1111111111111111    20190613T164714799466
 4     120     2.2350      0.0       0.0     0.0009      0.3    0.8    2438.182   26.9   0b1111111111111111    20190613T164714799757
 5     120     2.2327      0.0       0.0    -0.0010      0.3    0.8    -666.000   26.9   0b1111111111111111    20190613T164714800042
 6     120     2.2252      0.0       0.0     0.0008      0.0    0.0    2670.300   26.9   0b1111111111111111    20190613T164714800348
 7     120     2.2350      0.0       0.0     0.0019      0.4    0.8    1166.087   26.9   0b1111111111111111    20190613T164714800645
 8     120     2.2455      0.0       0.0     0.0013      0.4    0.8    1684.125   26.9   0b1111111111111111    20190613T164714800999
 9     120     2.2341      0.3       0.8     0.0023      0.3    0.8     957.471   26.9   0b1111111111111111    20190613T164714801310
10     120     2.2403      0.0       0.0     0.0016      0.3    0.8    1414.895   26.9   0b1111111111111111    20190613T164714801594
11     120     2.2359      0.3       0.8     0.0013      0.4    0.8    1676.925   26.9   0b1111111111111111    20190613T164714801874
12     120     2.2297      0.0       0.0     0.0003      0.4    0.8    6689.250   26.9   0b1111111111111111    20190613T164714802168
13     120     2.2275      0.0       0.0    -0.0016      0.3    0.8    -666.000   26.9   0b1111111111111111    20190613T164714802469
14     120     2.2222      0.0       0.0    -0.0010      0.3    0.8    -666.000   26.9   0b1111111111111111    20190613T164714802748
15     120     2.2303      0.3       0.8    -0.0007      0.2    0.8    -666.000   26.9   0b1111111111111111    20190613T164714803027
 0     110     2.1840      0.0       0.0     0.0001      0.2    0.8   26208.000   26.9   0b1111111111111111    20190613T164718255539
 1     110     2.1713      0.0       0.0     0.0008      0.0    0.0    2605.500   26.9   0b1111111111111111    20190613T164718255941
 2     110     2.1938      0.0       0.0    -0.0001      0.2    0.8    -666.000   26.9   0b1111111111111111    20190613T164718256294
 3     110     2.1740      0.4       0.8     0.0000      0.0    0.0    -666.000   26.9   0b1111111111111111    20190613T164718256597
 4     110     2.1885      0.0       0.0     0.0010      0.3    0.8    2188.500   26.9   0b1111111111111111    20190613T164718256887
 5     110     2.1863      0.0       0.0    -0.0011      0.4    0.8    -666.000   26.9   0b1111111111111111    20190613T164718257173
 6     110     2.1795      0.0       0.0     0.0007      0.2    0.8    2906.000   26.9   0b1111111111111111    20190613T164718257483
 7     110     2.1879      0.3       0.7     0.0017      0.0    0.0    1312.740   26.9   0b1111111111111111    20190613T164718257766
 8     110     2.1990      0.0       0.0     0.0011      0.4    0.8    2029.846   26.9   0b1111111111111111    20190613T164718258047
 9     110     2.1870      0.0       0.0     0.0023      0.3    0.8     937.286   26.9   0b1111111111111111    20190613T164718258358
10     110     2.1933      0.4       0.8     0.0012      0.4    0.8    1879.971   26.9   0b1111111111111111    20190613T164718258507
11     110     2.1893      0.0       0.0     0.0013      0.4    0.8    1641.937   26.9   0b1111111111111111    20190613T164718258671
12     110     2.1833      0.0       0.0     0.0003      0.4    0.8    6549.750   26.9   0b1111111111111111    20190613T164718258816
13     110     2.1803      0.2       0.8    -0.0017      0.0    0.0    -666.000   26.9   0b1111111111111111    20190613T164718258952
14     110     2.1750      0.0       0.0    -0.0012      0.4    0.8    -666.000   26.9   0b1111111111111111    20190613T164718259088
15     110     2.1833      0.0       0.0    -0.0008      0.0    0.0    -666.000   26.9   0b1111111111111111    20190613T164718259237
 0     100     2.1360      0.0       0.0     0.0000      0.0    0.0    -666.000   26.9   0b1111111111111111    20190613T164721710346
 1     100     2.1232      0.0       0.0     0.0007      0.2    0.8    2831.000   26.9   0b1111111111111111    20190613T164721710747
 2     100     2.1450      0.0       0.0    -0.0002      0.4    0.8    -666.000   26.9   0b1111111111111111    20190613T164721711060
 3     100     2.1255      0.0       0.0     0.0000      0.0    0.0    -666.000   26.9   0b1111111111111111    20190613T164721711380
 4     100     2.1391      0.2       0.8     0.0008      0.0    0.0    2566.890   26.9   0b1111111111111111    20190613T164721711671
 5     100     2.1375      0.0       0.0    -0.0011      0.4    0.8    -666.000   26.9   0b1111111111111111    20190613T164721711995
 6     100     2.1302      0.3       0.8     0.0007      0.2    0.8    2840.300   26.9   0b1111111111111111    20190613T164721712326
 7     100     2.1390      0.0       0.0     0.0017      0.0    0.0    1283.400   26.9   0b1111111111111111    20190613T164721712668
 8     100     2.1494      0.2       0.8     0.0012      0.4    0.8    1842.364   26.9   0b1111111111111111    20190613T164721712958
 9     100     2.1382      0.0       0.0     0.0021      0.4    0.8    1026.360   26.9   0b1111111111111111    20190613T164721713263
10     100     2.1442      0.0       0.0     0.0013      0.4    0.8    1608.187   26.9   0b1111111111111111    20190613T164721713545
11     100     2.1397      0.0       0.0     0.0011      0.4    0.8    1975.154   26.9   0b1111111111111111    20190613T164721713825
12     100     2.1337      0.0       0.0     0.0001      0.2    0.8   25605.000   26.9   0b1111111111111111    20190613T164721714106
13     100     2.1308      0.2       0.8    -0.0017      0.0    0.0    -666.000   26.9   0b1111111111111111    20190613T164721714407
14     100     2.1255      0.0       0.0    -0.0014      0.4    0.8    -666.000   26.9   0b1111111111111111    20190613T164721714745
15     100     2.1337      0.0       0.0    -0.0008      0.0    0.0    -666.000   26.9   0b1111111111111111    20190613T164721715031
 0      90     2.0873      0.0       0.0     0.0000      0.0    0.0    -666.000   26.9   0b1111111111111111    20190613T164725157982
 1      90     2.0753      0.0       0.0     0.0008      0.0    0.0    2490.300   26.9   0b1111111111111111    20190613T164725158407
 2      90     2.0970      0.0       0.0    -0.0002      0.4    0.8    -666.000   26.9   0b1111111111111111    20190613T164725158724
 3      90     2.0783      0.0       0.0     0.0000      0.0    0.0    -666.000   26.9   0b1111111111111111    20190613T164725159021
 4      90     2.0903      0.0       0.0     0.0008      0.0    0.0    2508.300   26.9   0b1111111111111111    20190613T164725159334
 5      90     2.0880      0.0       0.0    -0.0012      0.4    0.8    -666.000   26.9   0b1111111111111111    20190613T164725159623
 6      90     2.0813      0.0       0.0     0.0004      0.4    0.8    4995.000   26.9   0b1111111111111111    20190613T164725159909
 7      90     2.0895      0.0       0.0     0.0017      0.0    0.0    1253.700   26.9   0b1111111111111111    20190613T164725160191
 8      90     2.0993      0.0       0.0     0.0008      0.0    0.0    2519.100   26.9   0b1111111111111111    20190613T164725160536
 9      90     2.0873      0.0       0.0     0.0018      0.3    0.8    1138.500   26.9   0b1111111111111111    20190613T164725160821
10      90     2.0940      0.0       0.0     0.0008      0.0    0.0    2512.800   26.9   0b1111111111111111    20190613T164725161102
11      90     2.0903      0.0       0.0     0.0009      0.3    0.8    2280.273   26.9   0b1111111111111111    20190613T164725161405
12      90     2.0835      0.0       0.0     0.0000      0.0    0.0    -666.000   26.9   0b1111111111111111    20190613T164725161687
13      90     2.0813      0.0       0.0    -0.0017      0.0    0.0    -666.000   26.9   0b1111111111111111    20190613T164725162002
14      90     2.0760      0.0       0.0    -0.0014      0.4    0.8    -666.000   26.9   0b1111111111111111    20190613T164725162314
15      90     2.0835      0.0       0.0    -0.0007      0.2    0.8    -666.000   26.9   0b1111111111111111    20190613T164725162596
 0      80     2.0370      0.0       0.0     0.0000      0.0    0.0    -666.000   26.9   0b1111111111111111    20190613T164728615942
 1      80     2.0242      0.0       0.0     0.0007      0.2    0.8    2699.000   26.9   0b1111111111111111    20190613T164728616397
 2      80     2.0467      0.0       0.0    -0.0005      0.4    0.8    -666.000   26.9   0b1111111111111111    20190613T164728616719
 3      80     2.0280      0.0       0.0    -0.0001      0.2    0.8    -666.000   26.9   0b1111111111111111    20190613T164728617018
 4      80     2.0392      0.0       0.0     0.0007      0.3    0.8    3058.875   26.9   0b1111111111111111    20190613T164728617334
 5      80     2.0377      0.0       0.0    -0.0017      0.0    0.0    -666.000   26.9   0b1111111111111111    20190613T164728617640
 6      80     2.0310      0.0       0.0     0.0003      0.4    0.8    6093.000   26.9   0b1111111111111111    20190613T164728617926
 7      80     2.0385      0.0       0.0     0.0015      0.3    0.8    1359.000   26.9   0b1111111111111111    20190613T164728618258
 8      80     2.0482      0.0       0.0     0.0008      0.0    0.0    2457.900   26.9   0b1111111111111111    20190613T164728618484
 9      80     2.0362      0.0       0.0     0.0018      0.2    0.8    1163.571   26.9   0b1111111111111111    20190613T164728618642
10      80     2.0437      0.0       0.0     0.0010      0.3    0.8    2043.750   26.9   0b1111111111111111    20190613T164728618780
11      80     2.0392      0.2       0.8     0.0008      0.0    0.0    2447.010   26.9   0b1111111111111111    20190613T164728618916
12      80     2.0325      0.0       0.0     0.0000      0.0    0.0    -666.000   26.9   0b1111111111111111    20190613T164728619051
13      80     2.0302      0.0       0.0    -0.0017      0.0    0.0    -666.000   26.9   0b1111111111111111    20190613T164728619187
14      80     2.0250      0.0       0.0    -0.0017      0.0    0.0    -666.000   26.9   0b1111111111111111    20190613T164728619336
15      80     2.0317      0.0       0.0    -0.0009      0.3    0.8    -666.000   26.9   0b1111111111111111    20190613T164728619471
 0      70     1.9860      0.0       0.0    -0.0001      0.2    0.8    -666.000   26.9   0b1111111111111111    20190613T164732077845
 1      70     1.9748      0.0       0.0     0.0002      0.4    0.8    7899.000   26.9   0b1111111111111111    20190613T164732078344
 2      70     1.9965      0.0       0.0    -0.0004      0.4    0.8    -666.000   26.9   0b1111111111111111    20190613T164732078672
 3      70     1.9777      0.0       0.0    -0.0002      0.3    0.8    -666.000   26.9   0b1111111111111111    20190613T164732078971
 4      70     1.9884      0.3       0.8     0.0007      0.2    0.8    2651.200   26.9   0b1111111111111111    20190613T164732079314
 5      70     1.9868      0.0       0.0    -0.0017      0.0    0.0    -666.000   26.9   0b1111111111111111    20190613T164732079608
 6      70     1.9800      0.0       0.0     0.0002      0.3    0.8   11880.000   26.9   0b1111111111111111    20190613T164732079897
 7      70     1.9875      0.0       0.0     0.0014      0.4    0.8    1402.941   26.9   0b1111111111111111    20190613T164732080242
 8      70     1.9965      0.0       0.0     0.0009      0.3    0.8    2178.000   26.9   0b1111111111111111    20190613T164732080531
 9      70     1.9853      0.0       0.0     0.0017      0.0    0.0    1191.150   26.9   0b1111111111111111    20190613T164732080815
10      70     1.9920      0.0       0.0     0.0008      0.0    0.0    2390.400   26.9   0b1111111111111111    20190613T164732081133
11      70     1.9875      0.0       0.0     0.0008      0.0    0.0    2385.000   26.9   0b1111111111111111    20190613T164732081454
12      70     1.9815      0.0       0.0     0.0000      0.0    0.0    -666.000   26.9   0b1111111111111111    20190613T164732081737
13      70     1.9788      0.4       0.8    -0.0021      0.4    0.8    -666.000   26.9   0b1111111111111111    20190613T164732082018
14      70     1.9733      0.0       0.0    -0.0017      0.0    0.0    -666.000   26.9   0b1111111111111111    20190613T164732082348
15      70     1.9808      0.2       0.8    -0.0008      0.0    0.0    -666.000   26.9   0b1111111111111111    20190613T164732082630
 0      60     1.9350      0.0       0.0    -0.0002      0.3    0.8    -666.000   26.9   0b1111111111111111    20190613T164735542498
 1      60     1.9233      0.4       0.8     0.0002      0.4    0.8    7693.200   26.9   0b1111111111111111    20190613T164735542903
 2      60     1.9440      0.0       0.0    -0.0007      0.3    0.8    -666.000   26.9   0b1111111111111111    20190613T164735543204
 3      60     1.9260      0.0       0.0    -0.0003      0.4    0.8    -666.000   26.9   0b1111111111111111    20190613T164735543520
 4      60     1.9364      0.2       0.8     0.0006      0.4    0.8    3319.586   26.9   0b1111111111111111    20190613T164735543824
 5      60     1.9335      0.0       0.0    -0.0017      0.0    0.0    -666.000   26.9   0b1111111111111111    20190613T164735544110
 6      60     1.9290      0.0       0.0     0.0001      0.2    0.8   23148.000   26.9   0b1111111111111111    20190613T164735544419
 7      60     1.9358      0.0       0.0     0.0013      0.4    0.8    1548.600   26.9   0b1111111111111111    20190613T164735544702
 8      60     1.9440      0.0       0.0     0.0008      0.0    0.0    2332.800   26.9   0b1111111111111111    20190613T164735545041
 9      60     1.9335      0.0       0.0     0.0018      0.2    0.8    1104.857   26.9   0b1111111111111111    20190613T164735545353
10      60     1.9403      0.0       0.0     0.0008      0.0    0.0    2328.300   26.9   0b1111111111111111    20190613T164735545637
11      60     1.9358      0.0       0.0     0.0008      0.0    0.0    2322.900   26.9   0b1111111111111111    20190613T164735545917
12      60     1.9290      0.0       0.0     0.0000      0.0    0.0    -666.000   26.9   0b1111111111111111    20190613T164735546196
13      60     1.9268      0.2       0.7    -0.0018      0.3    0.8    -666.000   26.9   0b1111111111111111    20190613T164735546496
14      60     1.9222      0.2       0.8    -0.0017      0.0    0.0    -666.000   26.9   0b1111111111111111    20190613T164735546776
15      60     1.9290      0.0       0.0    -0.0010      0.3    0.8    -666.000   26.9   0b1111111111111111    20190613T164735547053
 0      50     1.8832      0.0       0.0     0.0000      0.0    0.0    -666.000   26.9   0b1111111111111111    20190613T164738999467
 1      50     1.8720      0.0       0.0     0.0000      0.0    0.0    -666.000   26.9   0b1111111111111111    20190613T164738999871
 2      50     1.8923      0.0       0.0    -0.0008      0.0    0.0    -666.000   26.9   0b1111111111111111    20190613T164739000172
 3      50     1.8750      0.0       0.0    -0.0005      0.4    0.8    -666.000   26.9   0b1111111111111111    20190613T164739000492
 4      50     1.8840      0.0       0.0     0.0007      0.3    0.8    2826.000   26.9   0b1111111111111111    20190613T164739000781
 5      50     1.8814      0.4       0.7    -0.0017      0.0    0.0    -666.000   26.9   0b1111111111111111    20190613T164739001065
 6      50     1.8773      0.0       0.0     0.0001      0.2    0.8   22527.000   26.9   0b1111111111111111    20190613T164739001372
 7      50     1.8840      0.0       0.0     0.0011      0.4    0.8    1739.077   26.9   0b1111111111111111    20190613T164739001657
 8      50     1.8922      0.2       0.8     0.0008      0.0    0.0    2270.610   26.9   0b1111111111111111    20190613T164739002047
 9      50     1.8817      0.0       0.0     0.0017      0.0    0.0    1129.050   26.9   0b1111111111111111    20190613T164739002258
10      50     1.8880      0.3       0.7     0.0008      0.0    0.0    2265.570   26.9   0b1111111111111111    20190613T164739002543
11      50     1.8832      0.0       0.0     0.0008      0.0    0.0    2259.900   26.9   0b1111111111111111    20190613T164739002825
12      50     1.8773      0.0       0.0    -0.0002      0.3    0.8    -666.000   26.9   0b1111111111111111    20190613T164739003104
13      50     1.8750      0.0       0.0    -0.0020      0.4    0.8    -666.000   26.9   0b1111111111111111    20190613T164739003407
14      50     1.8701      0.4       0.8    -0.0017      0.0    0.0    -666.000   26.9   0b1111111111111111    20190613T164739003688
15      50     1.8773      0.0       0.0    -0.0012      0.4    0.8    -666.000   26.9   0b1111111111111111    20190613T164739003966
 0      40     1.8315      0.0       0.0    -0.0005      0.4    0.8    -666.000   26.9   0b1111111111111111    20190613T164742457876
 1      40     1.8203      0.0       0.0     0.0001      0.2    0.8   21843.000   26.9   0b1111111111111111    20190613T164742458303
 2      40     1.8397      0.0       0.0    -0.0008      0.0    0.0    -666.000   26.9   0b1111111111111111    20190613T164742458633
 3      40     1.8236      0.4       0.8    -0.0006      0.4    0.8    -666.000   26.9   0b1111111111111111    20190613T164742458930
 4      40     1.8315      0.0       0.0     0.0002      0.4    0.8    7326.000   26.9   0b1111111111111111    20190613T164742459239
 5      40     1.8293      0.0       0.0    -0.0017      0.0    0.0    -666.000   26.9   0b1111111111111111    20190613T164742459527
 6      40     1.8255      0.0       0.0     0.0000      0.0    0.0    -666.000   26.9   0b1111111111111111    20190613T164742459810
 7      40     1.8315      0.0       0.0     0.0011      0.4    0.8    1690.615   26.9   0b1111111111111111    20190613T164742460091
 8      40     1.8392      0.3       0.8     0.0007      0.2    0.8    2452.200   26.9   0b1111111111111111    20190613T164742460390
 9      40     1.8293      0.0       0.0     0.0017      0.0    0.0    1097.550   26.9   0b1111111111111111    20190613T164742460714
10      40     1.8360      0.0       0.0     0.0007      0.3    0.8    2754.000   26.9   0b1111111111111111    20190613T164742461007
11      40     1.8314      0.2       0.8     0.0008      0.0    0.0    2197.710   26.9   0b1111111111111111    20190613T164742461313
12      40     1.8248      0.0       0.0    -0.0002      0.4    0.8    -666.000   26.9   0b1111111111111111    20190613T164742461594
13      40     1.8233      0.0       0.0    -0.0023      0.3    0.8    -666.000   26.9   0b1111111111111111    20190613T164742461871
14      40     1.8180      0.0       0.0    -0.0017      0.0    0.0    -666.000   26.9   0b1111111111111111    20190613T164742462187
15      40     1.8248      0.0       0.0    -0.0013      0.4    0.8    -666.000   26.9   0b1111111111111111    20190613T164742462492
 0      30     1.7805      0.0       0.0    -0.0007      0.3    0.8    -666.000   26.8   0b1111111111111111    20190613T164745932623
 1      30     1.7721      0.3       0.8     0.0000      0.0    0.0    -666.000   26.8   0b1111111111111111    20190613T164745933035
 2      30     1.7902      0.0       0.0    -0.0008      0.0    0.0    -666.000   26.8   0b1111111111111111    20190613T164745933392
 3      30     1.7738      0.0       0.0    -0.0005      0.4    0.8    -666.000   26.8   0b1111111111111111    20190613T164745933732
 4      30     1.7805      0.0       0.0     0.0000      0.0    0.0    -666.000   26.8   0b1111111111111111    20190613T164745934024
 5      30     1.7789      0.2       0.8    -0.0017      0.2    0.8    -666.000   26.8   0b1111111111111111    20190613T164745934309
 6      30     1.7740      0.3       0.8     0.0000      0.0    0.0    -666.000   26.8   0b1111111111111111    20190613T164745934665
 7      30     1.7805      0.0       0.0     0.0009      0.3    0.8    1942.364   26.8   0b1111111111111111    20190613T164745934952
 8      30     1.7873      0.2       0.7     0.0007      0.3    0.8    2680.988   26.8   0b1111111111111111    20190613T164745935236
 9      30     1.7784      0.3       0.8     0.0017      0.0    0.0    1067.040   26.8   0b1111111111111111    20190613T164745935567
10      30     1.7850      0.0       0.0     0.0005      0.4    0.8    3570.000   26.8   0b1111111111111111    20190613T164745935854
11      30     1.7805      0.0       0.0     0.0007      0.2    0.8    2374.000   26.8   0b1111111111111111    20190613T164745936136
12      30     1.7738      0.0       0.0    -0.0003      0.4    0.8    -666.000   26.8   0b1111111111111111    20190613T164745936475
13      30     1.7723      0.0       0.0    -0.0021      0.4    0.8    -666.000   26.8   0b1111111111111111    20190613T164745936761
14      30     1.7670      0.0       0.0    -0.0017      0.2    0.8    -666.000   26.8   0b1111111111111111    20190613T164745937040
15      30     1.7745      0.0       0.0    -0.0013      0.4    0.8    -666.000   26.8   0b1111111111111111    20190613T164745937319
 0      20     1.7298      0.4       0.8    -0.0005      0.4    0.8    -666.000   26.9   0b1111111111111111    20190613T164749389019
 1      20     1.7219      0.2       0.8     0.0000      0.0    0.0    -666.000   26.9   0b1111111111111111    20190613T164749389475
 2      20     1.7393      0.0       0.0    -0.0008      0.0    0.0    -666.000   26.9   0b1111111111111111    20190613T164749389790
 3      20     1.7235      0.0       0.0    -0.0008      0.0    0.0    -666.000   26.9   0b1111111111111111    20190613T164749390081
 4      20     1.7295      0.0       0.0     0.0001      0.2    0.8   20754.000   26.9   0b1111111111111111    20190613T164749390389
 5      20     1.7279      0.2       0.8    -0.0017      0.2    0.8    -666.000   26.9   0b1111111111111111    20190613T164749390677
 6      20     1.7235      0.0       0.0     0.0000      0.0    0.0    -666.000   26.9   0b1111111111111111    20190613T164749390959
 7      20     1.7295      0.0       0.0     0.0008      0.0    0.0    2075.400   26.9   0b1111111111111111    20190613T164749391264
 8      20     1.7363      0.0       0.0     0.0005      0.4    0.8    3472.500   26.9   0b1111111111111111    20190613T164749391601
 9      20     1.7273      0.0       0.0     0.0017      0.0    0.0    1036.350   26.9   0b1111111111111111    20190613T164749391884
10      20     1.7340      0.0       0.0     0.0004      0.4    0.8    4161.600   26.9   0b1111111111111111    20190613T164749392200
11      20     1.7295      0.0       0.0     0.0006      0.4    0.8    2964.857   26.9   0b1111111111111111    20190613T164749392504
12      20     1.7228      0.0       0.0    -0.0006      0.4    0.8    -666.000   26.9   0b1111111111111111    20190613T164749392784
13      20     1.7212      0.0       0.0    -0.0024      0.2    0.8    -666.000   26.9   0b1111111111111111    20190613T164749393063
14      20     1.7160      0.0       0.0    -0.0018      0.3    0.8    -666.000   26.9   0b1111111111111111    20190613T164749393365
15      20     1.7231      0.4       0.8    -0.0017      0.0    0.0    -666.000   26.9   0b1111111111111111    20190613T164749393645
 0      10     1.6793      0.0       0.0    -0.0007      0.2    0.8    -666.000   26.8   0b1111111111111111    20190613T164752876957
 1      10     1.6717      0.0       0.0    -0.0001      0.2    0.8    -666.000   26.8   0b1111111111111111    20190613T164752877431
 2      10     1.6890      0.0       0.0    -0.0009      0.3    0.8    -666.000   26.8   0b1111111111111111    20190613T164752877755
 3      10     1.6732      0.0       0.0    -0.0008      0.0    0.0    -666.000   26.8   0b1111111111111111    20190613T164752878056
 4      10     1.6784      0.3       0.8     0.0001      0.2    0.8   20140.200   26.8   0b1111111111111111    20190613T164752878328
 5      10     1.6764      0.3       0.7    -0.0018      0.3    0.8    -666.000   26.8   0b1111111111111111    20190613T164752878473
 6      10     1.6725      0.0       0.0     0.0000      0.0    0.0    -666.000   26.8   0b1111111111111111    20190613T164752878614
 7      10     1.6785      0.0       0.0     0.0008      0.0    0.0    2014.200   26.8   0b1111111111111111    20190613T164752878754
 8      10     1.6845      0.0       0.0     0.0002      0.4    0.8    6738.000   26.8   0b1111111111111111    20190613T164752878893
 9      10     1.6763      0.0       0.0     0.0017      0.0    0.0    1005.750   26.8   0b1111111111111111    20190613T164752879032
10      10     1.6823      0.2       0.8     0.0002      0.4    0.8    6729.300   26.8   0b1111111111111111    20190613T164752879194
11      10     1.6784      0.2       0.8     0.0002      0.3    0.8   10070.550   26.8   0b1111111111111111    20190613T164752879336
12      10     1.6715      0.3       0.8    -0.0007      0.2    0.8    -666.000   26.8   0b1111111111111111    20190613T164752879472
13      10     1.6702      0.0       0.0    -0.0024      0.2    0.8    -666.000   26.8   0b1111111111111111    20190613T164752879607
14      10     1.6646      0.4       0.7    -0.0022      0.4    0.8    -666.000   26.8   0b1111111111111111    20190613T164752879743
15      10     1.6719      0.3       0.8    -0.0016      0.3    0.8    -666.000   26.8   0b1111111111111111    20190613T164752879878
 0       0     1.6290      0.0       0.0    -0.0007      0.3    0.8    -666.000   26.8   0b1111111111111111    20190613T164756372047
 1       0     1.6215      0.0       0.0    -0.0001      0.2    0.8    -666.000   26.8   0b1111111111111111    20190613T164756372552
 2       0     1.6380      0.0       0.0    -0.0008      0.0    0.0    -666.000   26.8   0b1111111111111111    20190613T164756372874
 3       0     1.6230      0.0       0.0    -0.0007      0.2    0.8    -666.000   26.8   0b1111111111111111    20190613T164756373234
 4       0     1.6267      0.0       0.0     0.0000      0.0    0.0    -666.000   26.8   0b1111111111111111    20190613T164756373534
 5       0     1.6252      0.0       0.0    -0.0020      0.4    0.8    -666.000   26.8   0b1111111111111111    20190613T164756373822
 6       0     1.6216      0.3       0.8    -0.0005      0.4    0.8    -666.000   26.8   0b1111111111111111    20190613T164756374152
 7       0     1.6268      0.2       0.7     0.0007      0.2    0.8    2169.100   26.8   0b1111111111111111    20190613T164756374450
 8       0     1.6328      0.0       0.0     0.0002      0.3    0.8    9796.500   26.8   0b1111111111111111    20190613T164756374735
 9       0     1.6252      0.0       0.0     0.0013      0.4    0.8    1218.937   26.8   0b1111111111111111    20190613T164756375018
10       0     1.6313      0.0       0.0     0.0001      0.2    0.8   19575.000   26.8   0b1111111111111111    20190613T164756375346
11       0     1.6267      0.0       0.0     0.0003      0.4    0.8    4880.250   26.8   0b1111111111111111    20190613T164756375630
12       0     1.6199      0.2       0.8    -0.0007      0.2    0.8    -666.000   26.8   0b1111111111111111    20190613T164756375909
13       0     1.6189      0.4       0.7    -0.0025      0.0    0.0    -666.000   26.8   0b1111111111111111    20190613T164756376248
14       0     1.6133      0.2       0.8    -0.0023      0.3    0.8    -666.000   26.8   0b1111111111111111    20190613T164756376535
15       0     1.6207      0.0       0.0    -0.0017      0.0    0.0    -666.000   26.8   0b1111111111111111    20190613T164756376813
