CH# Vset[DAC]   V[V]    dVRMS[mV] dVpp[mV]    I[A]  dIRMS[mA] dIpp[mA]   R[ohm]   T[C]   State                Timestamp
 0     250     2.8442      0.3       0.7     0.0006      0.4    0.8    4875.686   32.5   0b1111111111111111    20190611T183341333094
 1     250     2.8470      0.0       0.0     0.0006      0.4    0.8    4880.571   32.5   0b1111111111111111    20190611T183341333609
 2     250     2.8463      0.0       0.0     0.0023      0.3    0.8    1219.821   32.5   0b1111111111111111    20190611T183341333939
 3     250     2.8598      0.0       0.0     0.0019      0.4    0.8    1492.043   32.5   0b1111111111111111    20190611T183341334300
 4     250     2.8355      0.4       0.8     0.0020      0.4    0.8    1417.725   32.5   0b1111111111111111    20190611T183341334613
 5     250     2.8373      0.0       0.0     0.0027      0.3    0.8    1063.969   32.5   0b1111111111111111    20190611T183341334909
 6     250     2.8223      0.0       0.0     0.0021      0.4    0.8    1354.680   32.5   0b1111111111111111    20190611T183341335351
 7     250     2.8440      0.0       0.0     0.0025      0.0    0.0    1137.600   32.5   0b1111111111111111    20190611T183341335654
 8     250     2.8725      0.0       0.0     0.0041      0.2    0.8     703.469   32.5   0b1111111111111111    20190611T183341335999
 9     250     2.8785      0.0       0.0     0.0013      0.4    0.8    2302.800   32.5   0b1111111111111111    20190611T183341336379
10     250     2.8687      0.2       0.8     0.0033      0.4    1.7     882.669   32.5   0b1111111111111111    20190611T183341336672
11     250     2.8710      0.0       0.0     0.0024      0.4    1.7    1188.000   32.5   0b1111111111111111    20190611T183341336956
12     250     2.8687      0.0       0.0     0.0026      0.4    1.7    1110.484   32.5   0b1111111111111111    20190611T183341337292
13     250     2.8721      0.4       0.8     0.0026      0.2    0.8    1111.790   32.5   0b1111111111111111    20190611T183341337583
14     250     2.8602      0.4       0.7     0.0037      0.4    0.8     762.720   32.5   0b1111111111111111    20190611T183341337864
15     250     2.8830      0.0       0.0     0.0008      0.5    1.7    3459.600   32.5   0b1111111111111111    20190611T183341338372
 0     240     2.7953      0.2       0.8     0.0003      0.4    0.8    8385.975   32.4   0b1111111111111111    20190611T183344795080
 1     240     2.7982      0.0       0.0     0.0005      0.4    0.8    5596.500   32.4   0b1111111111111111    20190611T183344795510
 2     240     2.7979      0.4       0.8     0.0023      0.3    0.8    1199.089   32.4   0b1111111111111111    20190611T183344795827
 3     240     2.8110      0.0       0.0     0.0019      0.4    0.8    1466.609   32.4   0b1111111111111111    20190611T183344796121
 4     240     2.7870      0.0       0.0     0.0018      0.3    0.8    1520.182   32.4   0b1111111111111111    20190611T183344796432
 5     240     2.7886      0.2       0.8     0.0025      0.0    0.0    1115.430   32.4   0b1111111111111111    20190611T183344796720
 6     240     2.7742      0.0       0.0     0.0018      0.3    0.8    1513.227   32.4   0b1111111111111111    20190611T183344797005
 7     240     2.7952      0.0       0.0     0.0027      0.3    0.8    1048.219   32.4   0b1111111111111111    20190611T183344797310
 8     240     2.8233      0.4       0.7     0.0041      0.4    1.7     691.420   32.4   0b1111111111111111    20190611T183344797596
 9     240     2.8290      0.0       0.0     0.0013      0.4    0.8    2121.750   32.4   0b1111111111111111    20190611T183344797931
10     240     2.8193      0.0       0.0     0.0033      0.0    0.0     845.775   32.4   0b1111111111111111    20190611T183344798258
11     240     2.8215      0.0       0.0     0.0024      0.4    1.7    1167.517   32.4   0b1111111111111111    20190611T183344798524
12     240     2.8193      0.0       0.0     0.0027      0.3    0.8    1057.219   32.4   0b1111111111111111    20190611T183344798684
13     240     2.8226      0.4       0.7     0.0024      0.2    0.8    1167.983   32.4   0b1111111111111111    20190611T183344798823
14     240     2.8110      0.0       0.0     0.0037      0.4    0.8     749.600   32.4   0b1111111111111111    20190611T183344798966
15     240     2.8335      0.0       0.0     0.0008      0.0    0.0    3400.200   32.4   0b1111111111111111    20190611T183344799103
 0     230     2.7480      0.0       0.0     0.0002      0.4    0.8   10992.000   32.4   0b1111111111111111    20190611T183348243856
 1     230     2.7517      0.2       0.8     0.0001      0.2    0.8   33020.100   32.4   0b1111111111111111    20190611T183348244295
 2     230     2.7510      0.0       0.0     0.0021      0.4    0.8    1320.480   32.4   0b1111111111111111    20190611T183348244634
 3     230     2.7638      0.0       0.0     0.0020      0.4    0.8    1381.875   32.4   0b1111111111111111    20190611T183348244931
 4     230     2.7404      0.2       0.8     0.0020      0.4    0.8    1370.212   32.4   0b1111111111111111    20190611T183348245281
 5     230     2.7420      0.0       0.0     0.0025      0.0    0.0    1096.800   32.4   0b1111111111111111    20190611T183348245580
 6     230     2.7275      0.4       0.7     0.0018      0.2    0.8    1558.543   32.4   0b1111111111111111    20190611T183348245868
 7     230     2.7480      0.0       0.0     0.0025      0.0    0.0    1099.200   32.4   0b1111111111111111    20190611T183348246152
 8     230     2.7750      0.0       0.0     0.0038      0.4    0.8     723.913   32.4   0b1111111111111111    20190611T183348246457
 9     230     2.7810      0.0       0.0     0.0012      0.4    0.8    2383.714   32.4   0b1111111111111111    20190611T183348246788
10     230     2.7713      0.0       0.0     0.0033      0.2    0.8     852.692   32.4   0b1111111111111111    20190611T183348247077
11     230     2.7735      0.0       0.0     0.0024      0.2    0.8    1147.655   32.4   0b1111111111111111    20190611T183348247385
12     230     2.7713      0.0       0.0     0.0025      0.0    0.0    1108.500   32.4   0b1111111111111111    20190611T183348247667
13     230     2.7742      0.0       0.0     0.0024      0.2    0.8    1147.966   32.4   0b1111111111111111    20190611T183348247948
14     230     2.7630      0.0       0.0     0.0036      0.5    1.7     771.070   32.4   0b1111111111111111    20190611T183348248259
15     230     2.7847      0.0       0.0     0.0009      0.3    0.8    3037.909   32.4   0b1111111111111111    20190611T183348248463
 0     220     2.6992      0.0       0.0     0.0002      0.4    0.8   10797.000   32.4   0b1111111111111111    20190611T183351690272
 1     220     2.7015      0.0       0.0     0.0002      0.3    0.8   16209.000   32.4   0b1111111111111111    20190611T183351690671
 2     220     2.7015      0.0       0.0     0.0023      0.4    0.8    1200.667   32.4   0b1111111111111111    20190611T183351690984
 3     220     2.7150      0.0       0.0     0.0018      0.5    1.7    1480.909   32.4   0b1111111111111111    20190611T183351691303
 4     220     2.6917      0.0       0.0     0.0017      0.0    0.0    1615.050   32.4   0b1111111111111111    20190611T183351691595
 5     220     2.6940      0.0       0.0     0.0026      0.2    0.8    1042.839   32.4   0b1111111111111111    20190611T183351691883
 6     220     2.6797      0.0       0.0     0.0019      0.4    0.8    1398.130   32.4   0b1111111111111111    20190611T183351692202
 7     220     2.7000      0.0       0.0     0.0025      0.0    0.0    1080.000   32.4   0b1111111111111111    20190611T183351692537
 8     220     2.7255      0.0       0.0     0.0038      0.4    0.8     711.000   32.4   0b1111111111111111    20190611T183351692854
 9     220     2.7315      0.0       0.0     0.0009      0.3    0.8    2979.818   32.4   0b1111111111111111    20190611T183351693140
10     220     2.7219      0.3       0.8     0.0032      0.3    0.8     859.547   32.4   0b1111111111111111    20190611T183351693444
11     220     2.7240      0.0       0.0     0.0023      0.4    0.8    1210.667   32.4   0b1111111111111111    20190611T183351693728
12     220     2.7218      0.0       0.0     0.0025      0.0    0.0    1088.700   32.4   0b1111111111111111    20190611T183351694009
13     220     2.7247      0.0       0.0     0.0024      0.2    0.8    1127.483   32.4   0b1111111111111111    20190611T183351694330
14     220     2.7149      0.2       0.8     0.0033      0.0    0.0     814.477   32.4   0b1111111111111111    20190611T183351694615
15     220     2.7353      0.0       0.0     0.0008      0.0    0.0    3282.300   32.4   0b1111111111111111    20190611T183351694894
 0     210     2.6505      0.0       0.0     0.0002      0.3    0.8   15903.000   32.4   0b1111111111111111    20190611T183355139096
 1     210     2.6527      0.2       0.7     0.0000      0.0    0.0    -666.000   32.4   0b1111111111111111    20190611T183355139517
 2     210     2.6528      0.0       0.0     0.0020      0.4    0.8    1326.375   32.4   0b1111111111111111    20190611T183355139823
 3     210     2.6662      0.2       0.8     0.0019      0.4    0.8    1391.048   32.4   0b1111111111111111    20190611T183355140115
 4     210     2.6430      0.0       0.0     0.0017      0.0    0.0    1585.800   32.4   0b1111111111111111    20190611T183355140422
 5     210     2.6453      0.0       0.0     0.0024      0.2    0.8    1094.586   32.4   0b1111111111111111    20190611T183355140707
 6     210     2.6310      0.0       0.0     0.0020      0.4    0.8    1315.500   32.4   0b1111111111111111    20190611T183355140988
 7     210     2.6511      0.3       0.8     0.0023      0.3    0.8    1136.186   32.4   0b1111111111111111    20190611T183355141292
 8     210     2.6758      0.3       0.7     0.0038      0.4    0.8     698.048   32.4   0b1111111111111111    20190611T183355141617
 9     210     2.6820      0.0       0.0     0.0008      0.0    0.0    3218.400   32.4   0b1111111111111111    20190611T183355141899
10     210     2.6723      0.0       0.0     0.0032      0.3    0.8     843.868   32.4   0b1111111111111111    20190611T183355142241
11     210     2.6738      0.2       0.8     0.0023      0.4    0.8    1188.367   32.4   0b1111111111111111    20190611T183355142526
12     210     2.6723      0.0       0.0     0.0025      0.0    0.0    1068.900   32.4   0b1111111111111111    20190611T183355142809
13     210     2.6750      0.3       0.7     0.0024      0.2    0.8    1106.907   32.4   0b1111111111111111    20190611T183355143088
14     210     2.6652      0.4       0.8     0.0034      0.2    0.8     780.059   32.4   0b1111111111111111    20190611T183355143391
15     210     2.6850      0.0       0.0     0.0007      0.2    0.8    3580.000   32.4   0b1111111111111111    20190611T183355143673
 0     200     2.6010      0.0       0.0     0.0001      0.2    0.8   31212.000   32.4   0b1111111111111111    20190611T183358588073
 1     200     2.6032      0.0       0.0     0.0001      0.2    0.8   31239.000   32.4   0b1111111111111111    20190611T183358588551
 2     200     2.6040      0.0       0.0     0.0018      0.2    0.8    1488.000   32.4   0b1111111111111111    20190611T183358588870
 3     200     2.6166      0.3       0.7     0.0018      0.2    0.8    1495.200   32.4   0b1111111111111111    20190611T183358589167
 4     200     2.5942      0.0       0.0     0.0017      0.0    0.0    1556.550   32.4   0b1111111111111111    20190611T183358589512
 5     200     2.5959      0.3       0.8     0.0023      0.3    0.8    1112.529   32.4   0b1111111111111111    20190611T183358589801
 6     200     2.5822      0.0       0.0     0.0017      0.0    0.0    1549.350   32.4   0b1111111111111111    20190611T183358590086
 7     200     2.6017      0.0       0.0     0.0023      0.4    0.8    1156.333   32.4   0b1111111111111111    20190611T183358590420
 8     200     2.6258      0.0       0.0     0.0038      0.4    0.8     684.978   32.4   0b1111111111111111    20190611T183358590708
 9     200     2.6318      0.0       0.0     0.0008      0.0    0.0    3158.100   32.4   0b1111111111111111    20190611T183358590990
10     200     2.6221      0.2       0.8     0.0030      0.4    0.8     874.025   32.4   0b1111111111111111    20190611T183358591380
11     200     2.6242      0.0       0.0     0.0023      0.4    0.8    1166.333   32.4   0b1111111111111111    20190611T183358591673
12     200     2.6220      0.0       0.0     0.0024      0.2    0.8    1084.966   32.4   0b1111111111111111    20190611T183358591999
13     200     2.6249      0.2       0.8     0.0023      0.4    0.8    1166.633   32.4   0b1111111111111111    20190611T183358592354
14     200     2.6152      0.0       0.0     0.0034      0.2    0.8     765.439   32.4   0b1111111111111111    20190611T183358592643
15     200     2.6348      0.0       0.0     0.0008      0.0    0.0    3161.700   32.4   0b1111111111111111    20190611T183358592923
 0     190     2.5545      0.0       0.0     0.0000      0.0    0.0    -666.000   32.4   0b1111111111111111    20190611T183402034964
 1     190     2.5561      0.2       0.8     0.0001      0.2    0.8   30672.900   32.4   0b1111111111111111    20190611T183402035432
 2     190     2.5560      0.0       0.0     0.0017      0.0    0.0    1533.600   32.4   0b1111111111111111    20190611T183402035756
 3     190     2.5698      0.4       0.8     0.0016      0.3    0.8    1623.032   32.4   0b1111111111111111    20190611T183402036054
 4     190     2.5478      0.0       0.0     0.0017      0.0    0.0    1528.650   32.4   0b1111111111111111    20190611T183402036400
 5     190     2.5487      0.3       0.7     0.0021      0.4    0.8    1223.388   32.4   0b1111111111111111    20190611T183402036694
 6     190     2.5350      0.0       0.0     0.0017      0.0    0.0    1521.000   32.4   0b1111111111111111    20190611T183402036979
 7     190     2.5553      0.0       0.0     0.0025      0.0    0.0    1022.100   32.4   0b1111111111111111    20190611T183402037319
 8     190     2.5777      0.0       0.0     0.0037      0.4    0.8     703.023   32.4   0b1111111111111111    20190611T183402037610
 9     190     2.5836      0.3       0.8     0.0008      0.0    0.0    3100.320   32.4   0b1111111111111111    20190611T183402037893
10     190     2.5745      0.3       0.7     0.0027      0.3    0.8     965.447   32.4   0b1111111111111111    20190611T183402038276
11     190     2.5763      0.0       0.0     0.0019      0.4    0.8    1344.130   32.4   0b1111111111111111    20190611T183402038472
12     190     2.5748      0.0       0.0     0.0022      0.4    0.8    1188.346   32.4   0b1111111111111111    20190611T183402038609
13     190     2.5770      0.0       0.0     0.0021      0.4    0.8    1236.960   32.4   0b1111111111111111    20190611T183402038745
14     190     2.5673      0.0       0.0     0.0033      0.0    0.0     770.175   32.4   0b1111111111111111    20190611T183402038881
15     190     2.5875      0.0       0.0     0.0006      0.4    0.8    4435.714   32.4   0b1111111111111111    20190611T183402039018
 0     180     2.5057      0.0       0.0    -0.0001      0.2    0.8    -666.000   32.4   0b1111111111111111    20190611T183405489206
 1     180     2.5072      0.0       0.0     0.0000      0.0    0.0    -666.000   32.4   0b1111111111111111    20190611T183405489644
 2     180     2.5075      0.3       0.8     0.0018      0.3    0.8    1367.714   32.4   0b1111111111111111    20190611T183405489953
 3     180     2.5208      0.0       0.0     0.0016      0.3    0.8    1592.053   32.4   0b1111111111111111    20190611T183405490270
 4     180     2.4990      0.0       0.0     0.0017      0.0    0.0    1499.400   32.4   0b1111111111111111    20190611T183405490561
 5     180     2.5005      0.0       0.0     0.0023      0.4    0.8    1111.333   32.4   0b1111111111111111    20190611T183405490845
 6     180     2.4868      0.3       0.8     0.0017      0.0    0.0    1492.065   32.4   0b1111111111111111    20190611T183405491127
 7     180     2.5064      0.2       0.7     0.0023      0.3    0.8    1074.182   32.4   0b1111111111111111    20190611T183405491429
 8     180     2.5277      0.3       0.7     0.0036      0.4    0.8     705.391   32.4   0b1111111111111111    20190611T183405491710
 9     180     2.5335      0.0       0.0     0.0008      0.0    0.0    3040.200   32.4   0b1111111111111111    20190611T183405492056
10     180     2.5245      0.0       0.0     0.0028      0.4    0.8     918.000   32.4   0b1111111111111111    20190611T183405492366
11     180     2.5267      0.0       0.0     0.0019      0.4    0.8    1318.304   32.4   0b1111111111111111    20190611T183405492662
12     180     2.5252      0.2       0.7     0.0021      0.4    0.8    1212.084   32.4   0b1111111111111111    20190611T183405492944
13     180     2.5271      0.4       0.8     0.0019      0.4    0.8    1318.500   32.4   0b1111111111111111    20190611T183405493249
14     180     2.5177      0.0       0.0     0.0033      0.2    0.8     774.692   32.4   0b1111111111111111    20190611T183405493532
15     180     2.5375      0.3       0.8     0.0006      0.4    0.8    4349.957   32.4   0b1111111111111111    20190611T183405493813
 0     170     2.4563      0.0       0.0    -0.0001      0.2    0.8    -666.000   32.4   0b1111111111111111    20190611T183408939866
 1     170     2.4585      0.0       0.0     0.0000      0.0    0.0    -666.000   32.4   0b1111111111111111    20190611T183408940296
 2     170     2.4590      0.3       0.8     0.0017      0.0    0.0    1475.415   32.4   0b1111111111111111    20190611T183408940609
 3     170     2.4714      0.3       0.7     0.0017      0.0    0.0    1482.840   32.4   0b1111111111111111    20190611T183408940904
 4     170     2.4503      0.0       0.0     0.0015      0.3    0.8    1633.500   32.4   0b1111111111111111    20190611T183408941193
 5     170     2.4518      0.0       0.0     0.0021      0.4    0.8    1176.840   32.4   0b1111111111111111    20190611T183408941504
 6     170     2.4383      0.0       0.0     0.0017      0.0    0.0    1462.950   32.4   0b1111111111111111    20190611T183408941787
 7     170     2.4574      0.4       0.8     0.0023      0.4    0.8    1092.167   32.4   0b1111111111111111    20190611T183408942097
 8     170     2.4780      0.0       0.0     0.0034      0.2    0.8     725.268   32.4   0b1111111111111111    20190611T183408942401
 9     170     2.4840      0.0       0.0     0.0008      0.0    0.0    2980.800   32.4   0b1111111111111111    20190611T183408942685
10     170     2.4750      0.0       0.0     0.0025      0.0    0.0     990.000   32.4   0b1111111111111111    20190611T183408943016
11     170     2.4773      0.0       0.0     0.0018      0.3    0.8    1351.227   32.4   0b1111111111111111    20190611T183408943329
12     170     2.4750      0.0       0.0     0.0020      0.4    0.8    1237.500   32.4   0b1111111111111111    20190611T183408943614
13     170     2.4773      0.0       0.0     0.0019      0.4    0.8    1292.478   32.4   0b1111111111111111    20190611T183408943895
14     170     2.4685      0.3       0.8     0.0033      0.0    0.0     740.542   32.4   0b1111111111111111    20190611T183408944174
15     170     2.4877      0.0       0.0     0.0003      0.4    0.8    7463.250   32.4   0b1111111111111111    20190611T183408944478
 0     160     2.4075      0.0       0.0    -0.0001      0.2    0.8    -666.000   32.3   0b1111111111111111    20190611T183412391864
 1     160     2.4099      0.3       0.7    -0.0002      0.3    0.8    -666.000   32.3   0b1111111111111111    20190611T183412392371
 2     160     2.4102      0.4       0.7     0.0017      0.0    0.0    1446.120   32.3   0b1111111111111111    20190611T183412392705
 3     160     2.4225      0.0       0.0     0.0016      0.3    0.8    1530.000   32.3   0b1111111111111111    20190611T183412393010
 4     160     2.4015      0.0       0.0     0.0013      0.4    0.8    1801.125   32.3   0b1111111111111111    20190611T183412393327
 5     160     2.4029      0.2       0.8     0.0018      0.2    0.8    1373.100   32.3   0b1111111111111111    20190611T183412393620
 6     160     2.3895      0.0       0.0     0.0014      0.4    0.8    1686.706   32.3   0b1111111111111111    20190611T183412393909
 7     160     2.4084      0.3       0.8     0.0021      0.4    0.8    1156.032   32.3   0b1111111111111111    20190611T183412394195
 8     160     2.4278      0.2       0.8     0.0036      0.4    0.8     677.533   32.3   0b1111111111111111    20190611T183412394513
 9     160     2.4338      0.0       0.0     0.0007      0.2    0.8    3245.000   32.3   0b1111111111111111    20190611T183412394854
10     160     2.4255      0.0       0.0     0.0025      0.0    0.0     970.200   32.3   0b1111111111111111    20190611T183412395156
11     160     2.4274      0.4       0.7     0.0018      0.2    0.8    1387.071   32.3   0b1111111111111111    20190611T183412395460
12     160     2.4253      0.3       0.8     0.0019      0.4    0.8    1265.400   32.3   0b1111111111111111    20190611T183412395741
13     160     2.4277      0.0       0.0     0.0017      0.0    0.0    1456.650   32.3   0b1111111111111111    20190611T183412396020
14     160     2.4187      0.0       0.0     0.0029      0.4    0.8     829.286   32.3   0b1111111111111111    20190611T183412396325
15     160     2.4375      0.0       0.0     0.0004      0.4    0.8    5850.000   32.3   0b1111111111111111    20190611T183412396608
 0     150     2.3618      0.0       0.0    -0.0002      0.4    0.8    -666.000   32.3   0b1111111111111111    20190611T183415843901
 1     150     2.3624      0.2       0.8    -0.0004      0.4    0.8    -666.000   32.3   0b1111111111111111    20190611T183415844295
 2     150     2.3633      0.0       0.0     0.0017      0.0    0.0    1417.950   32.3   0b1111111111111111    20190611T183415844638
 3     150     2.3757      0.4       0.7     0.0015      0.3    0.8    1583.800   32.3   0b1111111111111111    20190611T183415844942
 4     150     2.3550      0.0       0.0     0.0014      0.4    0.8    1662.353   32.3   0b1111111111111111    20190611T183415845233
 5     150     2.3565      0.0       0.0     0.0018      0.2    0.8    1346.571   32.3   0b1111111111111111    20190611T183415845541
 6     150     2.3438      0.0       0.0     0.0014      0.4    0.8    1654.412   32.3   0b1111111111111111    20190611T183415845827
 7     150     2.3618      0.0       0.0     0.0018      0.3    0.8    1288.227   32.3   0b1111111111111111    20190611T183415846108
 8     150     2.3806      0.2       0.8     0.0033      0.0    0.0     714.172   32.3   0b1111111111111111    20190611T183415846390
 9     150     2.3865      0.0       0.0     0.0008      0.0    0.0    2863.800   32.3   0b1111111111111111    20190611T183415846745
10     150     2.3783      0.0       0.0     0.0025      0.0    0.0     951.300   32.3   0b1111111111111111    20190611T183415847030
11     150     2.3798      0.0       0.0     0.0017      0.0    0.0    1427.850   32.3   0b1111111111111111    20190611T183415847311
12     150     2.3786      0.4       0.8     0.0018      0.2    0.8    1359.214   32.3   0b1111111111111111    20190611T183415847617
13     150     2.3805      0.0       0.0     0.0017      0.0    0.0    1428.300   32.3   0b1111111111111111    20190611T183415847899
14     150     2.3723      0.0       0.0     0.0031      0.4    0.8     769.378   32.3   0b1111111111111111    20190611T183415848179
15     150     2.3895      0.0       0.0     0.0001      0.2    0.8   28674.000   32.3   0b1111111111111111    20190611T183415848459
 0     140     2.3130      0.0       0.0    -0.0004      0.4    0.8    -666.000   32.3   0b1111111111111111    20190611T183419298710
 1     140     2.3137      0.0       0.0    -0.0003      0.4    0.8    -666.000   32.3   0b1111111111111111    20190611T183419299120
 2     140     2.3152      0.0       0.0     0.0017      0.0    0.0    1389.150   32.3   0b1111111111111111    20190611T183419299470
 3     140     2.3270      0.3       0.8     0.0013      0.4    0.8    1745.269   32.3   0b1111111111111111    20190611T183419299770
 4     140     2.3065      0.3       0.8     0.0013      0.4    0.8    1729.856   32.3   0b1111111111111111    20190611T183419300058
 5     140     2.3077      0.0       0.0     0.0017      0.0    0.0    1384.650   32.3   0b1111111111111111    20190611T183419300364
 6     140     2.2950      0.0       0.0     0.0012      0.4    0.8    1967.143   32.3   0b1111111111111111    20190611T183419300651
 7     140     2.3131      0.3       0.8     0.0019      0.4    0.8    1206.861   32.3   0b1111111111111111    20190611T183419300933
 8     140     2.3312      0.3       0.7     0.0033      0.0    0.0     699.367   32.3   0b1111111111111111    20190611T183419301264
 9     140     2.3372      0.3       0.8     0.0005      0.4    0.8    4674.300   32.3   0b1111111111111111    20190611T183419301578
10     140     2.3287      0.0       0.0     0.0025      0.0    0.0     931.500   32.3   0b1111111111111111    20190611T183419301859
11     140     2.3302      0.0       0.0     0.0017      0.0    0.0    1398.150   32.3   0b1111111111111111    20190611T183419302180
12     140     2.3295      0.0       0.0     0.0017      0.0    0.0    1397.700   32.3   0b1111111111111111    20190611T183419302485
13     140     2.3312      0.3       0.7     0.0016      0.3    0.8    1472.353   32.3   0b1111111111111111    20190611T183419302765
14     140     2.3234      0.2       0.8     0.0028      0.4    0.8     820.032   32.3   0b1111111111111111    20190611T183419303043
15     140     2.3400      0.0       0.0     0.0001      0.2    0.8   28080.000   32.3   0b1111111111111111    20190611T183419303342
 0     130     2.2650      0.0       0.0    -0.0007      0.2    0.8    -666.000   32.3   0b1111111111111111    20190611T183422770799
 1     130     2.2658      0.0       0.0    -0.0007      0.3    0.8    -666.000   32.3   0b1111111111111111    20190611T183422771190
 2     130     2.2669      0.4       0.8     0.0017      0.0    0.0    1360.125   32.3   0b1111111111111111    20190611T183422771523
 3     130     2.2784      0.2       0.8     0.0013      0.4    0.8    1822.740   32.3   0b1111111111111111    20190611T183422771817
 4     130     2.2575      0.0       0.0     0.0011      0.4    0.8    2083.846   32.3   0b1111111111111111    20190611T183422772127
 5     130     2.2590      0.0       0.0     0.0017      0.0    0.0    1355.400   32.3   0b1111111111111111    20190611T183422772416
 6     130     2.2462      0.0       0.0     0.0011      0.4    0.8    2073.462   32.3   0b1111111111111111    20190611T183422772721
 7     130     2.2643      0.0       0.0     0.0018      0.2    0.8    1293.857   32.3   0b1111111111111111    20190611T183422773004
 8     130     2.2817      0.3       0.7     0.0033      0.0    0.0     684.517   32.3   0b1111111111111111    20190611T183422773352
 9     130     2.2881      0.3       0.8     0.0006      0.4    0.8    3922.457   32.3   0b1111111111111111    20190611T183422773663
10     130     2.2793      0.2       0.8     0.0025      0.0    0.0     911.730   32.3   0b1111111111111111    20190611T183422773946
11     130     2.2814      0.3       0.8     0.0017      0.0    0.0    1368.810   32.3   0b1111111111111111    20190611T183422774226
12     130     2.2799      0.2       0.8     0.0017      0.0    0.0    1367.955   32.3   0b1111111111111111    20190611T183422774624
13     130     2.2823      0.0       0.0     0.0017      0.0    0.0    1369.350   32.3   0b1111111111111111    20190611T183422774916
14     130     2.2740      0.0       0.0     0.0028      0.4    0.8     826.909   32.3   0b1111111111111111    20190611T183422775196
15     130     2.2905      0.0       0.0     0.0001      0.2    0.8   27486.000   32.3   0b1111111111111111    20190611T183422775496
 0     120     2.2176      0.3       0.8    -0.0007      0.2    0.8    -666.000   32.2   0b1111111111111111    20190611T183426219634
 1     120     2.2171      0.2       0.8    -0.0007      0.3    0.8    -666.000   32.2   0b1111111111111111    20190611T183426220015
 2     120     2.2185      0.0       0.0     0.0015      0.3    0.8    1479.000   32.2   0b1111111111111111    20190611T183426220346
 3     120     2.2305      0.0       0.0     0.0013      0.4    0.8    1672.875   32.2   0b1111111111111111    20190611T183426220641
 4     120     2.2080      0.0       0.0     0.0010      0.3    0.8    2208.000   32.2   0b1111111111111111    20190611T183426220928
 5     120     2.2095      0.0       0.0     0.0017      0.0    0.0    1325.700   32.2   0b1111111111111111    20190611T183426221232
 6     120     2.1960      0.0       0.0     0.0008      0.0    0.0    2635.200   32.2   0b1111111111111111    20190611T183426221519
 7     120     2.2147      0.0       0.0     0.0018      0.3    0.8    1208.045   32.2   0b1111111111111111    20190611T183426221812
 8     120     2.2327      0.0       0.0     0.0033      0.0    0.0     669.825   32.2   0b1111111111111111    20190611T183426222202
 9     120     2.2395      0.0       0.0     0.0002      0.4    0.8    8958.000   32.2   0b1111111111111111    20190611T183426222514
10     120     2.2297      0.0       0.0     0.0024      0.2    0.8     922.655   32.2   0b1111111111111111    20190611T183426222795
11     120     2.2312      0.0       0.0     0.0016      0.3    0.8    1409.211   32.2   0b1111111111111111    20190611T183426223075
12     120     2.2312      0.0       0.0     0.0017      0.0    0.0    1338.750   32.2   0b1111111111111111    20190611T183426223376
13     120     2.2327      0.0       0.0     0.0017      0.0    0.0    1339.650   32.2   0b1111111111111111    20190611T183426223658
14     120     2.2260      0.0       0.0     0.0027      0.3    0.8     834.750   32.2   0b1111111111111111    20190611T183426223936
15     120     2.2410      0.0       0.0     0.0000      0.0    0.0    -666.000   32.2   0b1111111111111111    20190611T183426224237
 0     110     2.1711      0.3       0.7    -0.0008      0.0    0.0    -666.000   32.2   0b1111111111111111    20190611T183429673931
 1     110     2.1706      0.2       0.7    -0.0008      0.0    0.0    -666.000   32.2   0b1111111111111111    20190611T183429674366
 2     110     2.1727      0.2       0.8     0.0013      0.4    0.8    1738.140   32.2   0b1111111111111111    20190611T183429674684
 3     110     2.1840      0.0       0.0     0.0011      0.4    0.8    2016.000   32.2   0b1111111111111111    20190611T183429674985
 4     110     2.1592      0.2       0.8     0.0008      0.0    0.0    2591.010   32.2   0b1111111111111111    20190611T183429675301
 5     110     2.1593      0.0       0.0     0.0015      0.3    0.8    1439.500   32.2   0b1111111111111111    20190611T183429675592
 6     110     2.1465      0.0       0.0     0.0009      0.3    0.8    2341.636   32.2   0b1111111111111111    20190611T183429675877
 7     110     2.1658      0.3       0.8     0.0018      0.2    0.8    1237.586   32.2   0b1111111111111111    20190611T183429676160
 8     110     2.1857      0.3       0.8     0.0033      0.0    0.0     655.717   32.2   0b1111111111111111    20190611T183429676465
 9     110     2.1924      0.3       0.8     0.0001      0.2    0.8   26308.800   32.2   0b1111111111111111    20190611T183429676749
10     110     2.1833      0.0       0.0     0.0024      0.2    0.8     903.414   32.2   0b1111111111111111    20190611T183429677079
11     110     2.1848      0.0       0.0     0.0017      0.0    0.0    1310.850   32.2   0b1111111111111111    20190611T183429677391
12     110     2.1840      0.0       0.0     0.0017      0.0    0.0    1310.400   32.2   0b1111111111111111    20190611T183429677675
13     110     2.1856      0.2       0.8     0.0013      0.4    0.8    1639.181   32.2   0b1111111111111111    20190611T183429677956
14     110     2.1790      0.3       0.8     0.0025      0.0    0.0     871.590   32.2   0b1111111111111111    20190611T183429678267
15     110     2.1938      0.0       0.0     0.0000      0.0    0.0    -666.000   32.2   0b1111111111111111    20190611T183429678463
 0     100     2.1222      0.4       0.8    -0.0008      0.0    0.0    -666.000   32.2   0b1111111111111111    20190611T183433150507
 1     100     2.1220      0.4       0.8    -0.0008      0.0    0.0    -666.000   32.2   0b1111111111111111    20190611T183433150900
 2     100     2.1240      0.0       0.0     0.0011      0.4    0.8    1960.615   32.2   0b1111111111111111    20190611T183433151209
 3     100     2.1352      0.0       0.0     0.0011      0.4    0.8    1971.000   32.2   0b1111111111111111    20190611T183433151542
 4     100     2.1079      0.4       0.7     0.0009      0.3    0.8    2299.500   32.2   0b1111111111111111    20190611T183433151832
 5     100     2.1082      0.0       0.0     0.0016      0.3    0.8    1331.526   32.2   0b1111111111111111    20190611T183433152145
 6     100     2.0952      0.4       0.8     0.0008      0.0    0.0    2514.240   32.2   0b1111111111111111    20190611T183433152470
 7     100     2.1146      0.4       0.7     0.0017      0.0    0.0    1268.775   32.2   0b1111111111111111    20190611T183433152816
 8     100     2.1367      0.2       0.8     0.0032      0.3    0.8     674.739   32.2   0b1111111111111111    20190611T183433153107
 9     100     2.1435      0.0       0.0     0.0000      0.0    0.0    -666.000   32.2   0b1111111111111111    20190611T183433153411
10     100     2.1337      0.0       0.0     0.0022      0.4    0.8     984.808   32.2   0b1111111111111111    20190611T183433153694
11     100     2.1352      0.0       0.0     0.0015      0.3    0.8    1423.500   32.2   0b1111111111111111    20190611T183433153974
12     100     2.1345      0.0       0.0     0.0017      0.0    0.0    1280.700   32.2   0b1111111111111111    20190611T183433154320
13     100     2.1360      0.0       0.0     0.0016      0.3    0.8    1349.053   32.2   0b1111111111111111    20190611T183433154670
14     100     2.1300      0.0       0.0     0.0025      0.0    0.0     852.000   32.2   0b1111111111111111    20190611T183433154955
15     100     2.1442      0.0       0.0     0.0000      0.0    0.0    -666.000   32.2   0b1111111111111111    20190611T183433155259
 0      90     2.0737      0.0       0.0    -0.0008      0.0    0.0    -666.000   32.1   0b1111111111111111    20190611T183436641981
 1      90     2.0723      0.2       0.8    -0.0008      0.0    0.0    -666.000   32.1   0b1111111111111111    20190611T183436642401
 2      90     2.0745      0.0       0.0     0.0011      0.4    0.8    1914.923   32.1   0b1111111111111111    20190611T183436642701
 3      90     2.0865      0.0       0.0     0.0009      0.3    0.8    2276.182   32.1   0b1111111111111111    20190611T183436642992
 4      90     2.0565      0.0       0.0     0.0008      0.0    0.0    2467.800   32.1   0b1111111111111111    20190611T183436643302
 5      90     2.0572      0.0       0.0     0.0012      0.4    0.8    1763.357   32.1   0b1111111111111111    20190611T183436643589
 6      90     2.0451      0.3       0.8     0.0008      0.0    0.0    2454.120   32.1   0b1111111111111111    20190611T183436643871
 7      90     2.0638      0.3       0.8     0.0017      0.0    0.0    1238.310   32.1   0b1111111111111111    20190611T183436644151
 8      90     2.0873      0.0       0.0     0.0030      0.4    0.8     695.750   32.1   0b1111111111111111    20190611T183436644454
 9      90     2.0933      0.0       0.0     0.0000      0.0    0.0    -666.000   32.1   0b1111111111111111    20190611T183436644785
10      90     2.0843      0.2       0.8     0.0023      0.4    0.8     926.367   32.1   0b1111111111111111    20190611T183436645074
11      90     2.0865      0.0       0.0     0.0013      0.4    0.8    1564.875   32.1   0b1111111111111111    20190611T183436645380
12      90     2.0855      0.3       0.8     0.0017      0.0    0.0    1251.315   32.1   0b1111111111111111    20190611T183436645664
13      90     2.0878      0.3       0.8     0.0013      0.4    0.8    1565.831   32.1   0b1111111111111111    20190611T183436645943
14      90     2.0798      0.0       0.0     0.0025      0.0    0.0     831.900   32.1   0b1111111111111111    20190611T183436646242
15      90     2.0940      0.0       0.0    -0.0001      0.2    0.8    -666.000   32.1   0b1111111111111111    20190611T183436646524
 0      80     2.0227      0.0       0.0    -0.0008      0.0    0.0    -666.000   32.1   0b1111111111111111    20190611T183440088253
 1      80     2.0220      0.0       0.0    -0.0008      0.0    0.0    -666.000   32.1   0b1111111111111111    20190611T183440088659
 2      80     2.0243      0.2       0.8     0.0009      0.3    0.8    2208.355   32.1   0b1111111111111111    20190611T183440088974
 3      80     2.0355      0.0       0.0     0.0008      0.0    0.0    2442.600   32.1   0b1111111111111111    20190611T183440089296
 4      80     2.0048      0.0       0.0     0.0007      0.2    0.8    2673.000   32.1   0b1111111111111111    20190611T183440089592
 5      80     2.0061      0.3       0.8     0.0009      0.3    0.8    2188.473   32.1   0b1111111111111111    20190611T183440089894
 6      80     1.9942      0.0       0.0     0.0007      0.3    0.8    2991.375   32.1   0b1111111111111111    20190611T183440090182
 7      80     2.0120      0.4       0.8     0.0017      0.0    0.0    1207.170   32.1   0b1111111111111111    20190611T183440090553
 8      80     2.0370      0.0       0.0     0.0028      0.4    0.8     718.941   32.1   0b1111111111111111    20190611T183440090849
 9      80     2.0427      0.4       0.8     0.0000      0.0    0.0    -666.000   32.1   0b1111111111111111    20190611T183440091132
10      80     2.0340      0.0       0.0     0.0019      0.4    0.8    1061.217   32.1   0b1111111111111111    20190611T183440091436
11      80     2.0355      0.0       0.0     0.0014      0.4    0.8    1436.824   32.1   0b1111111111111111    20190611T183440091718
12      80     2.0347      0.0       0.0     0.0015      0.3    0.8    1356.500   32.1   0b1111111111111111    20190611T183440092029
13      80     2.0368      0.3       0.8     0.0009      0.3    0.8    2222.018   32.1   0b1111111111111111    20190611T183440092339
14      80     2.0287      0.0       0.0     0.0025      0.0    0.0     811.500   32.1   0b1111111111111111    20190611T183440092622
15      80     2.0430      0.0       0.0    -0.0002      0.3    0.8    -666.000   32.1   0b1111111111111111    20190611T183440093002
 0      70     1.9725      0.0       0.0    -0.0008      0.0    0.0    -666.000   32.1   0b1111111111111111    20190611T183443548041
 1      70     1.9718      0.0       0.0    -0.0008      0.0    0.0    -666.000   32.1   0b1111111111111111    20190611T183443548475
 2      70     1.9740      0.0       0.0     0.0008      0.0    0.0    2368.800   32.1   0b1111111111111111    20190611T183443548792
 3      70     1.9855      0.3       0.8     0.0008      0.0    0.0    2382.570   32.1   0b1111111111111111    20190611T183443549088
 4      70     1.9560      0.0       0.0     0.0007      0.2    0.8    2608.000   32.1   0b1111111111111111    20190611T183443549399
 5      70     1.9560      0.0       0.0     0.0010      0.3    0.8    1956.000   32.1   0b1111111111111111    20190611T183443549689
 6      70     1.9445      0.3       0.7     0.0008      0.0    0.0    2333.430   32.1   0b1111111111111111    20190611T183443549976
 7      70     1.9628      0.0       0.0     0.0014      0.4    0.8    1385.471   32.1   0b1111111111111111    20190611T183443550331
 8      70     1.9860      0.0       0.0     0.0028      0.4    0.8     722.182   32.1   0b1111111111111111    20190611T183443550639
 9      70     1.9920      0.0       0.0     0.0000      0.0    0.0    -666.000   32.1   0b1111111111111111    20190611T183443550922
10      70     1.9834      0.4       0.7     0.0018      0.3    0.8    1081.841   32.1   0b1111111111111111    20190611T183443551204
11      70     1.9853      0.0       0.0     0.0012      0.4    0.8    1701.643   32.1   0b1111111111111111    20190611T183443551509
12      70     1.9831      0.2       0.7     0.0013      0.4    0.8    1487.306   32.1   0b1111111111111111    20190611T183443551790
13      70     1.9853      0.0       0.0     0.0008      0.0    0.0    2382.300   32.1   0b1111111111111111    20190611T183443552104
14      70     1.9777      0.0       0.0     0.0025      0.0    0.0     791.100   32.1   0b1111111111111111    20190611T183443552410
15      70     1.9913      0.2       0.8    -0.0004      0.4    0.8    -666.000   32.1   0b1111111111111111    20190611T183443552693
 0      60     1.9215      0.0       0.0    -0.0011      0.4    0.8    -666.000   32.1   0b1111111111111111    20190611T183447004869
 1      60     1.9200      0.0       0.0    -0.0012      0.4    0.8    -666.000   32.1   0b1111111111111111    20190611T183447005257
 2      60     1.9222      0.0       0.0     0.0008      0.0    0.0    2306.700   32.1   0b1111111111111111    20190611T183447005608
 3      60     1.9337      0.3       0.8     0.0008      0.0    0.0    2320.470   32.1   0b1111111111111111    20190611T183447005910
 4      60     1.9050      0.0       0.0     0.0006      0.4    0.8    3265.714   32.1   0b1111111111111111    20190611T183447006214
 5      60     1.9058      0.0       0.0     0.0008      0.0    0.0    2286.900   32.1   0b1111111111111111    20190611T183447006536
 6      60     1.8953      0.0       0.0     0.0003      0.4    0.8    5685.750   32.1   0b1111111111111111    20190611T183447006825
 7      60     1.9118      0.0       0.0     0.0016      0.3    0.8    1207.421   32.1   0b1111111111111111    20190611T183447007270
 8      60     1.9343      0.0       0.0     0.0028      0.4    0.8     703.364   32.1   0b1111111111111111    20190611T183447007595
 9      60     1.9403      0.0       0.0     0.0000      0.0    0.0    -666.000   32.1   0b1111111111111111    20190611T183447007881
10      60     1.9312      0.0       0.0     0.0017      0.0    0.0    1158.750   32.1   0b1111111111111111    20190611T183447008163
11      60     1.9327      0.0       0.0     0.0010      0.3    0.8    1932.750   32.1   0b1111111111111111    20190611T183447008444
12      60     1.9312      0.2       0.8     0.0012      0.4    0.8    1655.293   32.1   0b1111111111111111    20190611T183447008625
13      60     1.9343      0.0       0.0     0.0008      0.0    0.0    2321.100   32.1   0b1111111111111111    20190611T183447008764
14      60     1.9275      0.0       0.0     0.0024      0.2    0.8     797.586   32.1   0b1111111111111111    20190611T183447008900
15      60     1.9396      0.2       0.8    -0.0006      0.4    0.8    -666.000   32.1   0b1111111111111111    20190611T183447009036
 0      50     1.8697      0.0       0.0    -0.0010      0.3    0.8    -666.000   32.1   0b1111111111111111    20190611T183450455135
 1      50     1.8689      0.2       0.8    -0.0012      0.4    0.8    -666.000   32.1   0b1111111111111111    20190611T183450455567
 2      50     1.8712      0.0       0.0     0.0008      0.0    0.0    2245.500   32.1   0b1111111111111111    20190611T183450455874
 3      50     1.8825      0.0       0.0     0.0008      0.0    0.0    2259.000   32.1   0b1111111111111111    20190611T183450456167
 4      50     1.8547      0.0       0.0     0.0007      0.2    0.8    2473.000   32.1   0b1111111111111111    20190611T183450456477
 5      50     1.8556      0.3       0.8     0.0009      0.3    0.8    2024.345   32.1   0b1111111111111111    20190611T183450456763
 6      50     1.8452      0.3       0.7     0.0005      0.4    0.8    3690.300   32.1   0b1111111111111111    20190611T183450457051
 7      50     1.8615      0.0       0.0     0.0013      0.4    0.8    1489.200   32.1   0b1111111111111111    20190611T183450457354
 8      50     1.8817      0.0       0.0     0.0027      0.3    0.8     705.656   32.1   0b1111111111111111    20190611T183450457641
 9      50     1.8880      0.3       0.7     0.0000      0.0    0.0    -666.000   32.1   0b1111111111111111    20190611T183450457920
10      50     1.8795      0.0       0.0     0.0017      0.0    0.0    1127.700   32.1   0b1111111111111111    20190611T183450458277
11      50     1.8810      0.0       0.0     0.0010      0.3    0.8    1881.000   32.1   0b1111111111111111    20190611T183450458469
12      50     1.8788      0.0       0.0     0.0011      0.4    0.8    1734.231   32.1   0b1111111111111111    20190611T183450458606
13      50     1.8817      0.0       0.0     0.0008      0.0    0.0    2258.100   32.1   0b1111111111111111    20190611T183450458742
14      50     1.8758      0.0       0.0     0.0022      0.4    0.8     865.731   32.1   0b1111111111111111    20190611T183450458877
15      50     1.8871      0.2       0.8    -0.0006      0.4    0.8    -666.000   32.1   0b1111111111111111    20190611T183450459012
 0      40     1.8180      0.0       0.0    -0.0012      0.4    0.8    -666.000   32.0   0b1111111111111111    20190611T183453906449
 1      40     1.8173      0.2       0.8    -0.0011      0.4    0.8    -666.000   32.0   0b1111111111111111    20190611T183453906840
 2      40     1.8203      0.0       0.0     0.0008      0.0    0.0    2184.300   32.0   0b1111111111111111    20190611T183453907161
 3      40     1.8300      0.0       0.0     0.0007      0.2    0.8    2440.000   32.0   0b1111111111111111    20190611T183453907485
 4      40     1.8045      0.0       0.0     0.0004      0.4    0.8    4330.800   32.0   0b1111111111111111    20190611T183453907776
 5      40     1.8053      0.0       0.0     0.0008      0.0    0.0    2166.300   32.0   0b1111111111111111    20190611T183453908062
 6      40     1.7954      0.3       0.8     0.0001      0.2    0.8   21544.200   32.0   0b1111111111111111    20190611T183453908373
 7      40     1.8105      0.0       0.0     0.0013      0.4    0.8    1357.875   32.0   0b1111111111111111    20190611T183453908660
 8      40     1.8293      0.0       0.0     0.0025      0.0    0.0     731.700   32.0   0b1111111111111111    20190611T183453909004
 9      40     1.8354      0.3       0.8     0.0000      0.0    0.0    -666.000   32.0   0b1111111111111111    20190611T183453909319
10      40     1.8270      0.0       0.0     0.0017      0.0    0.0    1096.200   32.0   0b1111111111111111    20190611T183453909605
11      40     1.8285      0.0       0.0     0.0008      0.0    0.0    2194.200   32.0   0b1111111111111111    20190611T183453909887
12      40     1.8263      0.0       0.0     0.0009      0.3    0.8    1992.273   32.0   0b1111111111111111    20190611T183453910169
13      40     1.8293      0.0       0.0     0.0008      0.0    0.0    2195.100   32.0   0b1111111111111111    20190611T183453910469
14      40     1.8233      0.0       0.0     0.0021      0.4    0.8     875.160   32.0   0b1111111111111111    20190611T183453910751
15      40     1.8345      0.0       0.0    -0.0007      0.2    0.8    -666.000   32.0   0b1111111111111111    20190611T183453911029
 0      30     1.7692      0.0       0.0    -0.0015      0.3    0.8    -666.000   32.0   0b1111111111111111    20190611T183457356756
 1      30     1.7663      0.2       0.7    -0.0013      0.4    0.8    -666.000   32.0   0b1111111111111111    20190611T183457357152
 2      30     1.7700      0.0       0.0     0.0008      0.0    0.0    2124.000   32.0   0b1111111111111111    20190611T183457357492
 3      30     1.7805      0.0       0.0     0.0007      0.2    0.8    2374.000   32.0   0b1111111111111111    20190611T183457357788
 4      30     1.7558      0.0       0.0     0.0003      0.4    0.8    5267.250   32.0   0b1111111111111111    20190611T183457358075
 5      30     1.7565      0.0       0.0     0.0008      0.0    0.0    2107.800   32.0   0b1111111111111111    20190611T183457358388
 6      30     1.7467      0.2       0.8     0.0000      0.0    0.0    -666.000   32.0   0b1111111111111111    20190611T183457358527
 7      30     1.7625      0.0       0.0     0.0013      0.4    0.8    1410.000   32.0   0b1111111111111111    20190611T183457358664
 8      30     1.7782      0.0       0.0     0.0025      0.0    0.0     711.300   32.0   0b1111111111111111    20190611T183457358801
 9      30     1.7839      0.4       0.8    -0.0002      0.3    0.8    -666.000   32.0   0b1111111111111111    20190611T183457358937
10      30     1.7753      0.0       0.0     0.0017      0.0    0.0    1065.150   32.0   0b1111111111111111    20190611T183457359072
11      30     1.7775      0.0       0.0     0.0008      0.0    0.0    2133.000   32.0   0b1111111111111111    20190611T183457359208
12      30     1.7759      0.2       0.7     0.0009      0.3    0.8    1937.373   32.0   0b1111111111111111    20190611T183457359356
13      30     1.7782      0.0       0.0     0.0008      0.0    0.0    2133.900   32.0   0b1111111111111111    20190611T183457359492
14      30     1.7723      0.0       0.0     0.0018      0.3    0.8     966.682   32.0   0b1111111111111111    20190611T183457359626
15      30     1.7835      0.0       0.0    -0.0008      0.0    0.0    -666.000   32.0   0b1111111111111111    20190611T183457359784
 0      20     1.7189      0.2       0.8    -0.0017      0.0    0.0    -666.000   32.0   0b1111111111111111    20190611T183500808121
 1      20     1.7160      0.0       0.0    -0.0015      0.3    0.8    -666.000   32.0   0b1111111111111111    20190611T183500808561
 2      20     1.7192      0.3       0.7     0.0008      0.0    0.0    2063.070   32.0   0b1111111111111111    20190611T183500808864
 3      20     1.7300      0.3       0.8     0.0005      0.4    0.8    3460.050   32.0   0b1111111111111111    20190611T183500809155
 4      20     1.7063      0.0       0.0     0.0001      0.2    0.8   20475.000   32.0   0b1111111111111111    20190611T183500809441
 5      20     1.7070      0.0       0.0     0.0007      0.2    0.8    2276.000   32.0   0b1111111111111111    20190611T183500809750
 6      20     1.6971      0.3       0.8     0.0000      0.0    0.0    -666.000   32.0   0b1111111111111111    20190611T183500810032
 7      20     1.7123      0.0       0.0     0.0012      0.4    0.8    1467.643   32.0   0b1111111111111111    20190611T183500810313
 8      20     1.7265      0.0       0.0     0.0025      0.0    0.0     690.600   32.0   0b1111111111111111    20190611T183500810663
 9      20     1.7325      0.0       0.0    -0.0002      0.4    0.8    -666.000   32.0   0b1111111111111111    20190611T183500810951
10      20     1.7238      0.4       0.8     0.0014      0.4    0.8    1216.800   32.0   0b1111111111111111    20190611T183500811232
11      20     1.7258      0.0       0.0     0.0008      0.0    0.0    2070.900   32.0   0b1111111111111111    20190611T183500811540
12      20     1.7243      0.0       0.0     0.0008      0.0    0.0    2069.100   32.0   0b1111111111111111    20190611T183500811822
13      20     1.7265      0.0       0.0     0.0006      0.4    0.8    2959.714   32.0   0b1111111111111111    20190611T183500812127
14      20     1.7212      0.0       0.0     0.0018      0.3    0.8     938.864   32.0   0b1111111111111111    20190611T183500812411
15      20     1.7317      0.0       0.0    -0.0008      0.0    0.0    -666.000   32.0   0b1111111111111111    20190611T183500812713
 0      10     1.6680      0.0       0.0    -0.0016      0.3    0.8    -666.000   32.0   0b1111111111111111    20190611T183504261602
 1      10     1.6657      0.0       0.0    -0.0016      0.3    0.8    -666.000   32.0   0b1111111111111111    20190611T183504262056
 2      10     1.6694      0.2       0.8     0.0007      0.2    0.8    2225.900   32.0   0b1111111111111111    20190611T183504262379
 3      10     1.6793      0.0       0.0     0.0006      0.4    0.8    2878.714   32.0   0b1111111111111111    20190611T183504262701
 4      10     1.6568      0.0       0.0     0.0001      0.2    0.8   19881.000   32.0   0b1111111111111111    20190611T183504262993
 5      10     1.6568      0.0       0.0     0.0006      0.4    0.8    2840.143   32.0   0b1111111111111111    20190611T183504263280
 6      10     1.6477      0.2       0.8    -0.0001      0.2    0.8    -666.000   32.0   0b1111111111111111    20190611T183504263586
 7      10     1.6622      0.3       0.8     0.0011      0.4    0.8    1534.292   32.0   0b1111111111111111    20190611T183504263872
 8      10     1.6754      0.2       0.7     0.0025      0.0    0.0     670.170   32.0   0b1111111111111111    20190611T183504264154
 9      10     1.6808      0.2       0.8    -0.0003      0.4    0.8    -666.000   32.0   0b1111111111111111    20190611T183504264518
10      10     1.6725      0.0       0.0     0.0017      0.0    0.0    1003.500   32.0   0b1111111111111111    20190611T183504264810
11      10     1.6747      0.0       0.0     0.0008      0.0    0.0    2009.700   32.0   0b1111111111111111    20190611T183504265093
12      10     1.6729      0.4       0.7     0.0008      0.0    0.0    2007.540   32.0   0b1111111111111111    20190611T183504265373
13      10     1.6755      0.0       0.0     0.0006      0.4    0.8    2872.286   32.0   0b1111111111111111    20190611T183504265678
14      10     1.6702      0.0       0.0     0.0017      0.0    0.0    1002.150   32.0   0b1111111111111111    20190611T183504265960
15      10     1.6800      0.0       0.0    -0.0008      0.0    0.0    -666.000   32.0   0b1111111111111111    20190611T183504266239
 0       0     1.6176      0.3       0.8    -0.0017      0.0    0.0    -666.000   31.9   0b1111111111111111    20190611T183507714348
 1       0     1.6155      0.0       0.0    -0.0017      0.0    0.0    -666.000   31.9   0b1111111111111111    20190611T183507714753
 2       0     1.6190      0.3       0.7     0.0003      0.4    0.8    4857.075   31.9   0b1111111111111111    20190611T183507715115
 3       0     1.6280      0.3       0.8     0.0002      0.3    0.8    9768.150   31.9   0b1111111111111111    20190611T183507715562
 4       0     1.6065      0.0       0.0     0.0000      0.0    0.0    -666.000   31.9   0b1111111111111111    20190611T183507715857
 5       0     1.6072      0.2       0.7     0.0005      0.4    0.8    3214.350   31.9   0b1111111111111111    20190611T183507716144
 6       0     1.5976      0.2       0.7    -0.0002      0.3    0.8    -666.000   31.9   0b1111111111111111    20190611T183507716451
 7       0     1.6123      0.3       0.8     0.0009      0.3    0.8    1758.845   31.9   0b1111111111111111    20190611T183507716736
 8       0     1.6237      0.0       0.0     0.0024      0.2    0.8     671.897   31.9   0b1111111111111111    20190611T183507717021
 9       0     1.6291      0.3       0.8    -0.0008      0.0    0.0    -666.000   31.9   0b1111111111111111    20190611T183507717375
10       0     1.6214      0.2       0.8     0.0016      0.3    0.8    1024.058   31.9   0b1111111111111111    20190611T183507717677
11       0     1.6231      0.3       0.8     0.0008      0.0    0.0    1947.780   31.9   0b1111111111111111    20190611T183507717960
12       0     1.6215      0.0       0.0     0.0008      0.0    0.0    1945.800   31.9   0b1111111111111111    20190611T183507718276
13       0     1.6237      0.0       0.0     0.0003      0.4    0.8    4871.250   31.9   0b1111111111111111    20190611T183507718562
14       0     1.6192      0.0       0.0     0.0017      0.0    0.0     971.550   31.9   0b1111111111111111    20190611T183507718843
15       0     1.6282      0.0       0.0    -0.0008      0.0    0.0    -666.000   31.9   0b1111111111111111    20190611T183507719124
