CH# Vset[DAC]   V[V]    dVRMS[mV] dVpp[mV]    I[A]  dIRMS[mA] dIpp[mA]   R[ohm]   T[C]   State                Timestamp
 0     250     2.8627      0.0       0.0     0.1291      0.4    1.7      22.178   24.5   0b1111111111111111    20190524T152406570732
 1     250     2.8375      0.3       0.8     0.5598      0.5    1.7       5.068   24.5   0b1111111111111111    20190524T152406571204
 2     250     2.8506      0.3       0.8     0.1317      0.5    1.7      21.650   24.5   0b1111111111111111    20190524T152406572734
 3     250     2.8755      0.0       0.0     0.5698      0.7    1.7       5.047   24.5   0b1111111111111111    20190524T152406573057
 4     250     2.8306      0.2       0.8     0.1306      0.4    0.8      21.676   24.5   0b1111111111111111    20190524T152406573503
 5     250     2.8351      0.2       0.8     0.5613      0.4    0.8       5.051   24.5   0b1111111111111111    20190524T152406573807
 6     250     2.8343      0.0       0.0     0.1296      0.6    1.7      21.872   24.5   0b1111111111111111    20190524T152406574116
 7     250     2.8425      0.0       0.0     0.5621      0.6    1.7       5.057   24.5   0b1111111111111111    20190524T152406574454
 8     250     2.8456      0.2       0.8     0.1315      0.5    1.7      21.639   24.5   0b1111111111111111    20190524T152406574792
 9     250     2.8650      0.0       0.0     0.5683      0.4    1.7       5.042   24.5   0b1111111111111111    20190524T152406575086
10     250     2.8605      0.0       0.0     0.1327      0.6    1.7      21.562   24.5   0b1111111111111111    20190524T152406575374
11     250     2.8792      0.0       0.0     0.5717      0.5    1.7       5.037   24.5   0b1111111111111111    20190524T152406575875
12     250     2.8234      0.4       0.7     0.1283      0.4    1.7      22.000   24.5   0b1111111111111111    20190524T152406576232
13     250     2.8493      0.0       0.0     0.5633      0.4    1.7       5.058   24.5   0b1111111111111111    20190524T152406576582
14     250     2.8321      0.2       0.8     0.1303      0.4    0.8      21.743   24.5   0b1111111111111111    20190524T152406576875
15     250     2.8320      0.0       0.0     0.5647      0.4    0.8       5.015   24.5   0b1111111111111111    20190524T152406577160
 0     240     2.8133      0.0       0.0     0.1270      0.4    0.8      22.152   24.5   0b1111111111111111    20190524T152410025013
 1     240     2.7892      0.0       0.0     0.5501      0.6    1.7       5.071   24.5   0b1111111111111111    20190524T152410025509
 2     240     2.8013      0.0       0.0     0.1295      0.6    1.7      21.631   24.5   0b1111111111111111    20190524T152410025852
 3     240     2.8263      0.4       0.8     0.5605      0.4    0.8       5.042   24.5   0b1111111111111111    20190524T152410026155
 4     240     2.7838      0.3       0.8     0.1281      0.4    0.8      21.735   24.5   0b1111111111111111    20190524T152410026515
 5     240     2.7877      0.0       0.0     0.5519      0.4    0.8       5.051   24.5   0b1111111111111111    20190524T152410026814
 6     240     2.7870      0.0       0.0     0.1273      0.3    0.8      21.887   24.5   0b1111111111111111    20190524T152410027104
 7     240     2.7952      0.0       0.0     0.5527      0.3    0.8       5.058   24.5   0b1111111111111111    20190524T152410027421
 8     240     2.7967      0.0       0.0     0.1292      0.4    1.7      21.652   24.5   0b1111111111111111    20190524T152410027634
 9     240     2.8163      0.0       0.0     0.5588      0.4    0.8       5.040   24.5   0b1111111111111111    20190524T152410027775
10     240     2.8117      0.0       0.0     0.1303      0.4    0.8      21.587   24.5   0b1111111111111111    20190524T152410027939
11     240     2.8301      0.4       0.7     0.5622      0.4    0.8       5.034   24.5   0b1111111111111111    20190524T152410028087
12     240     2.7757      0.0       0.0     0.1261      0.4    0.8      22.015   24.5   0b1111111111111111    20190524T152410028225
13     240     2.8013      0.0       0.0     0.5538      0.4    0.8       5.058   24.5   0b1111111111111111    20190524T152410028363
14     240     2.7847      0.0       0.0     0.1282      0.3    0.8      21.728   24.5   0b1111111111111111    20190524T152410028546
15     240     2.7847      0.2       0.8     0.5551      0.2    0.8       5.017   24.5   0b1111111111111111    20190524T152410028687
 0     230     2.7654      0.3       0.8     0.1249      0.2    0.8      22.138   24.6   0b1111111111111111    20190524T152413469690
 1     230     2.7413      0.2       0.8     0.5408      0.3    0.8       5.069   24.6   0b1111111111111111    20190524T152413470116
 2     230     2.7540      0.0       0.0     0.1273      0.3    0.8      21.628   24.6   0b1111111111111111    20190524T152413470531
 3     230     2.7787      0.0       0.0     0.5510      0.5    1.7       5.043   24.6   0b1111111111111111    20190524T152413470860
 4     230     2.7383      0.0       0.0     0.1261      0.4    0.8      21.718   24.6   0b1111111111111111    20190524T152413471195
 5     230     2.7420      0.0       0.0     0.5427      0.3    0.8       5.053   24.6   0b1111111111111111    20190524T152413471545
 6     230     2.7412      0.2       0.8     0.1252      0.3    0.8      21.900   24.6   0b1111111111111111    20190524T152413471851
 7     230     2.7495      0.0       0.0     0.5436      0.4    0.8       5.058   24.6   0b1111111111111111    20190524T152413472142
 8     230     2.7496      0.2       0.8     0.1268      0.2    0.8      21.693   24.6   0b1111111111111111    20190524T152413472487
 9     230     2.7684      0.3       0.7     0.5494      0.4    0.8       5.039   24.6   0b1111111111111111    20190524T152413472838
10     230     2.7639      0.3       0.7     0.1282      0.3    0.8      21.565   24.6   0b1111111111111111    20190524T152413473131
11     230     2.7825      0.0       0.0     0.5526      0.2    0.8       5.035   24.6   0b1111111111111111    20190524T152413473483
12     230     2.7300      0.0       0.0     0.1243      0.2    0.8      21.972   24.6   0b1111111111111111    20190524T152413473778
13     230     2.7548      0.0       0.0     0.5447      0.6    1.7       5.058   24.6   0b1111111111111111    20190524T152413474064
14     230     2.7389      0.3       0.8     0.1259      0.3    0.8      21.751   24.6   0b1111111111111111    20190524T152413474349
15     230     2.7388      0.3       0.8     0.5459      0.3    0.8       5.017   24.6   0b1111111111111111    20190524T152413474607
 0     220     2.7159      0.3       0.8     0.1226      0.3    0.8      22.156   24.6   0b1111111111111111    20190524T152416928159
 1     220     2.6917      0.0       0.0     0.5309      0.3    0.8       5.070   24.6   0b1111111111111111    20190524T152416928582
 2     220     2.7049      0.4       0.8     0.1250      0.0    0.0      21.640   24.6   0b1111111111111111    20190524T152416928898
 3     220     2.7285      0.0       0.0     0.5411      0.4    0.8       5.043   24.6   0b1111111111111111    20190524T152416929195
 4     220     2.6902      0.0       0.0     0.1238      0.4    0.8      21.739   24.6   0b1111111111111111    20190524T152416929486
 5     220     2.6940      0.0       0.0     0.5334      0.3    0.8       5.050   24.6   0b1111111111111111    20190524T152416929805
 6     220     2.6940      0.0       0.0     0.1233      0.3    0.8      21.858   24.6   0b1111111111111111    20190524T152416930094
 7     220     2.7015      0.0       0.0     0.5343      0.4    1.7       5.057   24.6   0b1111111111111111    20190524T152416930378
 8     220     2.7015      0.0       0.0     0.1246      0.4    0.8      21.684   24.6   0b1111111111111111    20190524T152416930672
 9     220     2.7195      0.0       0.0     0.5395      0.4    0.8       5.041   24.6   0b1111111111111111    20190524T152416930960
10     220     2.7157      0.0       0.0     0.1257      0.2    0.8      21.596   24.6   0b1111111111111111    20190524T152416931243
11     220     2.7325      0.3       0.8     0.5425      0.0    0.0       5.037   24.6   0b1111111111111111    20190524T152416931547
12     220     2.6826      0.3       0.8     0.1217      0.0    0.0      22.049   24.6   0b1111111111111111    20190524T152416931833
13     220     2.7071      0.4       0.8     0.5352      0.5    1.7       5.058   24.6   0b1111111111111111    20190524T152416932127
14     220     2.6917      0.0       0.0     0.1238      0.4    0.8      21.737   24.6   0b1111111111111111    20190524T152416932435
15     220     2.6910      0.0       0.0     0.5366      0.3    0.8       5.015   24.6   0b1111111111111111    20190524T152416932740
 0     210     2.6663      0.0       0.0     0.1202      0.3    0.8      22.188   24.6   0b1111111111111111    20190524T152420409327
 1     210     2.6430      0.0       0.0     0.5212      0.4    0.8       5.071   24.6   0b1111111111111111    20190524T152420409825
 2     210     2.6555      0.3       0.8     0.1227      0.3    0.8      21.648   24.6   0b1111111111111111    20190524T152420410140
 3     210     2.6790      0.0       0.0     0.5313      0.4    0.8       5.042   24.6   0b1111111111111111    20190524T152420410494
 4     210     2.6430      0.0       0.0     0.1217      0.0    0.0      21.723   24.6   0b1111111111111111    20190524T152420410791
 5     210     2.6467      0.2       0.8     0.5240      0.3    0.8       5.051   24.6   0b1111111111111111    20190524T152420411079
 6     210     2.6461      0.2       0.8     0.1209      0.2    0.8      21.883   24.6   0b1111111111111111    20190524T152420411365
 7     210     2.6535      0.0       0.0     0.5247      0.4    0.8       5.057   24.6   0b1111111111111111    20190524T152420411701
 8     210     2.6525      0.3       0.7     0.1223      0.3    0.8      21.683   24.6   0b1111111111111111    20190524T152420411985
 9     210     2.6702      0.3       0.7     0.5300      0.0    0.0       5.038   24.6   0b1111111111111111    20190524T152420412269
10     210     2.6670      0.0       0.0     0.1233      0.0    0.0      21.624   24.6   0b1111111111111111    20190524T152420412648
11     210     2.6827      0.0       0.0     0.5329      0.4    0.8       5.034   24.6   0b1111111111111111    20190524T152420412937
12     210     2.6348      0.0       0.0     0.1196      0.4    0.8      22.033   24.6   0b1111111111111111    20190524T152420413219
13     210     2.6588      0.2       0.7     0.5258      0.0    0.0       5.056   24.6   0b1111111111111111    20190524T152420413567
14     210     2.6438      0.0       0.0     0.1216      0.2    0.8      21.744   24.6   0b1111111111111111    20190524T152420413860
15     210     2.6437      0.2       0.8     0.5272      0.4    0.8       5.015   24.6   0b1111111111111111    20190524T152420414145
 0     200     2.6168      0.0       0.0     0.1176      0.2    0.8      22.254   24.6   0b1111111111111111    20190524T152423861862
 1     200     2.5937      0.3       0.8     0.5117      0.0    0.0       5.069   24.6   0b1111111111111111    20190524T152423862269
 2     200     2.6057      0.3       0.8     0.1203      0.4    0.8      21.654   24.6   0b1111111111111111    20190524T152423862664
 3     200     2.6288      0.0       0.0     0.5215      0.3    0.8       5.041   24.6   0b1111111111111111    20190524T152423862972
 4     200     2.5956      0.3       0.7     0.1192      0.0    0.0      21.781   24.6   0b1111111111111111    20190524T152423863268
 5     200     2.5987      0.0       0.0     0.5142      0.0    0.0       5.054   24.6   0b1111111111111111    20190524T152423863613
 6     200     2.5987      0.0       0.0     0.1184      0.2    0.8      21.946   24.6   0b1111111111111111    20190524T152423863908
 7     200     2.6055      0.0       0.0     0.5150      0.0    0.0       5.059   24.6   0b1111111111111111    20190524T152423864197
 8     200     2.6032      0.0       0.0     0.1201      0.2    0.8      21.679   24.6   0b1111111111111111    20190524T152423864582
 9     200     2.6206      0.2       0.8     0.5201      0.3    0.8       5.039   24.6   0b1111111111111111    20190524T152423864878
10     200     2.6175      0.0       0.0     0.1211      0.4    0.8      21.617   24.6   0b1111111111111111    20190524T152423865166
11     200     2.6332      0.0       0.0     0.5229      0.4    0.8       5.036   24.6   0b1111111111111111    20190524T152423865513
12     200     2.5867      0.0       0.0     0.1175      0.0    0.0      22.015   24.6   0b1111111111111111    20190524T152423865813
13     200     2.6106      0.3       0.8     0.5160      0.3    0.8       5.059   24.6   0b1111111111111111    20190524T152423866099
14     200     2.5957      0.0       0.0     0.1192      0.0    0.0      21.783   24.6   0b1111111111111111    20190524T152423866382
15     200     2.5953      0.4       0.7     0.5175      0.0    0.0       5.015   24.6   0b1111111111111111    20190524T152423866715
 0     190     2.5688      0.0       0.0     0.1157      0.2    0.8      22.192   24.6   0b1111111111111111    20190524T152427307201
 1     190     2.5463      0.0       0.0     0.5022      0.4    0.8       5.071   24.6   0b1111111111111111    20190524T152427307619
 2     190     2.5575      0.0       0.0     0.1183      0.2    0.8      21.628   24.6   0b1111111111111111    20190524T152427308032
 3     190     2.5805      0.4       0.8     0.5118      0.3    0.8       5.042   24.6   0b1111111111111111    20190524T152427308340
 4     190     2.5493      0.0       0.0     0.1173      0.3    0.8      21.727   24.6   0b1111111111111111    20190524T152427308634
 5     190     2.5530      0.0       0.0     0.5050      0.0    0.0       5.055   24.6   0b1111111111111111    20190524T152427308982
 6     190     2.5529      0.2       0.8     0.1167      0.0    0.0      21.882   24.6   0b1111111111111111    20190524T152427309273
 7     190     2.5590      0.0       0.0     0.5058      0.0    0.0       5.059   24.6   0b1111111111111111    20190524T152427309561
 8     190     2.5565      0.3       0.8     0.1179      0.4    0.8      21.681   24.6   0b1111111111111111    20190524T152427309889
 9     190     2.5740      0.0       0.0     0.5108      0.0    0.0       5.039   24.6   0b1111111111111111    20190524T152427310235
10     190     2.5695      0.0       0.0     0.1192      0.0    0.0      21.562   24.6   0b1111111111111111    20190524T152427310570
11     190     2.5862      0.3       0.7     0.5136      0.4    0.8       5.036   24.6   0b1111111111111111    20190524T152427310915
12     190     2.5410      0.0       0.0     0.1155      0.4    0.8      22.000   24.6   0b1111111111111111    20190524T152427311205
13     190     2.5637      0.3       0.8     0.5068      0.2    0.8       5.059   24.6   0b1111111111111111    20190524T152427311488
14     190     2.5485      0.0       0.0     0.1171      0.4    0.8      21.767   24.6   0b1111111111111111    20190524T152427311820
15     190     2.5490      0.4       0.7     0.5082      0.3    0.8       5.016   24.6   0b1111111111111111    20190524T152427312109
 0     180     2.5192      0.0       0.0     0.1133      0.0    0.0      22.229   24.7   0b1111111111111111    20190524T152430755580
 1     180     2.4975      0.0       0.0     0.4925      0.0    0.0       5.071   24.7   0b1111111111111111    20190524T152430755989
 2     180     2.5080      0.0       0.0     0.1159      0.3    0.8      21.636   24.7   0b1111111111111111    20190524T152430756306
 3     180     2.5305      0.0       0.0     0.5018      0.3    0.8       5.043   24.7   0b1111111111111111    20190524T152430756655
 4     180     2.5018      0.3       0.7     0.1149      0.2    0.8      21.770   24.7   0b1111111111111111    20190524T152430756951
 5     180     2.5051      0.3       0.8     0.4958      0.0    0.0       5.052   24.7   0b1111111111111111    20190524T152430757244
 6     180     2.5051      0.2       0.8     0.1142      0.0    0.0      21.942   24.7   0b1111111111111111    20190524T152430757565
 7     180     2.5117      0.0       0.0     0.4966      0.3    0.8       5.058   24.7   0b1111111111111111    20190524T152430757709
 8     180     2.5072      0.0       0.0     0.1156      0.4    0.8      21.692   24.7   0b1111111111111111    20190524T152430757849
 9     180     2.5247      0.3       0.7     0.5009      0.2    0.8       5.040   24.7   0b1111111111111111    20190524T152430757989
10     180     2.5208      0.0       0.0     0.1167      0.0    0.0      21.606   24.7   0b1111111111111111    20190524T152430758153
11     180     2.5365      0.0       0.0     0.5038      0.4    0.8       5.035   24.7   0b1111111111111111    20190524T152430758305
12     180     2.4933      0.4       0.8     0.1130      0.4    0.8      22.065   24.7   0b1111111111111111    20190524T152430758476
13     180     2.5155      0.0       0.0     0.4973      0.4    0.8       5.059   24.7   0b1111111111111111    20190524T152430758619
14     180     2.5012      0.2       0.8     0.1149      0.2    0.8      21.765   24.7   0b1111111111111111    20190524T152430758759
15     180     2.5012      0.0       0.0     0.4984      0.3    0.8       5.018   24.7   0b1111111111111111    20190524T152430758897
 0     170     2.4698      0.0       0.0     0.1110      0.3    0.8      22.250   24.7   0b1111111111111111    20190524T152434226040
 1     170     2.4487      0.0       0.0     0.4826      0.2    0.8       5.074   24.7   0b1111111111111111    20190524T152434226454
 2     170     2.4587      0.3       0.8     0.1134      0.2    0.8      21.679   24.7   0b1111111111111111    20190524T152434226805
 3     170     2.4810      0.0       0.0     0.4923      0.4    0.8       5.040   24.7   0b1111111111111111    20190524T152434227108
 4     170     2.4548      0.0       0.0     0.1126      0.2    0.8      21.804   24.7   0b1111111111111111    20190524T152434227403
 5     170     2.4580      0.3       0.8     0.4862      0.4    0.8       5.056   24.7   0b1111111111111111    20190524T152434227697
 6     170     2.4578      0.0       0.0     0.1122      0.4    0.8      21.912   24.7   0b1111111111111111    20190524T152434227841
 7     170     2.4638      0.0       0.0     0.4870      0.4    0.8       5.059   24.7   0b1111111111111111    20190524T152434227983
 8     170     2.4585      0.0       0.0     0.1133      0.2    0.8      21.709   24.7   0b1111111111111111    20190524T152434228123
 9     170     2.4758      0.0       0.0     0.4915      0.3    0.8       5.037   24.7   0b1111111111111111    20190524T152434228263
10     170     2.4713      0.0       0.0     0.1142      0.0    0.0      21.646   24.7   0b1111111111111111    20190524T152434228404
11     170     2.4872      0.3       0.7     0.4941      0.2    0.8       5.034   24.7   0b1111111111111111    20190524T152434228554
12     170     2.4457      0.0       0.0     0.1108      0.0    0.0      22.067   24.7   0b1111111111111111    20190524T152434228695
13     170     2.4675      0.0       0.0     0.4876      0.2    0.8       5.061   24.7   0b1111111111111111    20190524T152434228834
14     170     2.4533      0.0       0.0     0.1125      0.0    0.0      21.807   24.7   0b1111111111111111    20190524T152434228981
15     170     2.4533      0.0       0.0     0.4890      0.3    0.8       5.017   24.7   0b1111111111111111    20190524T152434229119
 0     160     2.4202      0.0       0.0     0.1088      0.4    0.8      22.255   24.7   0b1111111111111111    20190524T152437674165
 1     160     2.3992      0.0       0.0     0.4729      0.4    0.8       5.073   24.7   0b1111111111111111    20190524T152437674637
 2     160     2.4097      0.0       0.0     0.1110      0.3    0.8      21.709   24.7   0b1111111111111111    20190524T152437674950
 3     160     2.4315      0.0       0.0     0.4823      0.3    0.8       5.041   24.7   0b1111111111111111    20190524T152437675248
 4     160     2.4067      0.0       0.0     0.1105      0.4    0.8      21.781   24.7   0b1111111111111111    20190524T152437675592
 5     160     2.4105      0.0       0.0     0.4767      0.0    0.0       5.057   24.7   0b1111111111111111    20190524T152437675889
 6     160     2.4100      0.3       0.7     0.1098      0.3    0.8      21.942   24.7   0b1111111111111111    20190524T152437676177
 7     160     2.4163      0.3       0.8     0.4775      0.0    0.0       5.060   24.7   0b1111111111111111    20190524T152437676553
 8     160     2.4097      0.0       0.0     0.1108      0.0    0.0      21.742   24.7   0b1111111111111111    20190524T152437676986
 9     160     2.4263      0.0       0.0     0.4813      0.4    0.8       5.041   24.7   0b1111111111111111    20190524T152437677282
10     160     2.4217      0.0       0.0     0.1118      0.3    0.8      21.655   24.7   0b1111111111111111    20190524T152437677592
11     160     2.4383      0.0       0.0     0.4842      0.0    0.0       5.036   24.7   0b1111111111111111    20190524T152437677735
12     160     2.3983      0.3       0.7     0.1084      0.3    0.8      22.122   24.7   0b1111111111111111    20190524T152437677873
13     160     2.4195      0.0       0.0     0.4783      0.0    0.0       5.058   24.7   0b1111111111111111    20190524T152437678010
14     160     2.4053      0.2       0.7     0.1102      0.3    0.8      21.834   24.7   0b1111111111111111    20190524T152437678147
15     160     2.4060      0.0       0.0     0.4792      0.0    0.0       5.021   24.7   0b1111111111111111    20190524T152437678285
 0     150     2.3738      0.0       0.0     0.1067      0.0    0.0      22.254   24.7   0b1111111111111111    20190524T152441124657
 1     150     2.3535      0.0       0.0     0.4639      0.4    0.8       5.073   24.7   0b1111111111111111    20190524T152441125067
 2     150     2.3633      0.0       0.0     0.1092      0.0    0.0      21.648   24.7   0b1111111111111111    20190524T152441125382
 3     150     2.3835      0.0       0.0     0.4726      0.3    0.8       5.044   24.7   0b1111111111111111    20190524T152441125768
 4     150     2.3618      0.0       0.0     0.1083      0.0    0.0      21.801   24.7   0b1111111111111111    20190524T152441126067
 5     150     2.3648      0.0       0.0     0.4679      0.4    0.8       5.054   24.7   0b1111111111111111    20190524T152441126359
 6     150     2.3663      0.0       0.0     0.1077      0.3    0.8      21.978   24.7   0b1111111111111111    20190524T152441126711
 7     150     2.3708      0.0       0.0     0.4683      0.0    0.0       5.062   24.7   0b1111111111111111    20190524T152441127002
 8     150     2.3633      0.0       0.0     0.1086      0.4    0.8      21.764   24.7   0b1111111111111111    20190524T152441127289
 9     150     2.3798      0.0       0.0     0.4724      0.2    0.8       5.037   24.7   0b1111111111111111    20190524T152441127610
10     150     2.3753      0.0       0.0     0.1099      0.2    0.8      21.610   24.7   0b1111111111111111    20190524T152441127755
11     150     2.3903      0.0       0.0     0.4748      0.4    0.8       5.035   24.7   0b1111111111111111    20190524T152441127895
12     150     2.3527      0.0       0.0     0.1067      0.0    0.0      22.057   24.7   0b1111111111111111    20190524T152441128033
13     150     2.3753      0.0       0.0     0.4693      0.2    0.8       5.062   24.7   0b1111111111111111    20190524T152441128172
14     150     2.3609      0.2       0.7     0.1083      0.0    0.0      21.793   24.7   0b1111111111111111    20190524T152441128311
15     150     2.3603      0.0       0.0     0.4700      0.0    0.0       5.022   24.7   0b1111111111111111    20190524T152441128482
 0     140     2.3242      0.0       0.0     0.1042      0.0    0.0      22.313   24.7   0b1111111111111111    20190524T152444570297
 1     140     2.3047      0.0       0.0     0.4542      0.0    0.0       5.075   24.7   0b1111111111111111    20190524T152444570828
 2     140     2.3144      0.2       0.7     0.1067      0.0    0.0      21.698   24.7   0b1111111111111111    20190524T152444571156
 3     140     2.3340      0.0       0.0     0.4628      0.4    0.8       5.043   24.7   0b1111111111111111    20190524T152444571456
 4     140     2.3146      0.2       0.8     0.1059      0.2    0.8      21.853   24.7   0b1111111111111111    20190524T152444571813
 5     140     2.3182      0.0       0.0     0.4584      0.3    0.8       5.057   24.7   0b1111111111111111    20190524T152444572110
 6     140     2.3190      0.0       0.0     0.1057      0.3    0.8      21.946   24.7   0b1111111111111111    20190524T152444572401
 7     140     2.3235      0.0       0.0     0.4592      0.0    0.0       5.060   24.7   0b1111111111111111    20190524T152444572745
 8     140     2.3149      0.4       0.8     0.1065      0.3    0.8      21.737   24.7   0b1111111111111111    20190524T152444573047
 9     140     2.3310      0.0       0.0     0.4625      0.0    0.0       5.040   24.7   0b1111111111111111    20190524T152444573335
10     140     2.3265      0.0       0.0     0.1075      0.0    0.0      21.642   24.7   0b1111111111111111    20190524T152444573723
11     140     2.3415      0.0       0.0     0.4649      0.3    0.8       5.036   24.7   0b1111111111111111    20190524T152444574019
12     140     2.3058      0.4       0.8     0.1043      0.3    0.8      22.100   24.7   0b1111111111111111    20190524T152444574303
13     140     2.3272      0.0       0.0     0.4600      0.0    0.0       5.059   24.7   0b1111111111111111    20190524T152444574588
14     140     2.3137      0.0       0.0     0.1058      0.0    0.0      21.862   24.7   0b1111111111111111    20190524T152444574917
15     140     2.3130      0.0       0.0     0.4608      0.0    0.0       5.019   24.7   0b1111111111111111    20190524T152444575230
 0     130     2.2755      0.0       0.0     0.1022      0.4    0.8      22.272   24.7   0b1111111111111111    20190524T152448021650
 1     130     2.2562      0.3       0.7     0.4443      0.3    0.8       5.078   24.7   0b1111111111111111    20190524T152448022068
 2     130     2.2658      0.0       0.0     0.1042      0.2    0.8      21.734   24.7   0b1111111111111111    20190524T152448022421
 3     130     2.2853      0.0       0.0     0.4532      0.3    0.8       5.043   24.7   0b1111111111111111    20190524T152448022794
 4     130     2.2679      0.3       0.8     0.1040      0.3    0.8      21.806   24.7   0b1111111111111111    20190524T152448023098
 5     130     2.2710      0.0       0.0     0.4492      0.0    0.0       5.056   24.7   0b1111111111111111    20190524T152448023414
 6     130     2.2718      0.2       0.8     0.1033      0.0    0.0      21.985   24.7   0b1111111111111111    20190524T152448023733
 7     130     2.2763      0.2       0.8     0.4496      0.4    0.8       5.063   24.7   0b1111111111111111    20190524T152448024023
 8     130     2.2665      0.0       0.0     0.1042      0.0    0.0      21.758   24.7   0b1111111111111111    20190524T152448024362
 9     130     2.2823      0.0       0.0     0.4527      0.3    0.8       5.042   24.7   0b1111111111111111    20190524T152448024721
10     130     2.2778      0.0       0.0     0.1050      0.0    0.0      21.693   24.7   0b1111111111111111    20190524T152448025010
11     130     2.2928      0.0       0.0     0.4550      0.0    0.0       5.039   24.7   0b1111111111111111    20190524T152448025295
12     130     2.2587      0.4       0.8     0.1021      0.4    0.8      22.126   24.7   0b1111111111111111    20190524T152448025629
13     130     2.2793      0.0       0.0     0.4502      0.3    0.8       5.063   24.7   0b1111111111111111    20190524T152448025918
14     130     2.2665      0.0       0.0     0.1038      0.4    0.8      21.828   24.7   0b1111111111111111    20190524T152448026202
15     130     2.2658      0.0       0.0     0.4513      0.4    0.8       5.020   24.7   0b1111111111111111    20190524T152448026538
 0     120     2.2261      0.2       0.8     0.0998      0.3    0.8      22.298   24.7   0b1111111111111111    20190524T152451464357
 1     120     2.2072      0.0       0.0     0.4350      0.0    0.0       5.074   24.7   0b1111111111111111    20190524T152451464841
 2     120     2.2170      0.0       0.0     0.1022      0.4    0.8      21.700   24.7   0b1111111111111111    20190524T152451465160
 3     120     2.2361      0.4       0.8     0.4433      0.0    0.0       5.044   24.7   0b1111111111111111    20190524T152451465518
 4     120     2.2206      0.3       0.7     0.1017      0.0    0.0      21.842   24.7   0b1111111111111111    20190524T152451465820
 5     120     2.2243      0.3       0.8     0.4399      0.2    0.8       5.056   24.7   0b1111111111111111    20190524T152451466115
 6     120     2.2252      0.0       0.0     0.1009      0.2    0.8      22.050   24.7   0b1111111111111111    20190524T152451466444
 7     120     2.2290      0.0       0.0     0.4400      0.0    0.0       5.066   24.7   0b1111111111111111    20190524T152451466765
 8     120     2.2185      0.0       0.0     0.1018      0.3    0.8      21.786   24.7   0b1111111111111111    20190524T152451467054
 9     120     2.2346      0.4       0.8     0.4433      0.2    0.8       5.041   24.7   0b1111111111111111    20190524T152451467444
10     120     2.2297      0.0       0.0     0.1028      0.4    0.8      21.701   24.7   0b1111111111111111    20190524T152451467767
11     120     2.2447      0.0       0.0     0.4453      0.4    0.8       5.041   24.7   0b1111111111111111    20190524T152451468057
12     120     2.2117      0.0       0.0     0.1000      0.0    0.0      22.117   24.7   0b1111111111111111    20190524T152451468345
13     120     2.2320      0.0       0.0     0.4408      0.0    0.0       5.063   24.7   0b1111111111111111    20190524T152451468694
14     120     2.2200      0.0       0.0     0.1017      0.0    0.0      21.836   24.7   0b1111111111111111    20190524T152451468981
15     120     2.2185      0.0       0.0     0.4417      0.0    0.0       5.023   24.7   0b1111111111111111    20190524T152451469268
 0     110     2.1795      0.0       0.0     0.0975      0.0    0.0      22.354   24.7   0b1111111111111111    20190524T152454907260
 1     110     2.1608      0.0       0.0     0.4258      0.0    0.0       5.074   24.7   0b1111111111111111    20190524T152454907700
 2     110     2.1702      0.4       0.8     0.1000      0.0    0.0      21.702   24.7   0b1111111111111111    20190524T152454908019
 3     110     2.1893      0.0       0.0     0.4342      0.0    0.0       5.042   24.7   0b1111111111111111    20190524T152454908319
 4     110     2.1762      0.4       0.8     0.0994      0.4    0.8      21.890   24.7   0b1111111111111111    20190524T152454908617
 5     110     2.1795      0.0       0.0     0.4308      0.0    0.0       5.059   24.7   0b1111111111111111    20190524T152454908771
 6     110     2.1803      0.0       0.0     0.0991      0.3    0.8      22.004   24.7   0b1111111111111111    20190524T152454908913
 7     110     2.1840      0.0       0.0     0.4312      0.4    0.8       5.065   24.7   0b1111111111111111    20190524T152454909054
 8     110     2.1722      0.3       0.8     0.1000      0.0    0.0      21.722   24.7   0b1111111111111111    20190524T152454909194
 9     110     2.1885      0.0       0.0     0.4342      0.0    0.0       5.041   24.7   0b1111111111111111    20190524T152454909334
10     110     2.1833      0.0       0.0     0.1008      0.0    0.0      21.652   24.7   0b1111111111111111    20190524T152454909501
11     110     2.1983      0.0       0.0     0.4360      0.3    0.8       5.042   24.7   0b1111111111111111    20190524T152454909643
12     110     2.1667      0.0       0.0     0.0977      0.4    0.8      22.166   24.7   0b1111111111111111    20190524T152454909782
13     110     2.1863      0.0       0.0     0.4317      0.0    0.0       5.065   24.7   0b1111111111111111    20190524T152454909945
14     110     2.1743      0.0       0.0     0.0993      0.2    0.8      21.907   24.7   0b1111111111111111    20190524T152454910092
15     110     2.1734      0.2       0.8     0.4325      0.0    0.0       5.025   24.7   0b1111111111111111    20190524T152454910231
 0     100     2.1300      0.0       0.0     0.0951      0.3    0.8      22.401   24.7   0b1111111111111111    20190524T152458357060
 1     100     2.1119      0.2       0.8     0.4158      0.0    0.0       5.079   24.7   0b1111111111111111    20190524T152458357561
 2     100     2.1210      0.0       0.0     0.0975      0.0    0.0      21.754   24.7   0b1111111111111111    20190524T152458357888
 3     100     2.1397      0.0       0.0     0.4242      0.0    0.0       5.045   24.7   0b1111111111111111    20190524T152458358223
 4     100     2.1285      0.0       0.0     0.0970      0.4    0.8      21.943   24.7   0b1111111111111111    20190524T152458358585
 5     100     2.1318      0.4       0.8     0.4214      0.4    0.8       5.059   24.7   0b1111111111111111    20190524T152458358887
 6     100     2.1324      0.3       0.8     0.0967      0.0    0.0      22.059   24.7   0b1111111111111111    20190524T152458359186
 7     100     2.1367      0.0       0.0     0.4217      0.0    0.0       5.067   24.7   0b1111111111111111    20190524T152458359529
 8     100     2.1239      0.3       0.8     0.0975      0.0    0.0      21.783   24.7   0b1111111111111111    20190524T152458359820
 9     100     2.1397      0.0       0.0     0.4242      0.0    0.0       5.045   24.7   0b1111111111111111    20190524T152458360161
10     100     2.1345      0.0       0.0     0.0983      0.0    0.0      21.707   24.7   0b1111111111111111    20190524T152458360517
11     100     2.1495      0.0       0.0     0.4262      0.4    0.8       5.044   24.7   0b1111111111111111    20190524T152458360811
12     100     2.1180      0.0       0.0     0.0958      0.0    0.0      22.101   24.7   0b1111111111111111    20190524T152458361128
13     100     2.1382      0.0       0.0     0.4223      0.3    0.8       5.063   24.7   0b1111111111111111    20190524T152458361478
14     100     2.1262      0.2       0.8     0.0973      0.4    0.8      21.863   24.7   0b1111111111111111    20190524T152458361773
15     100     2.1251      0.4       0.7     0.4231      0.4    0.8       5.023   24.7   0b1111111111111111    20190524T152458362059
 0      90     2.0807      0.3       0.8     0.0930      0.4    0.8      22.373   24.7   0b1111111111111111    20190524T152501815029
 1      90     2.0633      0.0       0.0     0.4060      0.3    0.8       5.082   24.7   0b1111111111111111    20190524T152501815538
 2      90     2.0715      0.0       0.0     0.0951      0.3    0.8      21.786   24.7   0b1111111111111111    20190524T152501815867
 3      90     2.0903      0.0       0.0     0.4142      0.0    0.0       5.047   24.7   0b1111111111111111    20190524T152501816166
 4      90     2.0807      0.3       0.8     0.0950      0.0    0.0      21.902   24.7   0b1111111111111111    20190524T152501816517
 5      90     2.0849      0.2       0.8     0.4118      0.3    0.8       5.063   24.7   0b1111111111111111    20190524T152501816813
 6      90     2.0843      0.0       0.0     0.0942      0.2    0.8      22.114   24.7   0b1111111111111111    20190524T152501817101
 7      90     2.0880      0.0       0.0     0.4121      0.4    0.8       5.067   24.7   0b1111111111111111    20190524T152501817417
 8      90     2.0739      0.3       0.8     0.0951      0.3    0.8      21.811   24.7   0b1111111111111111    20190524T152501817634
 9      90     2.0910      0.0       0.0     0.4145      0.4    0.8       5.045   24.7   0b1111111111111111    20190524T152501817802
10      90     2.0867      0.3       0.8     0.0958      0.0    0.0      21.775   24.7   0b1111111111111111    20190524T152501817943
11      90     2.1000      0.0       0.0     0.4164      0.4    0.8       5.043   24.7   0b1111111111111111    20190524T152501818082
12      90     2.0700      0.0       0.0     0.0933      0.0    0.0      22.179   24.7   0b1111111111111111    20190524T152501818220
13      90     2.0903      0.2       0.8     0.4128      0.4    0.8       5.064   24.7   0b1111111111111111    20190524T152501818358
14      90     2.0771      0.4       0.7     0.0950      0.0    0.0      21.864   24.7   0b1111111111111111    20190524T152501818527
15      90     2.0760      0.0       0.0     0.4133      0.2    0.8       5.024   24.7   0b1111111111111111    20190524T152501818666
 0      80     2.0295      0.0       0.0     0.0908      0.0    0.0      22.343   24.8   0b1111111111111111    20190524T152505272571
 1      80     2.0129      0.2       0.7     0.3958      0.0    0.0       5.085   24.8   0b1111111111111111    20190524T152505272970
 2      80     2.0205      0.0       0.0     0.0927      0.3    0.8      21.804   24.8   0b1111111111111111    20190524T152505273282
 3      80     2.0387      0.3       0.8     0.4042      0.0    0.0       5.044   24.8   0b1111111111111111    20190524T152505273632
 4      80     2.0314      0.4       0.7     0.0925      0.0    0.0      21.961   24.8   0b1111111111111111    20190524T152505273930
 5      80     2.0347      0.0       0.0     0.4017      0.0    0.0       5.066   24.8   0b1111111111111111    20190524T152505274234
 6      80     2.0340      0.0       0.0     0.0921      0.4    0.8      22.089   24.8   0b1111111111111111    20190524T152505274578
 7      80     2.0385      0.0       0.0     0.4023      0.3    0.8       5.067   24.8   0b1111111111111111    20190524T152505274871
 8      80     2.0235      0.0       0.0     0.0925      0.0    0.0      21.876   24.8   0b1111111111111111    20190524T152505275156
 9      80     2.0407      0.0       0.0     0.4044      0.4    0.8       5.046   24.8   0b1111111111111111    20190524T152505275544
10      80     2.0362      0.0       0.0     0.0936      0.4    0.8      21.759   24.8   0b1111111111111111    20190524T152505275852
11      80     2.0497      0.0       0.0     0.4066      0.2    0.8       5.041   24.8   0b1111111111111111    20190524T152505276138
12      80     2.0197      0.0       0.0     0.0908      0.0    0.0      22.236   24.8   0b1111111111111111    20190524T152505276487
13      80     2.0400      0.0       0.0     0.4026      0.2    0.8       5.067   24.8   0b1111111111111111    20190524T152505276782
14      80     2.0265      0.0       0.0     0.0925      0.0    0.0      21.908   24.8   0b1111111111111111    20190524T152505277068
15      80     2.0260      0.3       0.8     0.4030      0.4    0.8       5.027   24.8   0b1111111111111111    20190524T152505277351
 0      70     1.9789      0.4       0.8     0.0883      0.0    0.0      22.402   24.8   0b1111111111111111    20190524T152508729404
 1      70     1.9613      0.0       0.0     0.3858      0.0    0.0       5.083   24.8   0b1111111111111111    20190524T152508729904
 2      70     1.9689      0.3       0.8     0.0904      0.4    0.8      21.776   24.8   0b1111111111111111    20190524T152508730236
 3      70     1.9883      0.0       0.0     0.3938      0.4    0.8       5.048   24.8   0b1111111111111111    20190524T152508730538
 4      70     1.9815      0.0       0.0     0.0901      0.2    0.8      21.996   24.8   0b1111111111111111    20190524T152508730920
 5      70     1.9851      0.3       0.8     0.3918      0.3    0.8       5.066   24.8   0b1111111111111111    20190524T152508731226
 6      70     1.9838      0.2       0.8     0.0898      0.3    0.8      22.083   24.8   0b1111111111111111    20190524T152508731515
 7      70     1.9889      0.3       0.8     0.3923      0.3    0.8       5.069   24.8   0b1111111111111111    20190524T152508731865
 8      70     1.9725      0.0       0.0     0.0903      0.4    0.8      21.836   24.8   0b1111111111111111    20190524T152508732161
 9      70     1.9898      0.2       0.8     0.3942      0.0    0.0       5.048   24.8   0b1111111111111111    20190524T152508732500
10      70     1.9853      0.0       0.0     0.0914      0.4    0.8      21.716   24.8   0b1111111111111111    20190524T152508732858
11      70     1.9988      0.0       0.0     0.3962      0.4    0.8       5.045   24.8   0b1111111111111111    20190524T152508733152
12      70     1.9688      0.0       0.0     0.0885      0.3    0.8      22.246   24.8   0b1111111111111111    20190524T152508733437
13      70     1.9890      0.0       0.0     0.3925      0.0    0.0       5.068   24.8   0b1111111111111111    20190524T152508733775
14      70     1.9762      0.2       0.8     0.0900      0.0    0.0      21.958   24.8   0b1111111111111111    20190524T152508734099
15      70     1.9757      0.3       0.8     0.3928      0.4    0.8       5.029   24.8   0b1111111111111111    20190524T152508734385
 0      60     1.9267      0.0       0.0     0.0858      0.0    0.0      22.448   24.8   0b1111111111111111    20190524T152512189584
 1      60     1.9103      0.0       0.0     0.3758      0.0    0.0       5.083   24.8   0b1111111111111111    20190524T152512189994
 2      60     1.9178      0.0       0.0     0.0880      0.4    0.8      21.793   24.8   0b1111111111111111    20190524T152512190312
 3      60     1.9365      0.0       0.0     0.3835      0.3    0.8       5.050   24.8   0b1111111111111111    20190524T152512190662
 4      60     1.9299      0.3       0.8     0.0877      0.3    0.8      22.014   24.8   0b1111111111111111    20190524T152512191006
 5      60     1.9335      0.0       0.0     0.3817      0.0    0.0       5.066   24.8   0b1111111111111111    20190524T152512191305
 6      60     1.9350      0.0       0.0     0.0875      0.0    0.0      22.114   24.8   0b1111111111111111    20190524T152512191650
 7      60     1.9365      0.0       0.0     0.3818      0.3    0.8       5.072   24.8   0b1111111111111111    20190524T152512191942
 8      60     1.9215      0.0       0.0     0.0881      0.4    0.8      21.815   24.8   0b1111111111111111    20190524T152512192279
 9      60     1.9388      0.0       0.0     0.3842      0.0    0.0       5.047   24.8   0b1111111111111111    20190524T152512192748
10      60     1.9335      0.0       0.0     0.0891      0.2    0.8      21.704   24.8   0b1111111111111111    20190524T152512193105
11      60     1.9462      0.0       0.0     0.3858      0.0    0.0       5.044   24.8   0b1111111111111111    20190524T152512193503
12      60     1.9185      0.0       0.0     0.0862      0.4    0.8      22.265   24.8   0b1111111111111111    20190524T152512193800
13      60     1.9380      0.0       0.0     0.3824      0.3    0.8       5.068   24.8   0b1111111111111111    20190524T152512194085
14      60     1.9252      0.0       0.0     0.0875      0.0    0.0      22.003   24.8   0b1111111111111111    20190524T152512194369
15      60     1.9237      0.0       0.0     0.3825      0.0    0.0       5.029   24.8   0b1111111111111111    20190524T152512194781
 0      50     1.8742      0.0       0.0     0.0833      0.0    0.0      22.491   24.8   0b1111111111111111    20190524T152515647207
 1      50     1.8585      0.0       0.0     0.3655      0.4    0.8       5.085   24.8   0b1111111111111111    20190524T152515647687
 2      50     1.8660      0.0       0.0     0.0856      0.4    0.8      21.803   24.8   0b1111111111111111    20190524T152515648017
 3      50     1.8840      0.0       0.0     0.3731      0.4    0.8       5.050   24.8   0b1111111111111111    20190524T152515648318
 4      50     1.8795      0.0       0.0     0.0854      0.4    0.8      22.004   24.8   0b1111111111111111    20190524T152515648659
 5      50     1.8827      0.3       0.7     0.3717      0.0    0.0       5.065   24.8   0b1111111111111111    20190524T152515648952
 6      50     1.8847      0.0       0.0     0.0850      0.0    0.0      22.174   24.8   0b1111111111111111    20190524T152515649241
 7      50     1.8857      0.3       0.8     0.3717      0.0    0.0       5.073   24.8   0b1111111111111111    20190524T152515649579
 8      50     1.8697      0.0       0.0     0.0858      0.2    0.8      21.805   24.8   0b1111111111111111    20190524T152515649871
 9      50     1.8865      0.3       0.8     0.3740      0.3    0.8       5.044   24.8   0b1111111111111111    20190524T152515650217
10      50     1.8817      0.0       0.0     0.0864      0.4    0.8      21.775   24.8   0b1111111111111111    20190524T152515650570
11      50     1.8938      0.0       0.0     0.3752      0.3    0.8       5.048   24.8   0b1111111111111111    20190524T152515650874
12      50     1.8683      0.0       0.0     0.0840      0.3    0.8      22.241   24.8   0b1111111111111111    20190524T152515651183
13      50     1.8870      0.0       0.0     0.3724      0.2    0.8       5.067   24.8   0b1111111111111111    20190524T152515651538
14      50     1.8750      0.0       0.0     0.0853      0.4    0.8      21.994   24.8   0b1111111111111111    20190524T152515651832
15      50     1.8732      0.4       0.8     0.3724      0.2    0.8       5.030   24.8   0b1111111111111111    20190524T152515652118
 0      40     1.8218      0.0       0.0     0.0808      0.0    0.0      22.537   24.8   0b1111111111111111    20190524T152519106769
 1      40     1.8075      0.0       0.0     0.3551      0.2    0.8       5.090   24.8   0b1111111111111111    20190524T152519107185
 2      40     1.8143      0.2       0.7     0.0833      0.2    0.8      21.794   24.8   0b1111111111111111    20190524T152519107518
 3      40     1.8313      0.3       0.8     0.3625      0.0    0.0       5.052   24.8   0b1111111111111111    20190524T152519107847
 4      40     1.8289      0.4       0.8     0.0828      0.4    0.8      22.080   24.8   0b1111111111111111    20190524T152519107998
 5      40     1.8315      0.0       0.0     0.3616      0.2    0.8       5.065   24.8   0b1111111111111111    20190524T152519108143
 6      40     1.8330      0.0       0.0     0.0825      0.0    0.0      22.218   24.8   0b1111111111111111    20190524T152519108308
 7      40     1.8349      0.4       0.8     0.3617      0.0    0.0       5.074   24.8   0b1111111111111111    20190524T152519108542
 8      40     1.8180      0.0       0.0     0.0831      0.4    0.8      21.882   24.8   0b1111111111111111    20190524T152519108786
 9      40     1.8343      0.3       0.8     0.3634      0.3    0.8       5.048   24.8   0b1111111111111111    20190524T152519108933
10      40     1.8293      0.0       0.0     0.0840      0.3    0.8      21.777   24.8   0b1111111111111111    20190524T152519109074
11      40     1.8413      0.0       0.0     0.3649      0.2    0.8       5.046   24.8   0b1111111111111111    20190524T152519109225
12      40     1.8173      0.2       0.8     0.0817      0.0    0.0      22.253   24.8   0b1111111111111111    20190524T152519109365
13      40     1.8352      0.0       0.0     0.3617      0.0    0.0       5.074   24.8   0b1111111111111111    20190524T152519109503
14      40     1.8240      0.0       0.0     0.0828      0.4    0.8      22.042   24.8   0b1111111111111111    20190524T152519109660
15      40     1.8225      0.0       0.0     0.3623      0.3    0.8       5.030   24.8   0b1111111111111111    20190524T152519109813
 0      30     1.7715      0.0       0.0     0.0784      0.2    0.8      22.591   24.8   0b1111111111111111    20190524T152522589950
 1      30     1.7572      0.0       0.0     0.3451      0.3    0.8       5.092   24.8   0b1111111111111111    20190524T152522590353
 2      30     1.7635      0.3       0.8     0.0808      0.0    0.0      21.816   24.8   0b1111111111111111    20190524T152522590690
 3      30     1.7805      0.0       0.0     0.3524      0.2    0.8       5.052   24.8   0b1111111111111111    20190524T152522590990
 4      30     1.7793      0.4       0.8     0.0807      0.2    0.8      22.035   24.8   0b1111111111111111    20190524T152522591281
 5      30     1.7828      0.0       0.0     0.3517      0.0    0.0       5.069   24.8   0b1111111111111111    20190524T152522591593
 6      30     1.7843      0.0       0.0     0.0801      0.2    0.8      22.280   24.8   0b1111111111111111    20190524T152522591882
 7      30     1.7850      0.0       0.0     0.3517      0.0    0.0       5.076   24.8   0b1111111111111111    20190524T152522592169
 8      30     1.7670      0.0       0.0     0.0808      0.0    0.0      21.860   24.8   0b1111111111111111    20190524T152522592468
 9      30     1.7835      0.0       0.0     0.3533      0.0    0.0       5.048   24.8   0b1111111111111111    20190524T152522592774
10      30     1.7784      0.3       0.8     0.0816      0.3    0.8      21.799   24.8   0b1111111111111111    20190524T152522593059
11      30     1.7910      0.0       0.0     0.3549      0.2    0.8       5.046   24.8   0b1111111111111111    20190524T152522593342
12      30     1.7677      0.0       0.0     0.0792      0.0    0.0      22.329   24.8   0b1111111111111111    20190524T152522593649
13      30     1.7844      0.3       0.8     0.3517      0.0    0.0       5.074   24.8   0b1111111111111111    20190524T152522593934
14      30     1.7751      0.3       0.8     0.0807      0.3    0.8      22.005   24.8   0b1111111111111111    20190524T152522594270
15      30     1.7730      0.0       0.0     0.3525      0.0    0.0       5.030   24.8   0b1111111111111111    20190524T152522594599
 0      20     1.7203      0.3       0.8     0.0760      0.3    0.8      22.635   24.8   0b1111111111111111    20190524T152526067492
 1      20     1.7070      0.0       0.0     0.3351      0.2    0.8       5.094   24.8   0b1111111111111111    20190524T152526067906
 2      20     1.7128      0.3       0.7     0.0783      0.0    0.0      21.866   24.8   0b1111111111111111    20190524T152526068223
 3      20     1.7288      0.0       0.0     0.3422      0.4    0.8       5.052   24.8   0b1111111111111111    20190524T152526068547
 4      20     1.7295      0.0       0.0     0.0783      0.0    0.0      22.079   24.8   0b1111111111111111    20190524T152526068839
 5      20     1.7332      0.0       0.0     0.3417      0.3    0.8       5.072   24.8   0b1111111111111111    20190524T152526069127
 6      20     1.7350      0.4       0.8     0.0777      0.4    0.8      22.316   24.8   0b1111111111111111    20190524T152526069436
 7      20     1.7355      0.0       0.0     0.3417      0.3    0.8       5.078   24.8   0b1111111111111111    20190524T152526069725
 8      20     1.7161      0.3       0.8     0.0783      0.0    0.0      21.908   24.8   0b1111111111111111    20190524T152526070009
 9      20     1.7325      0.0       0.0     0.3433      0.0    0.0       5.046   24.8   0b1111111111111111    20190524T152526070315
10      20     1.7274      0.3       0.8     0.0792      0.0    0.0      21.820   24.8   0b1111111111111111    20190524T152526070602
11      20     1.7393      0.0       0.0     0.3443      0.2    0.8       5.052   24.8   0b1111111111111111    20190524T152526070886
12      20     1.7182      0.0       0.0     0.0769      0.4    0.8      22.339   24.8   0b1111111111111111    20190524T152526071170
13      20     1.7348      0.0       0.0     0.3420      0.4    0.8       5.072   24.8   0b1111111111111111    20190524T152526071476
14      20     1.7258      0.0       0.0     0.0783      0.0    0.0      22.031   24.8   0b1111111111111111    20190524T152526071760
15      20     1.7235      0.0       0.0     0.3425      0.0    0.0       5.032   24.8   0b1111111111111111    20190524T152526072043
 0      10     1.6695      0.0       0.0     0.0738      0.4    0.8      22.612   24.8   0b1111111111111111    20190524T152529566770
 1      10     1.6561      0.2       0.7     0.3252      0.3    0.8       5.093   24.8   0b1111111111111111    20190524T152529567189
 2      10     1.6620      0.0       0.0     0.0758      0.0    0.0      21.916   24.8   0b1111111111111111    20190524T152529567543
 3      10     1.6778      0.0       0.0     0.3321      0.4    0.8       5.052   24.8   0b1111111111111111    20190524T152529567846
 4      10     1.6808      0.0       0.0     0.0759      0.2    0.8      22.139   24.8   0b1111111111111111    20190524T152529568139
 5      10     1.6837      0.0       0.0     0.3319      0.4    0.8       5.073   24.8   0b1111111111111111    20190524T152529568452
 6      10     1.6858      0.3       0.8     0.0757      0.3    0.8      22.280   24.8   0b1111111111111111    20190524T152529568742
 7      10     1.6856      0.4       0.8     0.3317      0.0    0.0       5.082   24.8   0b1111111111111111    20190524T152529569029
 8      10     1.6657      0.0       0.0     0.0759      0.2    0.8      21.942   24.8   0b1111111111111111    20190524T152529569338
 9      10     1.6815      0.0       0.0     0.3330      0.4    0.8       5.050   24.8   0b1111111111111111    20190524T152529569626
10      10     1.6769      0.2       0.7     0.0767      0.0    0.0      21.873   24.8   0b1111111111111111    20190524T152529569910
11      10     1.6883      0.0       0.0     0.3342      0.0    0.0       5.052   24.8   0b1111111111111111    20190524T152529570193
12      10     1.6690      0.4       0.8     0.0746      0.4    0.8      22.378   24.8   0b1111111111111111    20190524T152529570500
13      10     1.6845      0.0       0.0     0.3318      0.3    0.8       5.076   24.8   0b1111111111111111    20190524T152529570784
14      10     1.6763      0.0       0.0     0.0758      0.0    0.0      22.104   24.8   0b1111111111111111    20190524T152529571066
15      10     1.6740      0.0       0.0     0.3325      0.0    0.0       5.035   24.8   0b1111111111111111    20190524T152529571369
 0       0     1.6178      0.0       0.0     0.0713      0.4    0.8      22.679   24.8   0b1111111111111111    20190524T152533051773
 1       0     1.6058      0.0       0.0     0.3150      0.0    0.0       5.098   24.8   0b1111111111111111    20190524T152533052197
 2       0     1.6110      0.0       0.0     0.0733      0.0    0.0      21.968   24.8   0b1111111111111111    20190524T152533052514
 3       0     1.6260      0.0       0.0     0.3217      0.0    0.0       5.055   24.8   0b1111111111111111    20190524T152533052886
 4       0     1.6305      0.0       0.0     0.0735      0.3    0.8      22.184   24.8   0b1111111111111111    20190524T152533053190
 5       0     1.6336      0.2       0.8     0.3218      0.3    0.8       5.076   24.8   0b1111111111111111    20190524T152533053481
 6       0     1.6357      0.0       0.0     0.0733      0.0    0.0      22.306   24.8   0b1111111111111111    20190524T152533053823
 7       0     1.6358      0.2       0.8     0.3218      0.2    0.8       5.084   24.8   0b1111111111111111    20190524T152533054116
 8       0     1.6155      0.0       0.0     0.0737      0.4    0.8      21.930   24.8   0b1111111111111111    20190524T152533054456
 9       0     1.6305      0.0       0.0     0.3228      0.4    0.8       5.051   24.8   0b1111111111111111    20190524T152533054812
10       0     1.6252      0.0       0.0     0.0742      0.0    0.0      21.913   24.8   0b1111111111111111    20190524T152533055108
11       0     1.6369      0.4       0.8     0.3242      0.0    0.0       5.049   24.8   0b1111111111111111    20190524T152533055393
12       0     1.6193      0.2       0.8     0.0723      0.3    0.8      22.387   24.8   0b1111111111111111    20190524T152533055735
13       0     1.6343      0.0       0.0     0.3219      0.4    0.8       5.077   24.8   0b1111111111111111    20190524T152533056025
14       0     1.6262      0.3       0.8     0.0733      0.0    0.0      22.176   24.8   0b1111111111111111    20190524T152533056310
15       0     1.6245      0.0       0.0     0.3225      0.0    0.0       5.037   24.8   0b1111111111111111    20190524T152533056594
