CH# Vset[DAC]   V[V]    dVRMS[mV] dVpp[mV]    I[A]  dIRMS[mA] dIpp[mA]   R[ohm]   T[C]   State                Timestamp
 0     250     2.8335      0.0       0.0     0.2798      0.5    1.7      10.129   24.2   0b1111111111111111    20190523T155421826564
 1     250     2.8365      0.0       0.0     1.2467      1.0    3.3       2.275   24.2   0b1111111111111111    20190523T155421826991
 2     250     2.8440      0.0       0.0     0.2790      0.5    1.7      10.194   24.2   0b1111111111111111    20190523T155421827302
 3     250     2.8415      0.4       0.8     1.2515      0.8    2.5       2.270   24.2   0b1111111111111111    20190523T155421827596
 4     250     2.8229      0.3       0.7     0.2802      0.3    0.8      10.076   24.2   0b1111111111111111    20190523T155421827741
 5     250     2.8223      0.0       0.0     1.2415      0.6    1.7       2.273   24.2   0b1111111111111111    20190523T155421827881
 6     250     2.8365      0.0       0.0     0.2789      0.5    1.7      10.170   24.2   0b1111111111111111    20190523T155421828019
 7     250     2.8013      0.0       0.0     1.2292      0.6    1.7       2.279   24.2   0b1111111111111111    20190523T155421828156
 8     250     2.8094      0.2       0.7     0.2776      0.7    1.7      10.121   24.2   0b1111111111111111    20190523T155421828292
 9     250     2.8148      0.0       0.0     1.2338      0.7    2.5       2.281   24.2   0b1111111111111111    20190523T155421828459
10     250     2.8226      0.4       0.7     0.2789      0.4    0.8      10.120   24.2   0b1111111111111111    20190523T155421828597
11     250     2.8284      0.3       0.8     1.2448      0.5    1.7       2.272   24.2   0b1111111111111111    20190523T155421828734
12     250     2.8178      0.0       0.0     0.2799      0.2    0.8      10.066   24.2   0b1111111111111111    20190523T155421828869
13     250     2.8006      0.2       0.8     1.2309      0.3    0.8       2.275   24.2   0b1111111111111111    20190523T155421829005
14     250     2.8289      0.2       0.8     0.2815      0.6    1.7      10.049   24.2   0b1111111111111111    20190523T155421829139
15     250     2.8059      0.3       0.7     1.2128      0.7    2.5       2.314   24.2   0b1111111111111111    20190523T155421829300
 0     240     2.7853      0.3       0.7     0.2751      0.6    1.7      10.125   24.3   0b1111111111111111    20190523T155425275499
 1     240     2.7900      0.0       0.0     1.2264      0.4    0.8       2.275   24.3   0b1111111111111111    20190523T155425275902
 2     240     2.7955      0.4       0.8     0.2746      0.4    0.8      10.181   24.3   0b1111111111111111    20190523T155425276210
 3     240     2.7952      0.0       0.0     1.2318      0.4    1.7       2.269   24.3   0b1111111111111111    20190523T155425276568
 4     240     2.7750      0.0       0.0     0.2758      0.3    0.8      10.063   24.3   0b1111111111111111    20190523T155425276860
 5     240     2.7757      0.0       0.0     1.2212      0.4    0.8       2.273   24.3   0b1111111111111111    20190523T155425277146
 6     240     2.7885      0.0       0.0     0.2744      0.4    0.8      10.162   24.3   0b1111111111111111    20190523T155425277494
 7     240     2.7555      0.0       0.0     1.2090      0.5    1.7       2.279   24.3   0b1111111111111111    20190523T155425277656
 8     240     2.7623      0.0       0.0     0.2731      0.4    0.8      10.115   24.3   0b1111111111111111    20190523T155425277792
 9     240     2.7675      0.0       0.0     1.2134      0.6    1.7       2.281   24.3   0b1111111111111111    20190523T155425277929
10     240     2.7753      0.4       0.8     0.2742      0.4    1.7      10.123   24.3   0b1111111111111111    20190523T155425278065
11     240     2.7819      0.3       0.8     1.2247      0.4    0.8       2.272   24.3   0b1111111111111111    20190523T155425278219
12     240     2.7705      0.0       0.0     0.2749      0.2    0.8      10.078   24.3   0b1111111111111111    20190523T155425278371
13     240     2.7540      0.0       0.0     1.2103      0.6    1.7       2.275   24.3   0b1111111111111111    20190523T155425278547
14     240     2.7817      0.0       0.0     0.2768      0.3    0.8      10.048   24.3   0b1111111111111111    20190523T155425278692
15     240     2.7600      0.0       0.0     1.1934      0.4    1.7       2.313   24.3   0b1111111111111111    20190523T155425278827
 0     230     2.7383      0.0       0.0     0.2703      0.4    0.8      10.129   24.3   0b1111111111111111    20190523T155428732665
 1     230     2.7435      0.0       0.0     1.2057      0.3    0.8       2.276   24.3   0b1111111111111111    20190523T155428733056
 2     230     2.7488      0.0       0.0     0.2699      0.4    1.7      10.184   24.3   0b1111111111111111    20190523T155428733358
 3     230     2.7480      0.0       0.0     1.2112      0.4    0.8       2.269   24.3   0b1111111111111111    20190523T155428733682
 4     230     2.7292      0.0       0.0     0.2708      0.0    0.0      10.077   24.3   0b1111111111111111    20190523T155428734010
 5     230     2.7299      0.2       0.7     1.2013      0.4    0.8       2.273   24.3   0b1111111111111111    20190523T155428734294
 6     230     2.7420      0.0       0.0     0.2698      0.3    0.8      10.162   24.3   0b1111111111111111    20190523T155428734574
 7     230     2.7098      0.0       0.0     1.1892      0.3    0.8       2.279   24.3   0b1111111111111111    20190523T155428734902
 8     230     2.7165      0.0       0.0     0.2685      0.3    0.8      10.117   24.3   0b1111111111111111    20190523T155428735236
 9     230     2.7218      0.0       0.0     1.1934      0.3    0.8       2.281   24.3   0b1111111111111111    20190523T155428735522
10     230     2.7292      0.0       0.0     0.2700      0.0    0.0      10.108   24.3   0b1111111111111111    20190523T155428735861
11     230     2.7360      0.0       0.0     1.2042      0.3    0.8       2.272   24.3   0b1111111111111111    20190523T155428736147
12     230     2.7247      0.0       0.0     0.2707      0.2    0.8      10.064   24.3   0b1111111111111111    20190523T155428736425
13     230     2.7090      0.0       0.0     1.1907      0.3    0.8       2.275   24.3   0b1111111111111111    20190523T155428736762
14     230     2.7360      0.0       0.0     0.2725      0.4    1.7      10.040   24.3   0b1111111111111111    20190523T155428737044
15     230     2.7142      0.0       0.0     1.1735      0.3    0.8       2.313   24.3   0b1111111111111111    20190523T155428737320
 0     220     2.6899      0.4       0.8     0.2655      0.4    0.8      10.131   24.4   0b1111111111111111    20190523T155432186314
 1     220     2.6947      0.0       0.0     1.1845      0.4    0.8       2.275   24.4   0b1111111111111111    20190523T155432186792
 2     220     2.7015      0.0       0.0     0.2652      0.3    0.8      10.188   24.4   0b1111111111111111    20190523T155432187100
 3     220     2.7002      0.3       0.8     1.1900      0.0    0.0       2.269   24.4   0b1111111111111111    20190523T155432187391
 4     220     2.6820      0.0       0.0     0.2660      0.3    0.8      10.083   24.4   0b1111111111111111    20190523T155432187740
 5     220     2.6827      0.0       0.0     1.1808      0.3    0.8       2.272   24.4   0b1111111111111111    20190523T155432187905
 6     220     2.6947      0.0       0.0     0.2650      0.0    0.0      10.169   24.4   0b1111111111111111    20190523T155432188042
 7     220     2.6626      0.2       0.8     1.1686      0.4    0.8       2.278   24.4   0b1111111111111111    20190523T155432188178
 8     220     2.6685      0.0       0.0     0.2637      0.4    0.8      10.121   24.4   0b1111111111111111    20190523T155432188312
 9     220     2.6749      0.4       0.7     1.1729      0.4    0.8       2.281   24.4   0b1111111111111111    20190523T155432188447
10     220     2.6826      0.3       0.8     0.2649      0.2    0.8      10.126   24.4   0b1111111111111111    20190523T155432188581
11     220     2.6887      0.0       0.0     1.1836      0.4    0.8       2.272   24.4   0b1111111111111111    20190523T155432188743
12     220     2.6782      0.0       0.0     0.2658      0.0    0.0      10.075   24.4   0b1111111111111111    20190523T155432188905
13     220     2.6625      0.0       0.0     1.1703      0.4    0.8       2.275   24.4   0b1111111111111111    20190523T155432189055
14     220     2.6880      0.0       0.0     0.2675      0.0    0.0      10.049   24.4   0b1111111111111111    20190523T155432189191
15     220     2.6678      0.0       0.0     1.1535      0.3    0.8       2.313   24.4   0b1111111111111111    20190523T155432189325
 0     210     2.6415      0.0       0.0     0.2608      0.0    0.0      10.127   24.4   0b1111111111111111    20190523T155435646604
 1     210     2.6460      0.0       0.0     1.1633      0.0    0.0       2.274   24.4   0b1111111111111111    20190523T155435647048
 2     210     2.6528      0.0       0.0     0.2605      0.4    0.8      10.183   24.4   0b1111111111111111    20190523T155435647362
 3     210     2.6520      0.0       0.0     1.1687      0.4    0.8       2.269   24.4   0b1111111111111111    20190523T155435647649
 4     210     2.6340      0.0       0.0     0.2612      0.4    0.8      10.082   24.4   0b1111111111111111    20190523T155435647796
 5     210     2.6352      0.4       0.7     1.1598      0.3    0.8       2.272   24.4   0b1111111111111111    20190523T155435647937
 6     210     2.6468      0.0       0.0     0.2602      0.3    0.8      10.173   24.4   0b1111111111111111    20190523T155435648078
 7     210     2.6154      0.3       0.8     1.1479      0.4    0.8       2.278   24.4   0b1111111111111111    20190523T155435648217
 8     210     2.6211      0.3       0.8     0.2590      0.3    0.8      10.120   24.4   0b1111111111111111    20190523T155435648353
 9     210     2.6273      0.0       0.0     1.1520      0.4    0.8       2.281   24.4   0b1111111111111111    20190523T155435648515
10     210     2.6348      0.0       0.0     0.2600      0.0    0.0      10.134   24.4   0b1111111111111111    20190523T155435648654
11     210     2.6408      0.0       0.0     1.1624      0.2    0.8       2.272   24.4   0b1111111111111111    20190523T155435648791
12     210     2.6309      0.2       0.7     0.2612      0.4    0.8      10.074   24.4   0b1111111111111111    20190523T155435648927
13     210     2.6152      0.0       0.0     1.1498      0.4    0.8       2.275   24.4   0b1111111111111111    20190523T155435649062
14     210     2.6408      0.0       0.0     0.2630      0.4    0.8      10.041   24.4   0b1111111111111111    20190523T155435649197
15     210     2.6205      0.0       0.0     1.1332      0.3    0.8       2.313   24.4   0b1111111111111111    20190523T155435649333
 0     200     2.5927      0.0       0.0     0.2558      0.0    0.0      10.135   24.5   0b1111111111111111    20190523T155439101795
 1     200     2.5972      0.0       0.0     1.1417      0.0    0.0       2.275   24.5   0b1111111111111111    20190523T155439102370
 2     200     2.6038      0.3       0.8     0.2558      0.2    0.8      10.181   24.5   0b1111111111111111    20190523T155439102924
 3     200     2.6025      0.0       0.0     1.1473      0.3    0.8       2.268   24.5   0b1111111111111111    20190523T155439103415
 4     200     2.5860      0.0       0.0     0.2565      0.3    0.8      10.082   24.5   0b1111111111111111    20190523T155439103947
 5     200     2.5873      0.3       0.8     1.1386      0.4    0.8       2.272   24.5   0b1111111111111111    20190523T155439104433
 6     200     2.5981      0.3       0.8     0.2557      0.3    0.8      10.162   24.5   0b1111111111111111    20190523T155439105010
 7     200     2.5680      0.0       0.0     1.1272      0.4    0.8       2.278   24.5   0b1111111111111111    20190523T155439105499
 8     200     2.5733      0.0       0.0     0.2542      0.0    0.0      10.124   24.5   0b1111111111111111    20190523T155439106025
 9     200     2.5793      0.0       0.0     1.1312      0.4    0.8       2.280   24.5   0b1111111111111111    20190523T155439106503
10     200     2.5867      0.0       0.0     0.2558      0.2    0.8      10.114   24.5   0b1111111111111111    20190523T155439107102
11     200     2.5927      0.0       0.0     1.1413      0.4    0.8       2.272   24.5   0b1111111111111111    20190523T155439107587
12     200     2.5830      0.0       0.0     0.2563      0.4    0.8      10.077   24.5   0b1111111111111111    20190523T155439108129
13     200     2.5680      0.0       0.0     1.1289      0.4    0.8       2.275   24.5   0b1111111111111111    20190523T155439108610
14     200     2.5927      0.0       0.0     0.2582      0.3    0.8      10.043   24.5   0b1111111111111111    20190523T155439109136
15     200     2.5733      0.0       0.0     1.1127      0.3    0.8       2.313   24.5   0b1111111111111111    20190523T155439109612
 0     190     2.5455      0.0       0.0     0.2512      0.4    0.8      10.135   24.6   0b1111111111111111    20190523T155442563510
 1     190     2.5508      0.0       0.0     1.1213      0.4    0.8       2.275   24.6   0b1111111111111111    20190523T155442563914
 2     190     2.5565      0.3       0.8     0.2510      0.3    0.8      10.185   24.6   0b1111111111111111    20190523T155442564211
 3     190     2.5560      0.0       0.0     1.1267      0.0    0.0       2.269   24.6   0b1111111111111111    20190523T155442564575
 4     190     2.5395      0.0       0.0     0.2518      0.3    0.8      10.084   24.6   0b1111111111111111    20190523T155442564878
 5     190     2.5423      0.3       0.7     1.1187      0.4    0.8       2.273   24.6   0b1111111111111111    20190523T155442565162
 6     190     2.5529      0.2       0.8     0.2508      0.0    0.0      10.178   24.6   0b1111111111111111    20190523T155442565494
 7     190     2.5219      0.4       0.8     1.1068      0.3    0.8       2.278   24.6   0b1111111111111111    20190523T155442565792
 8     190     2.5290      0.0       0.0     0.2496      0.4    0.8      10.133   24.6   0b1111111111111111    20190523T155442566072
 9     190     2.5343      0.0       0.0     1.1115      0.3    0.8       2.280   24.6   0b1111111111111111    20190523T155442566349
10     190     2.5410      0.0       0.0     0.2508      0.0    0.0      10.130   24.6   0b1111111111111111    20190523T155442566731
11     190     2.5478      0.0       0.0     1.1216      0.3    0.8       2.272   24.6   0b1111111111111111    20190523T155442567011
12     190     2.5372      0.0       0.0     0.2518      0.2    0.8      10.078   24.6   0b1111111111111111    20190523T155442567385
13     190     2.5230      0.0       0.0     1.1091      0.2    0.8       2.275   24.6   0b1111111111111111    20190523T155442567635
14     190     2.5475      0.4       0.8     0.2533      0.0    0.0      10.056   24.6   0b1111111111111111    20190523T155442567771
15     190     2.5284      0.3       0.8     1.0934      0.2    0.8       2.312   24.6   0b1111111111111111    20190523T155442567905
 0     180     2.4969      0.3       0.7     0.2460      0.3    0.8      10.150   24.6   0b1111111111111111    20190523T155446015361
 1     180     2.5020      0.0       0.0     1.1001      0.3    0.8       2.274   24.6   0b1111111111111111    20190523T155446015833
 2     180     2.5075      0.3       0.8     0.2460      0.3    0.8      10.193   24.6   0b1111111111111111    20190523T155446016142
 3     180     2.5075      0.4       0.8     1.1051      0.2    0.8       2.269   24.6   0b1111111111111111    20190523T155446016498
 4     180     2.4921      0.3       0.8     0.2471      0.4    0.8      10.086   24.6   0b1111111111111111    20190523T155446016791
 5     180     2.4945      0.0       0.0     1.0977      0.3    0.8       2.273   24.6   0b1111111111111111    20190523T155446017076
 6     180     2.5047      0.4       0.8     0.2462      0.4    0.8      10.175   24.6   0b1111111111111111    20190523T155446017357
 7     180     2.4747      0.4       0.8     1.0864      0.4    0.8       2.278   24.6   0b1111111111111111    20190523T155446017622
 8     180     2.4818      0.0       0.0     0.2450      0.0    0.0      10.130   24.6   0b1111111111111111    20190523T155446017760
 9     180     2.4862      0.0       0.0     1.0902      0.3    0.8       2.281   24.6   0b1111111111111111    20190523T155446017896
10     180     2.4931      0.3       0.8     0.2461      0.4    0.8      10.131   24.6   0b1111111111111111    20190523T155446018032
11     180     2.4997      0.0       0.0     1.1008      0.3    0.8       2.271   24.6   0b1111111111111111    20190523T155446018177
12     180     2.4899      0.2       0.8     0.2471      0.4    0.8      10.077   24.6   0b1111111111111111    20190523T155446018336
13     180     2.4758      0.0       0.0     1.0882      0.2    0.8       2.275   24.6   0b1111111111111111    20190523T155446018510
14     180     2.4997      0.0       0.0     0.2486      0.4    0.8      10.056   24.6   0b1111111111111111    20190523T155446018648
15     180     2.4818      0.0       0.0     1.0733      0.0    0.0       2.312   24.6   0b1111111111111111    20190523T155446018784
 0     170     2.4487      0.0       0.0     0.2413      0.4    0.8      10.147   24.7   0b1111111111111111    20190523T155449466802
 1     170     2.4533      0.2       0.8     1.0785      0.3    0.8       2.275   24.7   0b1111111111111111    20190523T155449467192
 2     170     2.4590      0.4       0.8     0.2413      0.4    0.8      10.189   24.7   0b1111111111111111    20190523T155449467581
 3     170     2.4586      0.2       0.8     1.0837      0.4    0.8       2.269   24.7   0b1111111111111111    20190523T155449467881
 4     170     2.4443      0.0       0.0     0.2422      0.4    0.8      10.090   24.7   0b1111111111111111    20190523T155449468165
 5     170     2.4465      0.0       0.0     1.0767      0.4    1.7       2.272   24.7   0b1111111111111111    20190523T155449468505
 6     170     2.4569      0.2       0.8     0.2414      0.4    0.8      10.177   24.7   0b1111111111111111    20190523T155449468791
 7     170     2.4277      0.0       0.0     1.0656      0.4    0.8       2.278   24.7   0b1111111111111111    20190523T155449469095
 8     170     2.4345      0.0       0.0     0.2402      0.4    0.8      10.133   24.7   0b1111111111111111    20190523T155449469459
 9     170     2.4390      0.0       0.0     1.0698      0.4    0.8       2.280   24.7   0b1111111111111111    20190523T155449469755
10     170     2.4457      0.0       0.0     0.2415      0.3    0.8      10.127   24.7   0b1111111111111111    20190523T155449470034
11     170     2.4518      0.0       0.0     1.0793      0.3    0.8       2.272   24.7   0b1111111111111111    20190523T155449470312
12     170     2.4427      0.2       0.8     0.2425      0.0    0.0      10.073   24.7   0b1111111111111111    20190523T155449470637
13     170     2.4285      0.0       0.0     1.0676      0.3    0.8       2.275   24.7   0b1111111111111111    20190523T155449470953
14     170     2.4525      0.0       0.0     0.2442      0.0    0.0      10.044   24.7   0b1111111111111111    20190523T155449471239
15     170     2.4345      0.0       0.0     1.0529      0.4    0.8       2.312   24.7   0b1111111111111111    20190523T155449471574
 0     160     2.4000      0.0       0.0     0.2366      0.2    0.8      10.144   24.7   0b1111111111111111    20190523T155452921272
 1     160     2.4047      0.3       0.8     1.0572      0.4    0.8       2.275   24.7   0b1111111111111111    20190523T155452921756
 2     160     2.4104      0.2       0.7     0.2365      0.3    0.8      10.192   24.7   0b1111111111111111    20190523T155452922072
 3     160     2.4097      0.0       0.0     1.0624      0.2    0.8       2.268   24.7   0b1111111111111111    20190523T155452922366
 4     160     2.3965      0.3       0.8     0.2376      0.2    0.8      10.087   24.7   0b1111111111111111    20190523T155452922718
 5     160     2.3992      0.2       0.8     1.0559      0.2    0.8       2.272   24.7   0b1111111111111111    20190523T155452923007
 6     160     2.4086      0.4       0.8     0.2366      0.2    0.8      10.181   24.7   0b1111111111111111    20190523T155452923290
 7     160     2.3805      0.0       0.0     1.0448      0.3    0.8       2.278   24.7   0b1111111111111111    20190523T155452923617
 8     160     2.3871      0.3       0.8     0.2356      0.4    0.8      10.133   24.7   0b1111111111111111    20190523T155452923942
 9     160     2.3911      0.2       0.8     1.0485      0.3    0.8       2.280   24.7   0b1111111111111111    20190523T155452924374
10     160     2.3980      0.3       0.7     0.2367      0.0    0.0      10.132   24.7   0b1111111111111111    20190523T155452924734
11     160     2.4039      0.3       0.8     1.0584      0.3    0.8       2.271   24.7   0b1111111111111111    20190523T155452925018
12     160     2.3951      0.4       0.8     0.2376      0.2    0.8      10.081   24.7   0b1111111111111111    20190523T155452925296
13     160     2.3819      0.3       0.8     1.0468      0.3    0.8       2.275   24.7   0b1111111111111111    20190523T155452925622
14     160     2.4050      0.3       0.8     0.2392      0.0    0.0      10.056   24.7   0b1111111111111111    20190523T155452925905
15     160     2.3874      0.3       0.7     1.0326      0.2    0.8       2.312   24.7   0b1111111111111111    20190523T155452926240
 0     150     2.3535      0.0       0.0     0.2317      0.0    0.0      10.159   24.8   0b1111111111111111    20190523T155456372100
 1     150     2.3588      0.0       0.0     1.0367      0.0    0.0       2.275   24.8   0b1111111111111111    20190523T155456372505
 2     150     2.3636      0.4       0.8     0.2317      0.2    0.8      10.199   24.8   0b1111111111111111    20190523T155456372899
 3     150     2.3646      0.3       0.8     1.0419      0.4    0.8       2.269   24.8   0b1111111111111111    20190523T155456373204
 4     150     2.3520      0.0       0.0     0.2328      0.4    0.8      10.102   24.8   0b1111111111111111    20190523T155456373494
 5     150     2.3535      0.0       0.0     1.0358      0.0    0.0       2.272   24.8   0b1111111111111111    20190523T155456373838
 6     150     2.3635      0.3       0.8     0.2320      0.4    0.8      10.187   24.8   0b1111111111111111    20190523T155456374127
 7     150     2.3349      0.3       0.8     1.0250      0.0    0.0       2.278   24.8   0b1111111111111111    20190523T155456374410
 8     150     2.3421      0.3       0.7     0.2308      0.0    0.0      10.146   24.8   0b1111111111111111    20190523T155456374745
 9     150     2.3462      0.3       0.8     1.0292      0.0    0.0       2.280   24.8   0b1111111111111111    20190523T155456375081
10     150     2.3527      0.0       0.0     0.2320      0.4    0.8      10.141   24.8   0b1111111111111111    20190523T155456375367
11     150     2.3588      0.0       0.0     1.0383      0.0    0.0       2.272   24.8   0b1111111111111111    20190523T155456375682
12     150     2.3513      0.0       0.0     0.2333      0.0    0.0      10.077   24.8   0b1111111111111111    20190523T155456375987
13     150     2.3377      0.2       0.8     1.0275      0.0    0.0       2.275   24.8   0b1111111111111111    20190523T155456376267
14     150     2.3603      0.0       0.0     0.2348      0.4    0.8      10.054   24.8   0b1111111111111111    20190523T155456376544
15     150     2.3422      0.0       0.0     1.0132      0.3    0.8       2.312   24.8   0b1111111111111111    20190523T155456376869
 0     140     2.3055      0.0       0.0     0.2268      0.3    0.8      10.164   24.8   0b1111111111111111    20190523T155459856183
 1     140     2.3101      0.2       0.8     1.0154      0.4    0.8       2.275   24.8   0b1111111111111111    20190523T155459856659
 2     140     2.3152      0.0       0.0     0.2269      0.4    0.8      10.203   24.8   0b1111111111111111    20190523T155459856978
 3     140     2.3160      0.0       0.0     1.0208      0.0    0.0       2.269   24.8   0b1111111111111111    20190523T155459857274
 4     140     2.3047      0.0       0.0     0.2283      0.0    0.0      10.094   24.8   0b1111111111111111    20190523T155459857581
 5     140     2.3062      0.0       0.0     1.0150      0.0    0.0       2.272   24.8   0b1111111111111111    20190523T155459857725
 6     140     2.3160      0.0       0.0     0.2272      0.4    0.8      10.195   24.8   0b1111111111111111    20190523T155459857864
 7     140     2.2883      0.0       0.0     1.0042      0.2    0.8       2.279   24.8   0b1111111111111111    20190523T155459858002
 8     140     2.2950      0.0       0.0     0.2263      0.4    0.8      10.140   24.8   0b1111111111111111    20190523T155459858146
 9     140     2.2995      0.0       0.0     1.0083      0.0    0.0       2.280   24.8   0b1111111111111111    20190523T155459858283
10     140     2.3055      0.0       0.0     0.2273      0.3    0.8      10.141   24.8   0b1111111111111111    20190523T155459858449
11     140     2.3110      0.3       0.8     1.0175      0.0    0.0       2.271   24.8   0b1111111111111111    20190523T155459858588
12     140     2.3040      0.0       0.0     0.2284      0.2    0.8      10.087   24.8   0b1111111111111111    20190523T155459858746
13     140     2.2908      0.4       0.8     1.0069      0.4    0.8       2.275   24.8   0b1111111111111111    20190523T155459858890
14     140     2.3130      0.0       0.0     0.2300      0.0    0.0      10.057   24.8   0b1111111111111111    20190523T155459859026
15     140     2.2957      0.0       0.0     0.9928      0.4    0.8       2.312   24.8   0b1111111111111111    20190523T155459859161
 0     130     2.2575      0.0       0.0     0.2222      0.4    0.8      10.161   24.9   0b1111111111111111    20190523T155503345533
 1     130     2.2621      0.2       0.8     0.9943      0.3    0.8       2.275   24.9   0b1111111111111111    20190523T155503345937
 2     130     2.2673      0.0       0.0     0.2222      0.4    0.8      10.205   24.9   0b1111111111111111    20190523T155503346248
 3     130     2.2679      0.3       0.8     0.9992      0.0    0.0       2.270   24.9   0b1111111111111111    20190523T155503346602
 4     130     2.2575      0.0       0.0     0.2235      0.3    0.8      10.101   24.9   0b1111111111111111    20190523T155503346895
 5     130     2.2590      0.0       0.0     0.9941      0.3    0.8       2.272   24.9   0b1111111111111111    20190523T155503347180
 6     130     2.2688      0.0       0.0     0.2225      0.0    0.0      10.197   24.9   0b1111111111111111    20190523T155503347534
 7     130     2.2418      0.0       0.0     0.9838      0.4    0.8       2.279   24.9   0b1111111111111111    20190523T155503347676
 8     130     2.2482      0.4       0.8     0.2216      0.2    0.8      10.146   24.9   0b1111111111111111    20190523T155503347813
 9     130     2.2523      0.0       0.0     0.9875      0.0    0.0       2.281   24.9   0b1111111111111111    20190523T155503347949
10     130     2.2582      0.0       0.0     0.2225      0.0    0.0      10.149   24.9   0b1111111111111111    20190523T155503348085
11     130     2.2640      0.4       0.8     0.9967      0.0    0.0       2.272   24.9   0b1111111111111111    20190523T155503348220
12     130     2.2574      0.2       0.8     0.2237      0.4    0.8      10.093   24.9   0b1111111111111111    20190523T155503348354
13     130     2.2447      0.2       0.7     0.9866      0.3    0.8       2.275   24.9   0b1111111111111111    20190523T155503348537
14     130     2.2659      0.3       0.8     0.2251      0.2    0.8      10.067   24.9   0b1111111111111111    20190523T155503348680
15     130     2.2492      0.0       0.0     0.9726      0.2    0.8       2.313   24.9   0b1111111111111111    20190523T155503348815
 0     120     2.2095      0.0       0.0     0.2175      0.0    0.0      10.159   24.9   0b1111111111111111    20190523T155506798001
 1     120     2.2148      0.2       0.8     0.9733      0.0    0.0       2.276   24.9   0b1111111111111111    20190523T155506798441
 2     120     2.2186      0.2       0.7     0.2175      0.0    0.0      10.200   24.9   0b1111111111111111    20190523T155506798798
 3     120     2.2192      0.0       0.0     0.9777      0.3    0.8       2.270   24.9   0b1111111111111111    20190523T155506799095
 4     120     2.2110      0.0       0.0     0.2188      0.4    0.8      10.104   24.9   0b1111111111111111    20190523T155506799382
 5     120     2.2125      0.0       0.0     0.9734      0.3    0.8       2.273   24.9   0b1111111111111111    20190523T155506799723
 6     120     2.2215      0.0       0.0     0.2178      0.4    0.8      10.198   24.9   0b1111111111111111    20190523T155506800007
 7     120     2.1945      0.0       0.0     0.9630      0.4    0.8       2.279   24.9   0b1111111111111111    20190523T155506800332
 8     120     2.2013      0.0       0.0     0.2167      0.0    0.0      10.160   24.9   0b1111111111111111    20190523T155506800686
 9     120     2.2050      0.0       0.0     0.9667      0.3    0.8       2.281   24.9   0b1111111111111111    20190523T155506800973
10     120     2.2110      0.0       0.0     0.2177      0.3    0.8      10.158   24.9   0b1111111111111111    20190523T155506801253
11     120     2.2177      0.0       0.0     0.9763      0.4    0.8       2.272   24.9   0b1111111111111111    20190523T155506801591
12     120     2.2102      0.0       0.0     0.2192      0.0    0.0      10.085   24.9   0b1111111111111111    20190523T155506801875
13     120     2.1983      0.0       0.0     0.9659      0.3    0.8       2.276   24.9   0b1111111111111111    20190523T155506802154
14     120     2.2185      0.0       0.0     0.2205      0.4    0.8      10.061   24.9   0b1111111111111111    20190523T155506802486
15     120     2.2035      0.0       0.0     0.9528      0.4    0.8       2.313   24.9   0b1111111111111111    20190523T155506802770
 0     110     2.1638      0.0       0.0     0.2125      0.0    0.0      10.182   25.0   0b1111111111111111    20190523T155510268315
 1     110     2.1692      0.3       0.7     0.9532      0.2    0.8       2.276   25.0   0b1111111111111111    20190523T155510268714
 2     110     2.1728      0.0       0.0     0.2125      0.0    0.0      10.225   25.0   0b1111111111111111    20190523T155510269025
 3     110     2.1728      0.0       0.0     0.9574      0.3    0.8       2.269   25.0   0b1111111111111111    20190523T155510269346
 4     110     2.1660      0.0       0.0     0.2142      0.0    0.0      10.114   25.0   0b1111111111111111    20190523T155510269636
 5     110     2.1675      0.0       0.0     0.9534      0.3    0.8       2.273   25.0   0b1111111111111111    20190523T155510269920
 6     110     2.1758      0.0       0.0     0.2133      0.3    0.8      10.203   25.0   0b1111111111111111    20190523T155510270203
 7     110     2.1501      0.3       0.8     0.9433      0.0    0.0       2.279   25.0   0b1111111111111111    20190523T155510270504
 8     110     2.1570      0.0       0.0     0.2123      0.3    0.8      10.159   25.0   0b1111111111111111    20190523T155510270784
 9     110     2.1599      0.2       0.8     0.9467      0.3    0.8       2.281   25.0   0b1111111111111111    20190523T155510271088
10     110     2.1660      0.0       0.0     0.2133      0.0    0.0      10.153   25.0   0b1111111111111111    20190523T155510271395
11     110     2.1728      0.0       0.0     0.9559      0.2    0.8       2.273   25.0   0b1111111111111111    20190523T155510271679
12     110     2.1652      0.0       0.0     0.2142      0.2    0.8      10.106   25.0   0b1111111111111111    20190523T155510271956
13     110     2.1540      0.0       0.0     0.9467      0.0    0.0       2.275   25.0   0b1111111111111111    20190523T155510272358
14     110     2.1741      0.3       0.8     0.2158      0.0    0.0      10.073   25.0   0b1111111111111111    20190523T155510272644
15     110     2.1589      0.4       0.8     0.9335      0.3    0.8       2.313   25.0   0b1111111111111111    20190523T155510272922
 0     100     2.1157      0.0       0.0     0.2078      0.4    0.8      10.180   25.0   0b1111111111111111    20190523T155513723029
 1     100     2.1210      0.0       0.0     0.9318      0.3    0.8       2.276   25.0   0b1111111111111111    20190523T155513723495
 2     100     2.1246      0.3       0.8     0.2078      0.4    0.8      10.227   25.0   0b1111111111111111    20190523T155513723828
 3     100     2.1247      0.0       0.0     0.9358      0.0    0.0       2.270   25.0   0b1111111111111111    20190523T155513724123
 4     100     2.1187      0.0       0.0     0.2094      0.4    0.8      10.117   25.0   0b1111111111111111    20190523T155513724456
 5     100     2.1202      0.0       0.0     0.9325      0.0    0.0       2.274   25.0   0b1111111111111111    20190523T155513724758
 6     100     2.1285      0.0       0.0     0.2085      0.3    0.8      10.209   25.0   0b1111111111111111    20190523T155513725052
 7     100     2.1029      0.2       0.8     0.9225      0.0    0.0       2.280   25.0   0b1111111111111111    20190523T155513725334
 8     100     2.1097      0.0       0.0     0.2074      0.2    0.8      10.172   25.0   0b1111111111111111    20190523T155513725662
 9     100     2.1125      0.3       0.8     0.9260      0.3    0.8       2.281   25.0   0b1111111111111111    20190523T155513725945
10     100     2.1187      0.0       0.0     0.2083      0.0    0.0      10.170   25.0   0b1111111111111111    20190523T155513726275
11     100     2.1255      0.0       0.0     0.9352      0.3    0.8       2.273   25.0   0b1111111111111111    20190523T155513726621
12     100     2.1180      0.0       0.0     0.2099      0.3    0.8      10.090   25.0   0b1111111111111111    20190523T155513726910
13     100     2.1067      0.0       0.0     0.9258      0.0    0.0       2.276   25.0   0b1111111111111111    20190523T155513727190
14     100     2.1270      0.0       0.0     0.2111      0.4    0.8      10.077   25.0   0b1111111111111111    20190523T155513727530
15     100     2.1120      0.0       0.0     0.9133      0.0    0.0       2.312   25.0   0b1111111111111111    20190523T155513727815
 0      90     2.0670      0.0       0.0     0.2030      0.4    0.8      10.182   25.0   0b1111111111111111    20190523T155517178376
 1      90     2.0722      0.0       0.0     0.9105      0.4    0.8       2.276   25.0   0b1111111111111111    20190523T155517178867
 2      90     2.0760      0.0       0.0     0.2028      0.4    0.8      10.235   25.0   0b1111111111111111    20190523T155517179175
 3      90     2.0768      0.0       0.0     0.9146      0.4    0.8       2.271   25.0   0b1111111111111111    20190523T155517179468
 4      90     2.0707      0.0       0.0     0.2047      0.4    0.8      10.114   25.0   0b1111111111111111    20190523T155517179808
 5      90     2.0724      0.3       0.8     0.9117      0.0    0.0       2.273   25.0   0b1111111111111111    20190523T155517180098
 6      90     2.0808      0.4       0.8     0.2038      0.4    0.8      10.213   25.0   0b1111111111111111    20190523T155517180382
 7      90     2.0549      0.2       0.8     0.9013      0.4    0.8       2.280   25.0   0b1111111111111111    20190523T155517180710
 8      90     2.0610      0.0       0.0     0.2025      0.0    0.0      10.178   25.0   0b1111111111111111    20190523T155517181053
 9      90     2.0654      0.3       0.8     0.9052      0.3    0.8       2.282   25.0   0b1111111111111111    20190523T155517181342
10      90     2.0713      0.3       0.8     0.2040      0.3    0.8      10.154   25.0   0b1111111111111111    20190523T155517181621
11      90     2.0775      0.0       0.0     0.9142      0.0    0.0       2.273   25.0   0b1111111111111111    20190523T155517181967
12      90     2.0707      0.0       0.0     0.2050      0.0    0.0      10.101   25.0   0b1111111111111111    20190523T155517182248
13      90     2.0587      0.0       0.0     0.9043      0.3    0.8       2.277   25.0   0b1111111111111111    20190523T155517182526
14      90     2.0798      0.0       0.0     0.2067      0.0    0.0      10.063   25.0   0b1111111111111111    20190523T155517182849
15      90     2.0643      0.4       0.8     0.8925      0.0    0.0       2.313   25.0   0b1111111111111111    20190523T155517183132
 0      80     2.0174      0.2       0.8     0.1978      0.4    0.8      10.198   25.1   0b1111111111111111    20190523T155520632171
 1      80     2.0227      0.0       0.0     0.8883      0.0    0.0       2.277   25.1   0b1111111111111111    20190523T155520632556
 2      80     2.0258      0.2       0.8     0.1982      0.3    0.8      10.223   25.1   0b1111111111111111    20190523T155520632921
 3      80     2.0272      0.0       0.0     0.8926      0.3    0.8       2.271   25.1   0b1111111111111111    20190523T155520633217
 4      80     2.0212      0.0       0.0     0.1998      0.3    0.8      10.115   25.1   0b1111111111111111    20190523T155520633500
 5      80     2.0235      0.0       0.0     0.8898      0.3    0.8       2.274   25.1   0b1111111111111111    20190523T155520633851
 6      80     2.0311      0.3       0.7     0.1985      0.3    0.8      10.232   25.1   0b1111111111111111    20190523T155520634138
 7      80     2.0055      0.0       0.0     0.8795      0.4    0.8       2.280   25.1   0b1111111111111111    20190523T155520634418
 8      80     2.0115      0.0       0.0     0.1976      0.2    0.8      10.181   25.1   0b1111111111111111    20190523T155520634792
 9      80     2.0160      0.0       0.0     0.8837      0.4    0.8       2.281   25.1   0b1111111111111111    20190523T155520635090
10      80     2.0220      0.0       0.0     0.1991      0.3    0.8      10.157   25.1   0b1111111111111111    20190523T155520635369
11      80     2.0281      0.3       0.8     0.8925      0.0    0.0       2.272   25.1   0b1111111111111111    20190523T155520635673
12      80     2.0212      0.0       0.0     0.2000      0.0    0.0      10.106   25.1   0b1111111111111111    20190523T155520635973
13      80     2.0093      0.0       0.0     0.8825      0.0    0.0       2.277   25.1   0b1111111111111111    20190523T155520636251
14      80     2.0303      0.2       0.8     0.2017      0.0    0.0      10.068   25.1   0b1111111111111111    20190523T155520636527
15      80     2.0153      0.0       0.0     0.8714      0.4    0.8       2.313   25.1   0b1111111111111111    20190523T155520636854
 0      70     1.9672      0.0       0.0     0.1928      0.4    0.8      10.206   25.1   0b1111111111111111    20190523T155524087859
 1      70     1.9733      0.0       0.0     0.8667      0.0    0.0       2.277   25.1   0b1111111111111111    20190523T155524088258
 2      70     1.9763      0.0       0.0     0.1931      0.4    0.8      10.235   25.1   0b1111111111111111    20190523T155524088645
 3      70     1.9773      0.4       0.8     0.8708      0.0    0.0       2.271   25.1   0b1111111111111111    20190523T155524088946
 4      70     1.9710      0.0       0.0     0.1948      0.4    0.8      10.121   25.1   0b1111111111111111    20190523T155524089232
 5      70     1.9740      0.0       0.0     0.8681      0.4    0.8       2.274   25.1   0b1111111111111111    20190523T155524089567
 6      70     1.9815      0.0       0.0     0.1938      0.4    0.8      10.227   25.1   0b1111111111111111    20190523T155524089855
 7      70     1.9560      0.0       0.0     0.8578      0.4    0.8       2.280   25.1   0b1111111111111111    20190523T155524090135
 8      70     1.9628      0.0       0.0     0.1925      0.0    0.0      10.196   25.1   0b1111111111111111    20190523T155524090466
 9      70     1.9663      0.3       0.8     0.8617      0.0    0.0       2.282   25.1   0b1111111111111111    20190523T155524090804
10      70     1.9725      0.0       0.0     0.1942      0.0    0.0      10.159   25.1   0b1111111111111111    20190523T155524091118
11      70     1.9787      0.3       0.8     0.8707      0.3    0.8       2.273   25.1   0b1111111111111111    20190523T155524091453
12      70     1.9711      0.2       0.8     0.1950      0.0    0.0      10.108   25.1   0b1111111111111111    20190523T155524091753
13      70     1.9598      0.0       0.0     0.8608      0.0    0.0       2.277   25.1   0b1111111111111111    20190523T155524092033
14      70     1.9808      0.0       0.0     0.1965      0.3    0.8      10.080   25.1   0b1111111111111111    20190523T155524092311
15      70     1.9657      0.0       0.0     0.8500      0.0    0.0       2.313   25.1   0b1111111111111111    20190523T155524092632
 0      60     1.9170      0.0       0.0     0.1878      0.4    0.8      10.210   25.1   0b1111111111111111    20190523T155527557445
 1      60     1.9222      0.0       0.0     0.8442      0.0    0.0       2.277   25.1   0b1111111111111111    20190523T155527557909
 2      60     1.9252      0.0       0.0     0.1880      0.4    0.8      10.241   25.1   0b1111111111111111    20190523T155527558218
 3      60     1.9267      0.0       0.0     0.8483      0.0    0.0       2.271   25.1   0b1111111111111111    20190523T155527558509
 4      60     1.9215      0.0       0.0     0.1897      0.4    0.8      10.131   25.1   0b1111111111111111    20190523T155527558859
 5      60     1.9237      0.0       0.0     0.8459      0.3    0.8       2.274   25.1   0b1111111111111111    20190523T155527559151
 6      60     1.9315      0.3       0.8     0.1889      0.4    0.8      10.224   25.1   0b1111111111111111    20190523T155527559432
 7      60     1.9056      0.3       0.8     0.8358      0.0    0.0       2.280   25.1   0b1111111111111111    20190523T155527559768
 8      60     1.9111      0.3       0.8     0.1875      0.0    0.0      10.193   25.1   0b1111111111111111    20190523T155527560051
 9      60     1.9163      0.0       0.0     0.8397      0.4    0.8       2.282   25.1   0b1111111111111111    20190523T155527560329
10      60     1.9222      0.0       0.0     0.1890      0.3    0.8      10.171   25.1   0b1111111111111111    20190523T155527560721
11      60     1.9286      0.4       0.8     0.8483      0.0    0.0       2.273   25.1   0b1111111111111111    20190523T155527561041
12      60     1.9215      0.0       0.0     0.1900      0.0    0.0      10.113   25.1   0b1111111111111111    20190523T155527561326
13      60     1.9099      0.4       0.8     0.8391      0.3    0.8       2.276   25.1   0b1111111111111111    20190523T155527561604
14      60     1.9305      0.0       0.0     0.1915      0.3    0.8      10.081   25.1   0b1111111111111111    20190523T155527561954
15      60     1.9163      0.0       0.0     0.8283      0.0    0.0       2.313   25.1   0b1111111111111111    20190523T155527562235
 0      50     1.8653      0.2       0.8     0.1825      0.0    0.0      10.221   25.2   0b1111111111111111    20190523T155531021052
 1      50     1.8712      0.0       0.0     0.8217      0.0    0.0       2.277   25.2   0b1111111111111111    20190523T155531021262
 2      50     1.8742      0.0       0.0     0.1826      0.2    0.8      10.265   25.2   0b1111111111111111    20190523T155531021407
 3      50     1.8758      0.0       0.0     0.8257      0.2    0.8       2.272   25.2   0b1111111111111111    20190523T155531021547
 4      50     1.8705      0.0       0.0     0.1846      0.4    0.8      10.134   25.2   0b1111111111111111    20190523T155531021739
 5      50     1.8727      0.0       0.0     0.8234      0.3    0.8       2.274   25.2   0b1111111111111111    20190523T155531021882
 6      50     1.8808      0.3       0.8     0.1835      0.3    0.8      10.249   25.2   0b1111111111111111    20190523T155531022019
 7      50     1.8555      0.0       0.0     0.8133      0.0    0.0       2.281   25.2   0b1111111111111111    20190523T155531022155
 8      50     1.8615      0.0       0.0     0.1825      0.0    0.0      10.200   25.2   0b1111111111111111    20190523T155531022291
 9      50     1.8659      0.2       0.8     0.8175      0.0    0.0       2.282   25.2   0b1111111111111111    20190523T155531022427
10      50     1.8720      0.0       0.0     0.1840      0.3    0.8      10.174   25.2   0b1111111111111111    20190523T155531022561
11      50     1.8780      0.0       0.0     0.8259      0.3    0.8       2.274   25.2   0b1111111111111111    20190523T155531022730
12      50     1.8712      0.0       0.0     0.1850      0.0    0.0      10.115   25.2   0b1111111111111111    20190523T155531022869
13      50     1.8600      0.0       0.0     0.8167      0.0    0.0       2.278   25.2   0b1111111111111111    20190523T155531023004
14      50     1.8801      0.3       0.8     0.1863      0.4    0.8      10.090   25.2   0b1111111111111111    20190523T155531023139
15      50     1.8660      0.0       0.0     0.8067      0.0    0.0       2.313   25.2   0b1111111111111111    20190523T155531023274
 0      40     1.8143      0.2       0.7     0.1775      0.0    0.0      10.222   25.2   0b1111111111111111    20190523T155534474186
 1      40     1.8195      0.0       0.0     0.7988      0.4    0.8       2.278   25.2   0b1111111111111111    20190523T155534474584
 2      40     1.8221      0.4       0.8     0.1775      0.0    0.0      10.265   25.2   0b1111111111111111    20190523T155534474994
 3      40     1.8239      0.2       0.8     0.8025      0.0    0.0       2.273   25.2   0b1111111111111111    20190523T155534475296
 4      40     1.8196      0.3       0.8     0.1793      0.3    0.8      10.147   25.2   0b1111111111111111    20190523T155534475587
 5      40     1.8218      0.0       0.0     0.8008      0.0    0.0       2.275   25.2   0b1111111111111111    20190523T155534475924
 6      40     1.8293      0.0       0.0     0.1783      0.0    0.0      10.257   25.2   0b1111111111111111    20190523T155534476212
 7      40     1.8057      0.4       0.8     0.7918      0.3    0.8       2.281   25.2   0b1111111111111111    20190523T155534476495
 8      40     1.8113      0.0       0.0     0.1774      0.2    0.8      10.209   25.2   0b1111111111111111    20190523T155534476831
 9      40     1.8150      0.0       0.0     0.7953      0.4    0.8       2.282   25.2   0b1111111111111111    20190523T155534477160
10      40     1.8214      0.4       0.8     0.1788      0.4    0.8      10.185   25.2   0b1111111111111111    20190523T155534477458
11      40     1.8266      0.4       0.7     0.8033      0.0    0.0       2.274   25.2   0b1111111111111111    20190523T155534477803
12      40     1.8203      0.0       0.0     0.1799      0.2    0.8      10.117   25.2   0b1111111111111111    20190523T155534477944
13      40     1.8097      0.0       0.0     0.7950      0.0    0.0       2.276   25.2   0b1111111111111111    20190523T155534478080
14      40     1.8293      0.0       0.0     0.1813      0.4    0.8      10.088   25.2   0b1111111111111111    20190523T155534478214
15      40     1.8157      0.0       0.0     0.7850      0.0    0.0       2.313   25.2   0b1111111111111111    20190523T155534478349
 0      30     1.7647      0.0       0.0     0.1725      0.0    0.0      10.230   25.3   0b1111111111111111    20190523T155537931609
 1      30     1.7700      0.0       0.0     0.7768      0.3    0.8       2.278   25.3   0b1111111111111111    20190523T155537932002
 2      30     1.7730      0.0       0.0     0.1725      0.0    0.0      10.278   25.3   0b1111111111111111    20190523T155537932334
 3      30     1.7730      0.0       0.0     0.7803      0.4    0.8       2.272   25.3   0b1111111111111111    20190523T155537932750
 4      30     1.7708      0.0       0.0     0.1746      0.4    0.8      10.143   25.3   0b1111111111111111    20190523T155537933115
 5      30     1.7736      0.3       0.8     0.7797      0.4    0.8       2.275   25.3   0b1111111111111111    20190523T155537933457
 6      30     1.7804      0.2       0.8     0.1734      0.2    0.8      10.267   25.3   0b1111111111111111    20190523T155537933761
 7      30     1.7572      0.0       0.0     0.7700      0.0    0.0       2.282   25.3   0b1111111111111111    20190523T155537934061
 8      30     1.7618      0.2       0.8     0.1725      0.0    0.0      10.213   25.3   0b1111111111111111    20190523T155537934380
 9      30     1.7662      0.0       0.0     0.7736      0.4    0.8       2.283   25.3   0b1111111111111111    20190523T155537934725
10      30     1.7722      0.2       0.8     0.1739      0.4    0.8      10.190   25.3   0b1111111111111111    20190523T155537935008
11      30     1.7782      0.0       0.0     0.7825      0.0    0.0       2.273   25.3   0b1111111111111111    20190523T155537935287
12      30     1.7723      0.0       0.0     0.1751      0.2    0.8      10.122   25.3   0b1111111111111111    20190523T155537935614
13      30     1.7617      0.0       0.0     0.7733      0.0    0.0       2.278   25.3   0b1111111111111111    20190523T155537935897
14      30     1.7803      0.3       0.8     0.1762      0.4    0.8      10.106   25.3   0b1111111111111111    20190523T155537936175
15      30     1.7670      0.0       0.0     0.7639      0.4    0.8       2.313   25.3   0b1111111111111111    20190523T155537936513
 0      20     1.7146      0.2       0.8     0.1675      0.0    0.0      10.236   25.3   0b1111111111111111    20190523T155541387666
 1      20     1.7197      0.0       0.0     0.7550      0.0    0.0       2.278   25.3   0b1111111111111111    20190523T155541388096
 2      20     1.7222      0.3       0.8     0.1676      0.3    0.8      10.277   25.3   0b1111111111111111    20190523T155541388449
 3      20     1.7228      0.0       0.0     0.7582      0.3    0.8       2.272   25.3   0b1111111111111111    20190523T155541388783
 4      20     1.7212      0.2       0.7     0.1696      0.4    0.8      10.149   25.3   0b1111111111111111    20190523T155541389070
 5      20     1.7236      0.2       0.8     0.7577      0.3    0.8       2.275   25.3   0b1111111111111111    20190523T155541389354
 6      20     1.7303      0.0       0.0     0.1684      0.2    0.8      10.274   25.3   0b1111111111111111    20190523T155541389703
 7      20     1.7079      0.3       0.8     0.7486      0.4    0.8       2.282   25.3   0b1111111111111111    20190523T155541390048
 8      20     1.7129      0.2       0.7     0.1675      0.0    0.0      10.226   25.3   0b1111111111111111    20190523T155541390336
 9      20     1.7167      0.2       0.8     0.7521      0.4    0.8       2.283   25.3   0b1111111111111111    20190523T155541390673
10      20     1.7228      0.0       0.0     0.1691      0.2    0.8      10.189   25.3   0b1111111111111111    20190523T155541391013
11      20     1.7288      0.0       0.0     0.7601      0.2    0.8       2.274   25.3   0b1111111111111111    20190523T155541391301
12      20     1.7228      0.0       0.0     0.1700      0.0    0.0      10.134   25.3   0b1111111111111111    20190523T155541391636
13      20     1.7125      0.3       0.7     0.7520      0.4    0.8       2.277   25.3   0b1111111111111111    20190523T155541391922
14      20     1.7309      0.3       0.8     0.1710      0.3    0.8      10.122   25.3   0b1111111111111111    20190523T155541392200
15      20     1.7182      0.0       0.0     0.7427      0.3    0.8       2.314   25.3   0b1111111111111111    20190523T155541392533
 0      10     1.6646      0.4       0.7     0.1625      0.0    0.0      10.244   25.3   0b1111111111111111    20190523T155544840427
 1      10     1.6695      0.0       0.0     0.7326      0.3    0.8       2.279   25.3   0b1111111111111111    20190523T155544840859
 2      10     1.6717      0.0       0.0     0.1627      0.3    0.8      10.277   25.3   0b1111111111111111    20190523T155544841167
 3      10     1.6725      0.0       0.0     0.7358      0.0    0.0       2.273   25.3   0b1111111111111111    20190523T155544841521
 4      10     1.6716      0.3       0.8     0.1644      0.4    0.8      10.167   25.3   0b1111111111111111    20190523T155544841815
 5      10     1.6740      0.0       0.0     0.7358      0.0    0.0       2.275   25.3   0b1111111111111111    20190523T155544842099
 6      10     1.6807      0.2       0.8     0.1635      0.3    0.8      10.279   25.3   0b1111111111111111    20190523T155544842379
 7      10     1.6590      0.0       0.0     0.7272      0.4    0.8       2.281   25.3   0b1111111111111111    20190523T155544842757
 8      10     1.6641      0.3       0.8     0.1625      0.0    0.0      10.241   25.3   0b1111111111111111    20190523T155544843056
 9      10     1.6672      0.0       0.0     0.7301      0.3    0.8       2.284   25.3   0b1111111111111111    20190523T155544843337
10      10     1.6732      0.2       0.7     0.1641      0.2    0.8      10.197   25.3   0b1111111111111111    20190523T155544843673
11      10     1.6789      0.4       0.8     0.7383      0.0    0.0       2.274   25.3   0b1111111111111111    20190523T155544843957
12      10     1.6740      0.0       0.0     0.1652      0.3    0.8      10.135   25.3   0b1111111111111111    20190523T155544844234
13      10     1.6635      0.0       0.0     0.7305      0.4    0.8       2.277   25.3   0b1111111111111111    20190523T155544844568
14      10     1.6813      0.3       0.8     0.1664      0.4    0.8      10.103   25.3   0b1111111111111111    20190523T155544844851
15      10     1.6695      0.0       0.0     0.7217      0.0    0.0       2.313   25.3   0b1111111111111111    20190523T155544845127
 0       0     1.6140      0.0       0.0     0.1575      0.0    0.0      10.248   25.3   0b1111111111111111    20190523T155548291629
 1       0     1.6189      0.4       0.7     0.7104      0.4    0.8       2.279   25.3   0b1111111111111111    20190523T155548291882
 2       0     1.6215      0.0       0.0     0.1575      0.0    0.0      10.295   25.3   0b1111111111111111    20190523T155548292048
 3       0     1.6215      0.0       0.0     0.7134      0.3    0.8       2.273   25.3   0b1111111111111111    20190523T155548292197
 4       0     1.6215      0.0       0.0     0.1598      0.3    0.8      10.145   25.3   0b1111111111111111    20190523T155548292341
 5       0     1.6245      0.0       0.0     0.7140      0.3    0.8       2.275   25.3   0b1111111111111111    20190523T155548292482
 6       0     1.6305      0.0       0.0     0.1586      0.4    0.8      10.282   25.3   0b1111111111111111    20190523T155548292622
 7       0     1.6103      0.0       0.0     0.7058      0.3    0.8       2.282   25.3   0b1111111111111111    20190523T155548292810
 8       0     1.6147      0.2       0.8     0.1575      0.0    0.0      10.252   25.3   0b1111111111111111    20190523T155548292951
 9       0     1.6178      0.0       0.0     0.7084      0.2    0.8       2.284   25.3   0b1111111111111111    20190523T155548293088
10       0     1.6237      0.2       0.8     0.1591      0.2    0.8      10.206   25.3   0b1111111111111111    20190523T155548293224
11       0     1.6290      0.0       0.0     0.7165      0.3    0.8       2.274   25.3   0b1111111111111111    20190523T155548293359
12       0     1.6245      0.0       0.0     0.1600      0.0    0.0      10.153   25.3   0b1111111111111111    20190523T155548293493
13       0     1.6148      0.0       0.0     0.7091      0.2    0.8       2.277   25.3   0b1111111111111111    20190523T155548293691
14       0     1.6313      0.0       0.0     0.1612      0.4    0.8      10.122   25.3   0b1111111111111111    20190523T155548293841
15       0     1.6200      0.0       0.0     0.7001      0.2    0.8       2.314   25.3   0b1111111111111111    20190523T155548293977
