CH# Vset[DAC]   V[V]    dVRMS[mV] dVpp[mV]    I[A]  dIRMS[mA] dIpp[mA]   R[ohm]   T[C]   State                Timestamp
 0     250     2.8335      0.0       0.0     0.0020      0.4    0.8    1416.750   30.2   0b1111111111111111    20190612T110643130402
 1     250     2.8395      0.0       0.0     0.0013      0.6    1.7    2271.600   30.2   0b1111111111111111    20190612T110643130830
 2     250     2.8365      0.0       0.0     0.0020      0.4    0.8    1418.250   30.2   0b1111111111111111    20190612T110643131141
 3     250     2.8448      0.0       0.0     0.0014      0.4    0.8    2008.059   30.2   0b1111111111111111    20190612T110643131490
 4     250     2.8605      0.0       0.0     0.0017      0.4    1.7    1716.300   30.2   0b1111111111111111    20190612T110643131787
 5     250     2.8530      0.0       0.0     0.0016      0.4    1.7    1801.895   30.2   0b1111111111111111    20190612T110643132104
 6     250     2.8485      0.0       0.0     0.0000      0.4    1.7    -666.000   30.2   0b1111111111111111    20190612T110643132454
 7     250     2.8418      0.0       0.0     0.0006      0.4    0.8    4871.571   30.2   0b1111111111111111    20190612T110643132999
 8     250     2.8410      0.0       0.0     0.0013      0.4    0.8    2272.800   30.2   0b1111111111111111    20190612T110643133371
 9     250     2.8463      0.0       0.0    -0.0008      0.4    1.7    -666.000   30.2   0b1111111111111111    20190612T110643133667
10     250     2.8538      0.0       0.0     0.0042      0.3    0.8     671.471   30.2   0b1111111111111111    20190612T110643133954
11     250     2.8525      0.3       0.8     0.0002      0.4    0.8   11409.900   30.2   0b1111111111111111    20190612T110643134295
12     250     2.8355      0.3       0.8     0.0008      0.0    0.0    3402.630   30.2   0b1111111111111111    20190612T110643134586
13     250     2.8322      0.3       0.8     0.0019      0.4    0.8    1477.683   30.2   0b1111111111111111    20190612T110643134869
14     250     2.8538      0.0       0.0     0.0000      0.4    1.7    -666.000   30.2   0b1111111111111111    20190612T110643135150
15     250     2.8215      0.0       0.0     0.0006      0.4    0.8    4836.857   30.2   0b1111111111111111    20190612T110643135526
 0     240     2.7855      0.0       0.0     0.0018      0.2    0.8    1591.714   30.2   0b1111111111111111    20190612T110646592237
 1     240     2.7915      0.0       0.0     0.0013      0.4    0.8    2093.625   30.2   0b1111111111111111    20190612T110646592713
 2     240     2.7885      0.0       0.0     0.0019      0.4    0.8    1454.870   30.2   0b1111111111111111    20190612T110646593037
 3     240     2.7960      0.0       0.0     0.0015      0.3    0.8    1864.000   30.2   0b1111111111111111    20190612T110646593337
 4     240     2.8117      0.0       0.0     0.0013      0.4    0.8    2249.400   30.2   0b1111111111111111    20190612T110646593687
 5     240     2.8043      0.0       0.0     0.0016      0.3    0.8    1771.105   30.2   0b1111111111111111    20190612T110646593983
 6     240     2.7997      0.0       0.0    -0.0003      0.4    0.8    -666.000   30.2   0b1111111111111111    20190612T110646594270
 7     240     2.7930      0.0       0.0     0.0002      0.3    0.8   16758.000   30.2   0b1111111111111111    20190612T110646594652
 8     240     2.7922      0.0       0.0     0.0010      0.5    1.7    2792.250   30.2   0b1111111111111111    20190612T110646594948
 9     240     2.7976      0.2       0.8    -0.0009      0.3    0.8    -666.000   30.2   0b1111111111111111    20190612T110646595233
10     240     2.8050      0.0       0.0     0.0042      0.0    0.0     673.200   30.2   0b1111111111111111    20190612T110646595573
11     240     2.8043      0.0       0.0     0.0002      0.3    0.8   16825.500   30.2   0b1111111111111111    20190612T110646595862
12     240     2.7875      0.3       0.7     0.0008      0.0    0.0    3345.030   30.2   0b1111111111111111    20190612T110646596145
13     240     2.7847      0.0       0.0     0.0018      0.2    0.8    1591.286   30.2   0b1111111111111111    20190612T110646596426
14     240     2.8058      0.0       0.0    -0.0001      0.2    0.8    -666.000   30.2   0b1111111111111111    20190612T110646596783
15     240     2.7737      0.3       0.7     0.0003      0.4    0.8    8321.175   30.2   0b1111111111111111    20190612T110646597070
 0     230     2.7390      0.0       0.0     0.0018      0.2    0.8    1565.143   30.2   0b1111111111111111    20190612T110650045974
 1     230     2.7443      0.0       0.0     0.0012      0.4    0.8    2352.214   30.2   0b1111111111111111    20190612T110650046463
 2     230     2.7413      0.2       0.8     0.0019      0.4    0.8    1430.257   30.2   0b1111111111111111    20190612T110650046790
 3     230     2.7495      0.0       0.0     0.0013      0.4    0.8    2199.600   30.2   0b1111111111111111    20190612T110650047089
 4     230     2.7638      0.0       0.0     0.0014      0.4    0.8    1950.882   30.2   0b1111111111111111    20190612T110650047436
 5     230     2.7569      0.3       0.8     0.0017      0.0    0.0    1654.110   30.2   0b1111111111111111    20190612T110650047730
 6     230     2.7525      0.0       0.0    -0.0006      0.4    0.8    -666.000   30.2   0b1111111111111111    20190612T110650048014
 7     230     2.7458      0.0       0.0     0.0004      0.4    0.8    6589.800   30.2   0b1111111111111111    20190612T110650048376
 8     230     2.7458      0.0       0.0     0.0010      0.3    0.8    2745.750   30.2   0b1111111111111111    20190612T110650048518
 9     230     2.7506      0.4       0.7    -0.0009      0.3    0.8    -666.000   30.2   0b1111111111111111    20190612T110650048656
10     230     2.7578      0.0       0.0     0.0041      0.2    0.8     675.367   30.2   0b1111111111111111    20190612T110650048794
11     230     2.7570      0.0       0.0     0.0000      0.0    0.0    -666.000   30.2   0b1111111111111111    20190612T110650048930
12     230     2.7407      0.3       0.8     0.0008      0.0    0.0    3288.870   30.2   0b1111111111111111    20190612T110650049066
13     230     2.7383      0.0       0.0     0.0018      0.3    0.8    1493.591   30.2   0b1111111111111111    20190612T110650049203
14     230     2.7593      0.0       0.0    -0.0002      0.4    0.8    -666.000   30.2   0b1111111111111111    20190612T110650049372
15     230     2.7277      0.0       0.0     0.0005      0.4    0.8    5455.500   30.2   0b1111111111111111    20190612T110650049509
 0     220     2.6902      0.0       0.0     0.0017      0.0    0.0    1614.150   30.2   0b1111111111111111    20190612T110653501278
 1     220     2.6970      0.0       0.0     0.0012      0.4    0.8    2311.714   30.2   0b1111111111111111    20190612T110653502058
 2     220     2.6932      0.0       0.0     0.0017      0.0    0.0    1615.950   30.2   0b1111111111111111    20190612T110653502451
 3     220     2.7015      0.0       0.0     0.0010      0.3    0.8    2701.500   30.2   0b1111111111111111    20190612T110653502767
 4     220     2.7151      0.2       0.7     0.0009      0.3    0.8    2961.900   30.2   0b1111111111111111    20190612T110653503061
 5     220     2.7083      0.0       0.0     0.0014      0.4    0.8    1911.706   30.2   0b1111111111111111    20190612T110653503348
 6     220     2.7041      0.4       0.8    -0.0006      0.4    0.8    -666.000   30.2   0b1111111111111111    20190612T110653503702
 7     220     2.6977      0.0       0.0     0.0001      0.2    0.8   32373.000   30.2   0b1111111111111111    20190612T110653504026
 8     220     2.6974      0.4       0.8     0.0010      0.3    0.8    2697.375   30.2   0b1111111111111111    20190612T110653504368
 9     220     2.7030      0.0       0.0    -0.0012      0.4    0.8    -666.000   30.2   0b1111111111111111    20190612T110653504710
10     220     2.7097      0.2       0.8     0.0039      0.4    0.8     691.832   30.2   0b1111111111111111    20190612T110653505001
11     220     2.7075      0.0       0.0     0.0002      0.3    0.8   16245.000   30.2   0b1111111111111111    20190612T110653505282
12     220     2.6932      0.0       0.0     0.0006      0.4    0.8    4617.000   30.2   0b1111111111111111    20190612T110653505622
13     220     2.6902      0.0       0.0     0.0018      0.2    0.8    1537.286   30.2   0b1111111111111111    20190612T110653505919
14     220     2.7100      0.4       0.7    -0.0002      0.4    0.8    -666.000   30.2   0b1111111111111111    20190612T110653506399
15     220     2.6805      0.0       0.0     0.0002      0.4    0.8   10722.000   30.2   0b1111111111111111    20190612T110653506798
 0     210     2.6423      0.0       0.0     0.0017      0.0    0.0    1585.350   30.2   0b1111111111111111    20190612T110656956388
 1     210     2.6483      0.0       0.0     0.0009      0.3    0.8    2889.000   30.2   0b1111111111111111    20190612T110656956789
 2     210     2.6453      0.0       0.0     0.0017      0.0    0.0    1587.150   30.2   0b1111111111111111    20190612T110656957103
 3     210     2.6528      0.0       0.0     0.0012      0.4    0.8    2273.786   30.2   0b1111111111111111    20190612T110656957454
 4     210     2.6661      0.3       0.8     0.0014      0.4    0.8    1881.953   30.2   0b1111111111111111    20190612T110656957751
 5     210     2.6595      0.0       0.0     0.0013      0.4    0.8    2127.600   30.2   0b1111111111111111    20190612T110656958039
 6     210     2.6550      0.0       0.0    -0.0005      0.4    0.8    -666.000   30.2   0b1111111111111111    20190612T110656958375
 7     210     2.6485      0.3       0.8     0.0000      0.0    0.0    -666.000   30.2   0b1111111111111111    20190612T110656958518
 8     210     2.6486      0.4       0.8     0.0008      0.0    0.0    3178.350   30.2   0b1111111111111111    20190612T110656958657
 9     210     2.6539      0.4       0.8    -0.0011      0.4    0.8    -666.000   30.2   0b1111111111111111    20190612T110656958796
10     210     2.6609      0.2       0.8     0.0039      0.4    0.8     679.385   30.2   0b1111111111111111    20190612T110656958934
11     210     2.6587      0.2       0.8     0.0000      0.0    0.0    -666.000   30.2   0b1111111111111111    20190612T110656959095
12     210     2.6445      0.0       0.0     0.0007      0.2    0.8    3526.000   30.2   0b1111111111111111    20190612T110656959275
13     210     2.6423      0.0       0.0     0.0018      0.2    0.8    1509.857   30.2   0b1111111111111111    20190612T110656959418
14     210     2.6618      0.0       0.0    -0.0002      0.3    0.8    -666.000   30.2   0b1111111111111111    20190612T110656959555
15     210     2.6329      0.4       0.7     0.0001      0.2    0.8   31594.500   30.2   0b1111111111111111    20190612T110656959693
 0     200     2.5935      0.0       0.0     0.0016      0.3    0.8    1638.000   30.2   0b1111111111111111    20190612T110700415175
 1     200     2.5995      0.0       0.0     0.0008      0.0    0.0    3119.400   30.2   0b1111111111111111    20190612T110700415665
 2     200     2.5965      0.0       0.0     0.0017      0.0    0.0    1557.900   30.2   0b1111111111111111    20190612T110700415993
 3     200     2.6041      0.3       0.8     0.0008      0.0    0.0    3124.980   30.2   0b1111111111111111    20190612T110700416293
 4     200     2.6164      0.4       0.7     0.0011      0.4    0.8    2415.185   30.2   0b1111111111111111    20190612T110700416640
 5     200     2.6100      0.0       0.0     0.0015      0.3    0.8    1740.000   30.2   0b1111111111111111    20190612T110700416937
 6     200     2.6055      0.0       0.0    -0.0007      0.2    0.8    -666.000   30.2   0b1111111111111111    20190612T110700417224
 7     200     2.5995      0.0       0.0     0.0000      0.0    0.0    -666.000   30.2   0b1111111111111111    20190612T110700417566
 8     200     2.5995      0.0       0.0     0.0008      0.0    0.0    3119.400   30.2   0b1111111111111111    20190612T110700417895
 9     200     2.6047      0.0       0.0    -0.0011      0.4    0.8    -666.000   30.2   0b1111111111111111    20190612T110700418202
10     200     2.6115      0.0       0.0     0.0036      0.4    0.8     728.791   30.2   0b1111111111111111    20190612T110700418566
11     200     2.6092      0.0       0.0    -0.0002      0.3    0.8    -666.000   30.2   0b1111111111111111    20190612T110700418734
12     200     2.5957      0.0       0.0     0.0006      0.4    0.8    4449.857   30.2   0b1111111111111111    20190612T110700418880
13     200     2.5935      0.0       0.0     0.0016      0.3    0.8    1638.000   30.2   0b1111111111111111    20190612T110700419017
14     200     2.6125      0.4       0.8    -0.0001      0.2    0.8    -666.000   30.2   0b1111111111111111    20190612T110700419153
15     200     2.5846      0.2       0.8     0.0000      0.0    0.0    -666.000   30.2   0b1111111111111111    20190612T110700419289
 0     190     2.5463      0.0       0.0     0.0016      0.3    0.8    1608.158   30.2   0b1111111111111111    20190612T110703871173
 1     190     2.5523      0.0       0.0     0.0008      0.0    0.0    3062.700   30.2   0b1111111111111111    20190612T110703871667
 2     190     2.5500      0.0       0.0     0.0016      0.3    0.8    1610.526   30.2   0b1111111111111111    20190612T110703872015
 3     190     2.5564      0.4       0.8     0.0009      0.3    0.8    2788.773   30.2   0b1111111111111111    20190612T110703872388
 4     190     2.5695      0.0       0.0     0.0013      0.4    0.8    1927.125   30.2   0b1111111111111111    20190612T110703872689
 5     190     2.5620      0.0       0.0     0.0011      0.4    0.8    2364.923   30.2   0b1111111111111111    20190612T110703872978
 6     190     2.5590      0.0       0.0    -0.0008      0.0    0.0    -666.000   30.2   0b1111111111111111    20190612T110703873319
 7     190     2.5530      0.0       0.0    -0.0001      0.2    0.8    -666.000   30.2   0b1111111111111111    20190612T110703873609
 8     190     2.5514      0.3       0.8     0.0010      0.3    0.8    2551.350   30.2   0b1111111111111111    20190612T110703873941
 9     190     2.5575      0.0       0.0    -0.0013      0.4    0.8    -666.000   30.2   0b1111111111111111    20190612T110703874283
10     190     2.5643      0.0       0.0     0.0036      0.4    0.8     715.605   30.2   0b1111111111111111    20190612T110703874585
11     190     2.5628      0.0       0.0     0.0000      0.0    0.0    -666.000   30.2   0b1111111111111111    20190612T110703874868
12     190     2.5506      0.3       0.8     0.0005      0.4    0.8    5101.200   30.2   0b1111111111111111    20190612T110703875147
13     190     2.5485      0.0       0.0     0.0017      0.0    0.0    1529.100   30.2   0b1111111111111111    20190612T110703875477
14     190     2.5665      0.0       0.0    -0.0005      0.4    0.8    -666.000   30.2   0b1111111111111111    20190612T110703875759
15     190     2.5385      0.3       0.8     0.0000      0.0    0.0    -666.000   30.2   0b1111111111111111    20190612T110703876039
 0     180     2.4982      0.0       0.0     0.0015      0.3    0.8    1665.500   30.2   0b1111111111111111    20190612T110707351092
 1     180     2.5042      0.0       0.0     0.0008      0.0    0.0    3005.100   30.2   0b1111111111111111    20190612T110707351554
 2     180     2.5020      0.0       0.0     0.0017      0.0    0.0    1501.200   30.2   0b1111111111111111    20190612T110707351984
 3     180     2.5080      0.0       0.0     0.0009      0.3    0.8    2736.000   30.2   0b1111111111111111    20190612T110707352332
 4     180     2.5200      0.0       0.0     0.0009      0.3    0.8    2749.091   30.2   0b1111111111111111    20190612T110707352692
 5     180     2.5132      0.2       0.8     0.0008      0.0    0.0    3015.810   30.2   0b1111111111111111    20190612T110707352992
 6     180     2.5096      0.2       0.8    -0.0009      0.3    0.8    -666.000   30.2   0b1111111111111111    20190612T110707353280
 7     180     2.5042      0.0       0.0     0.0000      0.0    0.0    -666.000   30.2   0b1111111111111111    20190612T110707353657
 8     180     2.5027      0.0       0.0     0.0008      0.0    0.0    3003.300   30.2   0b1111111111111111    20190612T110707353948
 9     180     2.5087      0.0       0.0    -0.0016      0.3    0.8    -666.000   30.2   0b1111111111111111    20190612T110707354232
10     180     2.5155      0.0       0.0     0.0034      0.2    0.8     736.244   30.2   0b1111111111111111    20190612T110707354582
11     180     2.5140      0.0       0.0    -0.0002      0.3    0.8    -666.000   30.2   0b1111111111111111    20190612T110707354886
12     180     2.5020      0.0       0.0     0.0006      0.4    0.8    4289.143   30.2   0b1111111111111111    20190612T110707355169
13     180     2.5005      0.0       0.0     0.0017      0.0    0.0    1500.300   30.2   0b1111111111111111    20190612T110707355451
14     180     2.5185      0.0       0.0    -0.0006      0.4    0.8    -666.000   30.2   0b1111111111111111    20190612T110707355783
15     180     2.4907      0.0       0.0     0.0000      0.0    0.0    -666.000   30.2   0b1111111111111111    20190612T110707356063
 0     170     2.4500      0.3       0.7     0.0013      0.4    0.8    1960.020   30.2   0b1111111111111111    20190612T110710811472
 1     170     2.4555      0.0       0.0     0.0008      0.0    0.0    2946.600   30.2   0b1111111111111111    20190612T110710811871
 2     170     2.4533      0.0       0.0     0.0016      0.3    0.8    1549.421   30.2   0b1111111111111111    20190612T110710812259
 3     170     2.4593      0.2       0.8     0.0010      0.3    0.8    2459.325   30.2   0b1111111111111111    20190612T110710812593
 4     170     2.4713      0.0       0.0     0.0008      0.0    0.0    2965.500   30.2   0b1111111111111111    20190612T110710812883
 5     170     2.4638      0.0       0.0     0.0009      0.3    0.8    2687.727   30.2   0b1111111111111111    20190612T110710813167
 6     170     2.4608      0.0       0.0    -0.0009      0.3    0.8    -666.000   30.2   0b1111111111111111    20190612T110710813502
 7     170     2.4555      0.0       0.0    -0.0002      0.3    0.8    -666.000   30.2   0b1111111111111111    20190612T110710813788
 8     170     2.4540      0.0       0.0     0.0007      0.2    0.8    3272.000   30.2   0b1111111111111111    20190612T110710814071
 9     170     2.4600      0.0       0.0    -0.0016      0.3    0.8    -666.000   30.2   0b1111111111111111    20190612T110710814456
10     170     2.4668      0.0       0.0     0.0033      0.0    0.0     740.025   30.2   0b1111111111111111    20190612T110710814755
11     170     2.4653      0.0       0.0     0.0000      0.0    0.0    -666.000   30.2   0b1111111111111111    20190612T110710815038
12     170     2.4540      0.0       0.0     0.0002      0.4    0.8    9816.000   30.2   0b1111111111111111    20190612T110710815402
13     170     2.4525      0.0       0.0     0.0016      0.3    0.8    1548.947   30.2   0b1111111111111111    20190612T110710815692
14     170     2.4698      0.0       0.0    -0.0006      0.4    0.8    -666.000   30.2   0b1111111111111111    20190612T110710815974
15     170     2.4428      0.2       0.7     0.0000      0.0    0.0    -666.000   30.2   0b1111111111111111    20190612T110710816307
 0     160     2.4015      0.0       0.0     0.0010      0.3    0.8    2401.500   30.2   0b1111111111111111    20190612T110714260742
 1     160     2.4072      0.4       0.8     0.0008      0.0    0.0    2888.640   30.2   0b1111111111111111    20190612T110714261154
 2     160     2.4052      0.0       0.0     0.0015      0.3    0.8    1603.500   30.2   0b1111111111111111    20190612T110714261553
 3     160     2.4112      0.0       0.0     0.0007      0.2    0.8    3215.000   30.2   0b1111111111111111    20190612T110714261862
 4     160     2.4217      0.0       0.0     0.0008      0.0    0.0    2906.100   30.2   0b1111111111111111    20190612T110714262181
 5     160     2.4150      0.0       0.0     0.0008      0.0    0.0    2898.000   30.2   0b1111111111111111    20190612T110714262547
 6     160     2.4120      0.0       0.0    -0.0009      0.3    0.8    -666.000   30.2   0b1111111111111111    20190612T110714262839
 7     160     2.4067      0.0       0.0    -0.0002      0.3    0.8    -666.000   30.2   0b1111111111111111    20190612T110714263126
 8     160     2.4055      0.3       0.7     0.0007      0.2    0.8    3207.300   30.2   0b1111111111111111    20190612T110714263499
 9     160     2.4112      0.0       0.0    -0.0015      0.3    0.8    -666.000   30.2   0b1111111111111111    20190612T110714263789
10     160     2.4180      0.0       0.0     0.0033      0.0    0.0     725.400   30.2   0b1111111111111111    20190612T110714264089
11     160     2.4167      0.3       0.8    -0.0001      0.2    0.8    -666.000   30.2   0b1111111111111111    20190612T110714264437
12     160     2.4052      0.0       0.0     0.0002      0.3    0.8   14431.500   30.2   0b1111111111111111    20190612T110714264727
13     160     2.4037      0.0       0.0     0.0016      0.3    0.8    1518.158   30.2   0b1111111111111111    20190612T110714265010
14     160     2.4211      0.3       0.8    -0.0008      0.0    0.0    -666.000   30.2   0b1111111111111111    20190612T110714265348
15     160     2.3949      0.3       0.8     0.0000      0.0    0.0    -666.000   30.2   0b1111111111111111    20190612T110714265634
 0     150     2.3558      0.0       0.0     0.0011      0.4    0.8    2174.538   30.2   0b1111111111111111    20190612T110717714998
 1     150     2.3618      0.0       0.0     0.0008      0.0    0.0    2834.100   30.2   0b1111111111111111    20190612T110717715620
 2     150     2.3595      0.0       0.0     0.0009      0.3    0.8    2574.000   30.2   0b1111111111111111    20190612T110717716994
 3     150     2.3654      0.2       0.8     0.0007      0.2    0.8    3153.900   30.2   0b1111111111111111    20190612T110717717428
 4     150     2.3752      0.2       0.8     0.0009      0.3    0.8    2591.100   30.2   0b1111111111111111    20190612T110717717737
 5     150     2.3678      0.2       0.8     0.0008      0.0    0.0    2841.390   30.2   0b1111111111111111    20190612T110717718030
 6     150     2.3648      0.0       0.0    -0.0009      0.3    0.8    -666.000   30.2   0b1111111111111111    20190612T110717718382
 7     150     2.3601      0.3       0.8    -0.0003      0.4    0.8    -666.000   30.2   0b1111111111111111    20190612T110717718675
 8     150     2.3610      0.0       0.0     0.0004      0.4    0.8    5666.400   30.2   0b1111111111111111    20190612T110717718959
 9     150     2.3655      0.0       0.0    -0.0017      0.0    0.0    -666.000   30.2   0b1111111111111111    20190612T110717719294
10     150     2.3720      0.3       0.8     0.0033      0.0    0.0     711.607   30.2   0b1111111111111111    20190612T110717719582
11     150     2.3700      0.0       0.0    -0.0002      0.4    0.8    -666.000   30.2   0b1111111111111111    20190612T110717720110
12     150     2.3595      0.0       0.0     0.0003      0.4    0.8    7078.500   30.2   0b1111111111111111    20190612T110717720457
13     150     2.3576      0.4       0.8     0.0014      0.4    0.8    1664.206   30.2   0b1111111111111111    20190612T110717720746
14     150     2.3753      0.0       0.0    -0.0008      0.0    0.0    -666.000   30.2   0b1111111111111111    20190612T110717721026
15     150     2.3498      0.0       0.0    -0.0003      0.4    0.8    -666.000   30.2   0b1111111111111111    20190612T110717721361
 0     140     2.3077      0.0       0.0     0.0008      0.0    0.0    2769.300   30.2   0b1111111111111111    20190612T110721172249
 1     140     2.3137      0.0       0.0     0.0007      0.3    0.8    3470.625   30.2   0b1111111111111111    20190612T110721172735
 2     140     2.3115      0.0       0.0     0.0012      0.4    0.8    1981.286   30.2   0b1111111111111111    20190612T110721173065
 3     140     2.3173      0.3       0.8     0.0008      0.0    0.0    2780.730   30.2   0b1111111111111111    20190612T110721173365
 4     140     2.3264      0.2       0.8     0.0008      0.0    0.0    2791.710   30.2   0b1111111111111111    20190612T110721173709
 5     140     2.3193      0.4       0.8     0.0008      0.0    0.0    2783.160   30.2   0b1111111111111111    20190612T110721174002
 6     140     2.3161      0.3       0.8    -0.0008      0.0    0.0    -666.000   30.2   0b1111111111111111    20190612T110721174291
 7     140     2.3115      0.0       0.0    -0.0007      0.2    0.8    -666.000   30.2   0b1111111111111111    20190612T110721174632
 8     140     2.3130      0.0       0.0     0.0006      0.4    0.8    3965.143   30.2   0b1111111111111111    20190612T110721174977
 9     140     2.3167      0.0       0.0    -0.0017      0.0    0.0    -666.000   30.2   0b1111111111111111    20190612T110721175278
10     140     2.3235      0.0       0.0     0.0033      0.2    0.8     714.923   30.2   0b1111111111111111    20190612T110721175626
11     140     2.3216      0.4       0.8    -0.0002      0.3    0.8    -666.000   30.2   0b1111111111111111    20190612T110721175917
12     140     2.3115      0.0       0.0     0.0000      0.0    0.0    -666.000   30.2   0b1111111111111111    20190612T110721176200
13     140     2.3100      0.0       0.0     0.0012      0.4    0.8    1980.000   30.2   0b1111111111111111    20190612T110721176531
14     140     2.3268      0.4       0.8    -0.0008      0.0    0.0    -666.000   30.2   0b1111111111111111    20190612T110721176825
15     140     2.3025      0.0       0.0    -0.0003      0.4    0.8    -666.000   30.2   0b1111111111111111    20190612T110721177106
 0     130     2.2597      0.0       0.0     0.0008      0.0    0.0    2711.700   30.2   0b1111111111111111    20190612T110724627913
 1     130     2.2655      0.3       0.8     0.0006      0.4    0.8    3883.757   30.2   0b1111111111111111    20190612T110724628324
 2     130     2.2635      0.0       0.0     0.0011      0.4    0.8    2089.385   30.2   0b1111111111111111    20190612T110724628677
 3     130     2.2690      0.3       0.8     0.0007      0.3    0.8    3403.463   30.2   0b1111111111111111    20190612T110724628980
 4     130     2.2778      0.0       0.0     0.0008      0.0    0.0    2733.300   30.2   0b1111111111111111    20190612T110724629271
 5     130     2.2705      0.3       0.8     0.0008      0.0    0.0    2724.570   30.2   0b1111111111111111    20190612T110724629583
 6     130     2.2680      0.0       0.0    -0.0010      0.3    0.8    -666.000   30.2   0b1111111111111111    20190612T110724629869
 7     130     2.2629      0.3       0.7    -0.0007      0.3    0.8    -666.000   30.2   0b1111111111111111    20190612T110724630153
 8     130     2.2650      0.0       0.0     0.0002      0.3    0.8   13590.000   30.2   0b1111111111111111    20190612T110724630457
 9     130     2.2688      0.0       0.0    -0.0017      0.0    0.0    -666.000   30.2   0b1111111111111111    20190612T110724630742
10     130     2.2748      0.0       0.0     0.0030      0.4    0.8     758.250   30.2   0b1111111111111111    20190612T110724631024
11     130     2.2739      0.3       0.8    -0.0005      0.4    0.8    -666.000   30.2   0b1111111111111111    20190612T110724631304
12     130     2.2637      0.3       0.8     0.0001      0.2    0.8   27164.700   30.2   0b1111111111111111    20190612T110724631609
13     130     2.2620      0.0       0.0     0.0009      0.3    0.8    2467.636   30.2   0b1111111111111111    20190612T110724631891
14     130     2.2793      0.0       0.0    -0.0010      0.3    0.8    -666.000   30.2   0b1111111111111111    20190612T110724632209
15     130     2.2548      0.4       0.8    -0.0003      0.4    0.8    -666.000   30.2   0b1111111111111111    20190612T110724632513
 0     120     2.2110      0.0       0.0     0.0008      0.0    0.0    2653.200   30.2   0b1111111111111111    20190612T110728097574
 1     120     2.2180      0.4       0.8     0.0007      0.3    0.8    3327.075   30.2   0b1111111111111111    20190612T110728097987
 2     120     2.2155      0.0       0.0     0.0009      0.3    0.8    2416.909   30.2   0b1111111111111111    20190612T110728098398
 3     120     2.2207      0.0       0.0     0.0007      0.3    0.8    3331.125   30.2   0b1111111111111111    20190612T110728098710
 4     120     2.2290      0.0       0.0     0.0007      0.2    0.8    2972.000   30.2   0b1111111111111111    20190612T110728099002
 5     120     2.2230      0.0       0.0     0.0007      0.2    0.8    2964.000   30.2   0b1111111111111111    20190612T110728099353
 6     120     2.2200      0.0       0.0    -0.0015      0.3    0.8    -666.000   30.2   0b1111111111111111    20190612T110728099645
 7     120     2.2147      0.0       0.0    -0.0008      0.0    0.0    -666.000   30.2   0b1111111111111111    20190612T110728099945
 8     120     2.2169      0.2       0.8     0.0001      0.2    0.8   26603.100   30.2   0b1111111111111111    20190612T110728100276
 9     120     2.2207      0.0       0.0    -0.0017      0.2    0.8    -666.000   30.2   0b1111111111111111    20190612T110728100572
10     120     2.2270      0.3       0.8     0.0028      0.4    0.8     809.809   30.2   0b1111111111111111    20190612T110728100904
11     120     2.2252      0.0       0.0    -0.0007      0.3    0.8    -666.000   30.2   0b1111111111111111    20190612T110728101197
12     120     2.2155      0.0       0.0     0.0000      0.0    0.0    -666.000   30.2   0b1111111111111111    20190612T110728101545
13     120     2.2155      0.0       0.0     0.0009      0.3    0.8    2416.909   30.2   0b1111111111111111    20190612T110728101827
14     120     2.2320      0.0       0.0    -0.0008      0.0    0.0    -666.000   30.2   0b1111111111111111    20190612T110728102107
15     120     2.2065      0.0       0.0    -0.0007      0.2    0.8    -666.000   30.2   0b1111111111111111    20190612T110728102431
 0     110     2.1652      0.0       0.0     0.0008      0.0    0.0    2598.300   30.2   0b1111111111111111    20190612T110731545935
 1     110     2.1720      0.0       0.0     0.0002      0.3    0.8   13032.000   30.2   0b1111111111111111    20190612T110731546367
 2     110     2.1690      0.0       0.0     0.0008      0.0    0.0    2602.800   30.2   0b1111111111111111    20190612T110731546772
 3     110     2.1746      0.4       0.8     0.0003      0.4    0.8    6523.650   30.2   0b1111111111111111    20190612T110731547083
 4     110     2.1819      0.3       0.8     0.0007      0.2    0.8    2909.200   30.2   0b1111111111111111    20190612T110731547377
 5     110     2.1765      0.0       0.0     0.0007      0.3    0.8    3264.750   30.2   0b1111111111111111    20190612T110731547719
 6     110     2.1735      0.0       0.0    -0.0015      0.3    0.8    -666.000   30.2   0b1111111111111111    20190612T110731548011
 7     110     2.1683      0.0       0.0    -0.0008      0.0    0.0    -666.000   30.2   0b1111111111111111    20190612T110731548296
 8     110     2.1705      0.0       0.0     0.0000      0.0    0.0    -666.000   30.2   0b1111111111111111    20190612T110731548651
 9     110     2.1750      0.0       0.0    -0.0016      0.3    0.8    -666.000   30.2   0b1111111111111111    20190612T110731548794
10     110     2.1810      0.0       0.0     0.0028      0.4    0.8     793.091   30.2   0b1111111111111111    20190612T110731548934
11     110     2.1788      0.0       0.0    -0.0004      0.4    0.8    -666.000   30.2   0b1111111111111111    20190612T110731549072
12     110     2.1690      0.0       0.0     0.0000      0.0    0.0    -666.000   30.2   0b1111111111111111    20190612T110731549210
13     110     2.1690      0.0       0.0     0.0009      0.3    0.8    2366.182   30.2   0b1111111111111111    20190612T110731549346
14     110     2.1852      0.4       0.8    -0.0008      0.0    0.0    -666.000   30.2   0b1111111111111111    20190612T110731549519
15     110     2.1607      0.2       0.8    -0.0008      0.0    0.0    -666.000   30.2   0b1111111111111111    20190612T110731549661
 0     100     2.1172      0.0       0.0     0.0008      0.0    0.0    2540.700   30.2   0b1111111111111111    20190612T110734997169
 1     100     2.1232      0.0       0.0     0.0000      0.0    0.0    -666.000   30.2   0b1111111111111111    20190612T110734997655
 2     100     2.1208      0.3       0.8     0.0008      0.0    0.0    2545.020   30.2   0b1111111111111111    20190612T110734997974
 3     100     2.1262      0.0       0.0     0.0002      0.4    0.8    8505.000   30.2   0b1111111111111111    20190612T110734998351
 4     100     2.1330      0.0       0.0     0.0006      0.4    0.8    3656.571   30.2   0b1111111111111111    20190612T110734998499
 5     100     2.1277      0.0       0.0     0.0007      0.3    0.8    3191.625   30.2   0b1111111111111111    20190612T110734998642
 6     100     2.1247      0.0       0.0    -0.0016      0.3    0.8    -666.000   30.2   0b1111111111111111    20190612T110734998793
 7     100     2.1195      0.0       0.0    -0.0009      0.3    0.8    -666.000   30.2   0b1111111111111111    20190612T110734998934
 8     100     2.1217      0.0       0.0     0.0001      0.2    0.8   25461.000   30.2   0b1111111111111111    20190612T110734999072
 9     100     2.1262      0.2       0.8    -0.0019      0.4    0.8    -666.000   30.2   0b1111111111111111    20190612T110734999210
10     100     2.1322      0.0       0.0     0.0026      0.2    0.8     825.387   30.2   0b1111111111111111    20190612T110734999402
11     100     2.1307      0.0       0.0    -0.0007      0.2    0.8    -666.000   30.2   0b1111111111111111    20190612T110734999546
12     100     2.1195      0.0       0.0     0.0000      0.0    0.0    -666.000   30.2   0b1111111111111111    20190612T110734999683
13     100     2.1199      0.4       0.8     0.0008      0.0    0.0    2543.850   30.2   0b1111111111111111    20190612T110734999819
14     100     2.1360      0.0       0.0    -0.0012      0.4    0.8    -666.000   30.2   0b1111111111111111    20190612T110734999956
15     100     2.1112      0.0       0.0    -0.0007      0.2    0.8    -666.000   30.2   0b1111111111111111    20190612T110735000092
 0      90     2.0684      0.3       0.8     0.0008      0.0    0.0    2482.020   30.1   0b1111111111111111    20190612T110738448519
 1      90     2.0745      0.0       0.0     0.0000      0.0    0.0    -666.000   30.1   0b1111111111111111    20190612T110738448913
 2      90     2.0722      0.0       0.0     0.0008      0.0    0.0    2486.700   30.1   0b1111111111111111    20190612T110738449276
 3      90     2.0768      0.0       0.0     0.0002      0.4    0.8    8307.000   30.1   0b1111111111111111    20190612T110738449613
 4      90     2.0850      0.0       0.0     0.0006      0.4    0.8    3574.286   30.1   0b1111111111111111    20190612T110738449904
 5      90     2.0794      0.4       0.8     0.0002      0.4    0.8    8317.500   30.1   0b1111111111111111    20190612T110738450190
 6      90     2.0753      0.2       0.7    -0.0017      0.0    0.0    -666.000   30.1   0b1111111111111111    20190612T110738450527
 7      90     2.0707      0.0       0.0    -0.0008      0.0    0.0    -666.000   30.1   0b1111111111111111    20190612T110738450916
 8      90     2.0730      0.0       0.0    -0.0001      0.2    0.8    -666.000   30.1   0b1111111111111111    20190612T110738451362
 9      90     2.0775      0.0       0.0    -0.0017      0.2    0.8    -666.000   30.1   0b1111111111111111    20190612T110738451657
10      90     2.0835      0.0       0.0     0.0025      0.0    0.0     833.400   30.1   0b1111111111111111    20190612T110738451941
11      90     2.0810      0.3       0.8    -0.0007      0.2    0.8    -666.000   30.1   0b1111111111111111    20190612T110738452256
12      90     2.0698      0.3       0.8     0.0000      0.0    0.0    -666.000   30.1   0b1111111111111111    20190612T110738452558
13      90     2.0700      0.0       0.0     0.0008      0.0    0.0    2484.000   30.1   0b1111111111111111    20190612T110738452837
14      90     2.0858      0.0       0.0    -0.0013      0.4    0.8    -666.000   30.1   0b1111111111111111    20190612T110738453115
15      90     2.0612      0.3       0.8    -0.0008      0.0    0.0    -666.000   30.1   0b1111111111111111    20190612T110738453440
 0      80     2.0183      0.2       0.8     0.0007      0.3    0.8    3027.488   30.2   0b1111111111111111    20190612T110741904511
 1      80     2.0242      0.0       0.0     0.0000      0.0    0.0    -666.000   30.2   0b1111111111111111    20190612T110741904908
 2      80     2.0215      0.4       0.8     0.0007      0.2    0.8    2695.400   30.2   0b1111111111111111    20190612T110741905255
 3      80     2.0265      0.0       0.0     0.0000      0.0    0.0    -666.000   30.2   0b1111111111111111    20190612T110741905555
 4      80     2.0340      0.0       0.0     0.0003      0.4    0.8    6102.000   30.2   0b1111111111111111    20190612T110741905846
 5      80     2.0287      0.0       0.0     0.0002      0.4    0.8    8115.000   30.2   0b1111111111111111    20190612T110741906168
 6      80     2.0243      0.2       0.8    -0.0017      0.0    0.0    -666.000   30.2   0b1111111111111111    20190612T110741906455
 7      80     2.0205      0.0       0.0    -0.0008      0.0    0.0    -666.000   30.2   0b1111111111111111    20190612T110741906739
 8      80     2.0224      0.4       0.8    -0.0001      0.2    0.8    -666.000   30.2   0b1111111111111111    20190612T110741907020
 9      80     2.0265      0.0       0.0    -0.0022      0.4    0.8    -666.000   30.2   0b1111111111111111    20190612T110741907322
10      80     2.0332      0.2       0.7     0.0025      0.0    0.0     813.270   30.2   0b1111111111111111    20190612T110741907605
11      80     2.0303      0.2       0.8    -0.0007      0.2    0.8    -666.000   30.2   0b1111111111111111    20190612T110741907885
12      80     2.0183      0.0       0.0    -0.0003      0.4    0.8    -666.000   30.2   0b1111111111111111    20190612T110741908202
13      80     2.0183      0.0       0.0     0.0008      0.0    0.0    2421.900   30.2   0b1111111111111111    20190612T110741908370
14      80     2.0340      0.0       0.0    -0.0016      0.3    0.8    -666.000   30.2   0b1111111111111111    20190612T110741908505
15      80     2.0108      0.0       0.0    -0.0009      0.3    0.8    -666.000   30.2   0b1111111111111111    20190612T110741908642
 0      70     1.9688      0.0       0.0     0.0005      0.4    0.8    3937.500   30.2   0b1111111111111111    20190612T110745355732
 1      70     1.9740      0.0       0.0     0.0000      0.0    0.0    -666.000   30.2   0b1111111111111111    20190612T110745356131
 2      70     1.9711      0.2       0.8     0.0006      0.4    0.8    3378.986   30.2   0b1111111111111111    20190612T110745356517
 3      70     1.9763      0.0       0.0     0.0000      0.0    0.0    -666.000   30.2   0b1111111111111111    20190612T110745356822
 4      70     1.9830      0.0       0.0     0.0002      0.3    0.8   11898.000   30.2   0b1111111111111111    20190612T110745357113
 5      70     1.9783      0.3       0.8     0.0000      0.0    0.0    -666.000   30.2   0b1111111111111111    20190612T110745357453
 6      70     1.9742      0.3       0.8    -0.0017      0.0    0.0    -666.000   30.2   0b1111111111111111    20190612T110745357744
 7      70     1.9694      0.2       0.8    -0.0009      0.3    0.8    -666.000   30.2   0b1111111111111111    20190612T110745358087
 8      70     1.9718      0.0       0.0    -0.0002      0.3    0.8    -666.000   30.2   0b1111111111111111    20190612T110745358446
 9      70     1.9759      0.4       0.8    -0.0021      0.4    0.8    -666.000   30.2   0b1111111111111111    20190612T110745358741
10      70     1.9823      0.0       0.0     0.0024      0.2    0.8     820.241   30.2   0b1111111111111111    20190612T110745359027
11      70     1.9800      0.0       0.0    -0.0008      0.0    0.0    -666.000   30.2   0b1111111111111111    20190612T110745359370
12      70     1.9680      0.0       0.0     0.0000      0.0    0.0    -666.000   30.2   0b1111111111111111    20190612T110745359658
13      70     1.9688      0.0       0.0     0.0008      0.0    0.0    2362.500   30.2   0b1111111111111111    20190612T110745359939
14      70     1.9838      0.0       0.0    -0.0016      0.3    0.8    -666.000   30.2   0b1111111111111111    20190612T110745360247
15      70     1.9605      0.0       0.0    -0.0009      0.3    0.8    -666.000   30.2   0b1111111111111111    20190612T110745360552
 0      60     1.9167      0.4       0.8     0.0005      0.4    0.8    3833.400   30.1   0b1111111111111111    20190612T110748818553
 1      60     1.9237      0.0       0.0    -0.0001      0.2    0.8    -666.000   30.1   0b1111111111111111    20190612T110748818963
 2      60     1.9200      0.0       0.0     0.0007      0.3    0.8    2880.000   30.1   0b1111111111111111    20190612T110748819372
 3      60     1.9255      0.3       0.7     0.0000      0.0    0.0    -666.000   30.1   0b1111111111111111    20190612T110748819682
 4      60     1.9325      0.3       0.8     0.0002      0.3    0.8   11595.150   30.1   0b1111111111111111    20190612T110748819988
 5      60     1.9267      0.0       0.0     0.0001      0.2    0.8   23121.000   30.1   0b1111111111111111    20190612T110748820338
 6      60     1.9223      0.2       0.8    -0.0017      0.2    0.8    -666.000   30.1   0b1111111111111111    20190612T110748820630
 7      60     1.9185      0.0       0.0    -0.0011      0.4    0.8    -666.000   30.1   0b1111111111111111    20190612T110748820973
 8      60     1.9200      0.0       0.0    -0.0001      0.2    0.8    -666.000   30.1   0b1111111111111111    20190612T110748821330
 9      60     1.9245      0.0       0.0    -0.0024      0.2    0.8    -666.000   30.1   0b1111111111111111    20190612T110748821623
10      60     1.9319      0.3       0.8     0.0023      0.3    0.8     827.936   30.1   0b1111111111111111    20190612T110748821906
11      60     1.9289      0.2       0.8    -0.0007      0.2    0.8    -666.000   30.1   0b1111111111111111    20190612T110748822315
12      60     1.9172      0.3       0.8    -0.0003      0.4    0.8    -666.000   30.1   0b1111111111111111    20190612T110748822606
13      60     1.9185      0.0       0.0     0.0007      0.2    0.8    2558.000   30.1   0b1111111111111111    20190612T110748822887
14      60     1.9334      0.2       0.8    -0.0017      0.0    0.0    -666.000   30.1   0b1111111111111111    20190612T110748823166
15      60     1.9095      0.0       0.0    -0.0013      0.4    0.8    -666.000   30.1   0b1111111111111111    20190612T110748823495
 0      50     1.8668      0.0       0.0     0.0003      0.4    0.8    5600.250   30.1   0b1111111111111111    20190612T110752277367
 1      50     1.8727      0.0       0.0    -0.0001      0.2    0.8    -666.000   30.1   0b1111111111111111    20190612T110752277708
 2      50     1.8697      0.0       0.0     0.0003      0.4    0.8    5609.250   30.1   0b1111111111111111    20190612T110752277961
 3      50     1.8750      0.0       0.0    -0.0002      0.3    0.8    -666.000   30.1   0b1111111111111111    20190612T110752278193
 4      50     1.8803      0.2       0.8     0.0000      0.0    0.0    -666.000   30.1   0b1111111111111111    20190612T110752278435
 5      50     1.8752      0.3       0.8     0.0000      0.0    0.0    -666.000   30.1   0b1111111111111111    20190612T110752278695
 6      50     1.8705      0.0       0.0    -0.0018      0.3    0.8    -666.000   30.1   0b1111111111111111    20190612T110752278914
 7      50     1.8674      0.3       0.8    -0.0012      0.4    0.8    -666.000   30.1   0b1111111111111111    20190612T110752279134
 8      50     1.8690      0.0       0.0    -0.0005      0.4    0.8    -666.000   30.1   0b1111111111111111    20190612T110752279349
 9      50     1.8735      0.0       0.0    -0.0023      0.3    0.8    -666.000   30.1   0b1111111111111111    20190612T110752279628
10      50     1.8803      0.0       0.0     0.0022      0.4    0.8     867.808   30.1   0b1111111111111111    20190612T110752279844
11      50     1.8773      0.0       0.0    -0.0008      0.0    0.0    -666.000   30.1   0b1111111111111111    20190612T110752280055
12      50     1.8668      0.0       0.0    -0.0005      0.4    0.8    -666.000   30.1   0b1111111111111111    20190612T110752280271
13      50     1.8681      0.3       0.8     0.0006      0.4    0.8    3202.457   30.1   0b1111111111111111    20190612T110752280497
14      50     1.8825      0.0       0.0    -0.0017      0.0    0.0    -666.000   30.1   0b1111111111111111    20190612T110752280715
15      50     1.8592      0.0       0.0    -0.0011      0.4    0.8    -666.000   30.1   0b1111111111111111    20190612T110752280921
 0      40     1.8154      0.4       0.8     0.0001      0.2    0.8   21785.400   30.2   0b1111111111111111    20190612T110755727419
 1      40     1.8218      0.0       0.0    -0.0002      0.4    0.8    -666.000   30.2   0b1111111111111111    20190612T110755727833
 2      40     1.8186      0.3       0.8     0.0002      0.3    0.8   10911.600   30.2   0b1111111111111111    20190612T110755728162
 3      40     1.8240      0.0       0.0    -0.0002      0.3    0.8    -666.000   30.2   0b1111111111111111    20190612T110755728436
 4      40     1.8285      0.0       0.0     0.0000      0.0    0.0    -666.000   30.2   0b1111111111111111    20190612T110755728581
 5      40     1.8233      0.0       0.0    -0.0001      0.2    0.8    -666.000   30.2   0b1111111111111111    20190612T110755728724
 6      40     1.8188      0.0       0.0    -0.0017      0.2    0.8    -666.000   30.2   0b1111111111111111    20190612T110755728864
 7      40     1.8157      0.0       0.0    -0.0014      0.4    0.8    -666.000   30.2   0b1111111111111111    20190612T110755729003
 8      40     1.8178      0.3       0.8    -0.0007      0.2    0.8    -666.000   30.2   0b1111111111111111    20190612T110755729142
 9      40     1.8210      0.0       0.0    -0.0024      0.2    0.8    -666.000   30.2   0b1111111111111111    20190612T110755729292
10      40     1.8285      0.0       0.0     0.0019      0.4    0.8     954.000   30.2   0b1111111111111111    20190612T110755729432
11      40     1.8255      0.0       0.0    -0.0008      0.0    0.0    -666.000   30.2   0b1111111111111111    20190612T110755729569
12      40     1.8157      0.0       0.0    -0.0006      0.4    0.8    -666.000   30.2   0b1111111111111111    20190612T110755729705
13      40     1.8166      0.3       0.8     0.0006      0.4    0.8    3114.257   30.2   0b1111111111111111    20190612T110755729841
14      40     1.8308      0.0       0.0    -0.0017      0.0    0.0    -666.000   30.2   0b1111111111111111    20190612T110755729977
15      40     1.8090      0.0       0.0    -0.0015      0.3    0.8    -666.000   30.2   0b1111111111111111    20190612T110755730113
 0      30     1.7647      0.0       0.0     0.0001      0.2    0.8   21177.000   30.2   0b1111111111111111    20190612T110759181027
 1      30     1.7720      0.3       0.8    -0.0006      0.4    0.8    -666.000   30.2   0b1111111111111111    20190612T110759181456
 2      30     1.7692      0.0       0.0     0.0000      0.0    0.0    -666.000   30.2   0b1111111111111111    20190612T110759181775
 3      30     1.7738      0.0       0.0    -0.0001      0.2    0.8    -666.000   30.2   0b1111111111111111    20190612T110759182118
 4      30     1.7768      0.2       0.7     0.0002      0.3    0.8   10660.950   30.2   0b1111111111111111    20190612T110759182439
 5      30     1.7738      0.0       0.0     0.0000      0.0    0.0    -666.000   30.2   0b1111111111111111    20190612T110759182730
 6      30     1.7688      0.4       0.7    -0.0020      0.4    0.8    -666.000   30.2   0b1111111111111111    20190612T110759183013
 7      30     1.7655      0.0       0.0    -0.0015      0.3    0.8    -666.000   30.2   0b1111111111111111    20190612T110759183318
 8      30     1.7671      0.2       0.8    -0.0007      0.3    0.8    -666.000   30.2   0b1111111111111111    20190612T110759183657
 9      30     1.7730      0.0       0.0    -0.0025      0.0    0.0    -666.000   30.2   0b1111111111111111    20190612T110759183944
10      30     1.7790      0.0       0.0     0.0017      0.0    0.0    1067.400   30.2   0b1111111111111111    20190612T110759184247
11      30     1.7757      0.4       0.7    -0.0008      0.0    0.0    -666.000   30.2   0b1111111111111111    20190612T110759184531
12      30     1.7669      0.2       0.7    -0.0007      0.2    0.8    -666.000   30.2   0b1111111111111111    20190612T110759184811
13      30     1.7690      0.3       0.7     0.0002      0.4    0.8    7076.100   30.2   0b1111111111111111    20190612T110759185092
14      30     1.7828      0.0       0.0    -0.0017      0.2    0.8    -666.000   30.2   0b1111111111111111    20190612T110759185392
15      30     1.7595      0.0       0.0    -0.0017      0.0    0.0    -666.000   30.2   0b1111111111111111    20190612T110759185749
 0      20     1.7152      0.0       0.0     0.0000      0.0    0.0    -666.000   30.1   0b1111111111111111    20190612T110802633467
 1      20     1.7220      0.0       0.0    -0.0005      0.4    0.8    -666.000   30.1   0b1111111111111111    20190612T110802633908
 2      20     1.7197      0.0       0.0     0.0000      0.0    0.0    -666.000   30.1   0b1111111111111111    20190612T110802634255
 3      20     1.7238      0.4       0.8     0.0000      0.0    0.0    -666.000   30.1   0b1111111111111111    20190612T110802634560
 4      20     1.7258      0.0       0.0     0.0000      0.0    0.0    -666.000   30.1   0b1111111111111111    20190612T110802634854
 5      20     1.7228      0.0       0.0    -0.0001      0.2    0.8    -666.000   30.1   0b1111111111111111    20190612T110802635142
 6      20     1.7182      0.0       0.0    -0.0022      0.4    0.8    -666.000   30.1   0b1111111111111111    20190612T110802635451
 7      20     1.7147      0.3       0.8    -0.0017      0.0    0.0    -666.000   30.1   0b1111111111111111    20190612T110802635737
 8      20     1.7167      0.0       0.0    -0.0008      0.0    0.0    -666.000   30.1   0b1111111111111111    20190612T110802636020
 9      20     1.7224      0.4       0.8    -0.0025      0.0    0.0    -666.000   30.1   0b1111111111111111    20190612T110802636365
10      20     1.7285      0.4       0.8     0.0017      0.0    0.0    1037.070   30.1   0b1111111111111111    20190612T110802636655
11      20     1.7250      0.0       0.0    -0.0011      0.4    0.8    -666.000   30.1   0b1111111111111111    20190612T110802636938
12      20     1.7167      0.0       0.0    -0.0008      0.0    0.0    -666.000   30.1   0b1111111111111111    20190612T110802637244
13      20     1.7194      0.4       0.7     0.0001      0.2    0.8   20632.500   30.1   0b1111111111111111    20190612T110802637528
14      20     1.7327      0.3       0.7    -0.0019      0.4    0.8    -666.000   30.1   0b1111111111111111    20190612T110802637810
15      20     1.7100      0.0       0.0    -0.0017      0.0    0.0    -666.000   30.1   0b1111111111111111    20190612T110802638089
 0      10     1.6651      0.2       0.8     0.0000      0.0    0.0    -666.000   30.1   0b1111111111111111    20190612T110806090505
 1      10     1.6717      0.0       0.0    -0.0008      0.0    0.0    -666.000   30.1   0b1111111111111111    20190612T110806090896
 2      10     1.6696      0.3       0.8     0.0000      0.0    0.0    -666.000   30.1   0b1111111111111111    20190612T110806091196
 3      10     1.6740      0.0       0.0    -0.0004      0.4    0.8    -666.000   30.1   0b1111111111111111    20190612T110806091513
 4      10     1.6755      0.0       0.0     0.0000      0.0    0.0    -666.000   30.1   0b1111111111111111    20190612T110806091799
 5      10     1.6725      0.0       0.0    -0.0002      0.4    0.8    -666.000   30.1   0b1111111111111111    20190612T110806092113
 6      10     1.6672      0.0       0.0    -0.0024      0.2    0.8    -666.000   30.1   0b1111111111111111    20190612T110806092423
 7      10     1.6643      0.0       0.0    -0.0017      0.0    0.0    -666.000   30.1   0b1111111111111111    20190612T110806092708
 8      10     1.6671      0.3       0.8    -0.0008      0.0    0.0    -666.000   30.1   0b1111111111111111    20190612T110806092989
 9      10     1.6717      0.0       0.0    -0.0025      0.0    0.0    -666.000   30.1   0b1111111111111111    20190612T110806093346
10      10     1.6778      0.0       0.0     0.0017      0.0    0.0    1006.650   30.1   0b1111111111111111    20190612T110806093684
11      10     1.6747      0.0       0.0    -0.0012      0.4    0.8    -666.000   30.1   0b1111111111111111    20190612T110806094019
12      10     1.6672      0.0       0.0    -0.0008      0.0    0.0    -666.000   30.1   0b1111111111111111    20190612T110806094331
13      10     1.6695      0.0       0.0     0.0000      0.0    0.0    -666.000   30.1   0b1111111111111111    20190612T110806094615
14      10     1.6829      0.3       0.8    -0.0019      0.4    0.8    -666.000   30.1   0b1111111111111111    20190612T110806094894
15      10     1.6607      0.3       0.8    -0.0017      0.0    0.0    -666.000   30.1   0b1111111111111111    20190612T110806095175
 0       0     1.6155      0.0       0.0     0.0000      0.0    0.0    -666.000   30.1   0b1111111111111111    20190612T110809546491
 1       0     1.6215      0.0       0.0    -0.0008      0.0    0.0    -666.000   30.1   0b1111111111111111    20190612T110809546890
 2       0     1.6200      0.0       0.0    -0.0001      0.2    0.8    -666.000   30.1   0b1111111111111111    20190612T110809547260
 3       0     1.6237      0.0       0.0    -0.0003      0.4    0.8    -666.000   30.1   0b1111111111111111    20190612T110809547612
 4       0     1.6240      0.4       0.8     0.0000      0.0    0.0    -666.000   30.1   0b1111111111111111    20190612T110809547907
 5       0     1.6209      0.3       0.8    -0.0004      0.4    0.8    -666.000   30.1   0b1111111111111111    20190612T110809548194
 6       0     1.6163      0.0       0.0    -0.0025      0.0    0.0    -666.000   30.1   0b1111111111111111    20190612T110809548447
 7       0     1.6140      0.0       0.0    -0.0017      0.0    0.0    -666.000   30.1   0b1111111111111111    20190612T110809548595
 8       0     1.6163      0.2       0.7    -0.0008      0.0    0.0    -666.000   30.1   0b1111111111111111    20190612T110809548732
 9       0     1.6215      0.0       0.0    -0.0026      0.3    0.8    -666.000   30.1   0b1111111111111111    20190612T110809548896
10       0     1.6267      0.0       0.0     0.0017      0.0    0.0     976.050   30.1   0b1111111111111111    20190612T110809549040
11       0     1.6245      0.0       0.0    -0.0014      0.4    0.8    -666.000   30.1   0b1111111111111111    20190612T110809549177
12       0     1.6170      0.0       0.0    -0.0008      0.0    0.0    -666.000   30.1   0b1111111111111111    20190612T110809549343
13       0     1.6194      0.3       0.8     0.0000      0.0    0.0    -666.000   30.1   0b1111111111111111    20190612T110809549488
14       0     1.6320      0.0       0.0    -0.0022      0.4    0.8    -666.000   30.1   0b1111111111111111    20190612T110809549624
15       0     1.6110      0.0       0.0    -0.0017      0.2    0.8    -666.000   30.1   0b1111111111111111    20190612T110809549759
