CH# Vset[DAC]   V[V]    dVRMS[mV] dVpp[mV]    I[A]  dIRMS[mA] dIpp[mA]   R[ohm]   T[C]   State                Timestamp
 0     250     2.8253      0.0       0.0     0.0018      0.3    0.8    1541.045   24.7   0b1111111111111111    20190521T145739375386
 1     250     2.8380      0.0       0.0     0.0007      0.2    0.8    3784.000   24.7   0b1111111111111111    20190521T145739375998
 2     250     2.8500      0.0       0.0     0.0024      0.4    1.7    1179.310   24.7   0b1111111111111111    20190521T145739376376
 3     250     2.8350      0.0       0.0     0.0007      0.5    1.7    4252.500   24.7   0b1111111111111111    20190521T145739376704
 4     250     2.8617      0.4       0.8     0.0006      0.4    0.8    4905.771   24.7   0b1111111111111111    20190521T145739377007
 5     250     2.8658      0.2       0.8     0.0028      0.6    1.7    1011.468   24.7   0b1111111111111111    20190521T145739377300
 6     250     2.8732      0.0       0.0     0.0027      0.3    0.8    1077.469   24.7   0b1111111111111111    20190521T145739377594
 7     250     2.8672      0.0       0.0     0.0017      0.4    1.7    1720.350   24.7   0b1111111111111111    20190521T145739377889
 8     250     2.8715      0.3       0.8     0.0035      0.3    0.8     820.436   24.7   0b1111111111111111    20190521T145739378034
 9     250     2.8620      0.0       0.0     0.0023      0.3    0.8    1226.571   24.7   0b1111111111111111    20190521T145739378175
10     250     2.8702      0.0       0.0     0.0015      0.3    0.8    1913.500   24.7   0b1111111111111111    20190521T145739378314
11     250     2.8693      0.3       0.8     0.0024      0.2    0.8    1187.317   24.7   0b1111111111111111    20190521T145739378454
12     250     2.8635      0.0       0.0     0.0014      0.4    0.8    2021.294   24.7   0b1111111111111111    20190521T145739378593
13     250     2.8672      0.0       0.0     0.0003      0.6    1.7    8601.750   24.7   0b1111111111111111    20190521T145739378744
14     250     2.8732      0.0       0.0     0.0001      0.6    1.7   34479.000   24.7   0b1111111111111111    20190521T145739378884
15     250     2.8513      0.3       0.8     0.0007      0.5    1.7    4276.913   24.7   0b1111111111111111    20190521T145739379023
 0     240     2.7772      0.0       0.0     0.0018      0.5    1.7    1514.864   24.7   0b1111111111111111    20190521T145742822809
 1     240     2.7897      0.4       0.8     0.0005      0.4    0.8    5579.400   24.7   0b1111111111111111    20190521T145742823204
 2     240     2.8020      0.0       0.0     0.0024      0.2    0.8    1159.448   24.7   0b1111111111111111    20190521T145742823548
 3     240     2.7870      0.0       0.0     0.0007      0.2    0.8    3716.000   24.7   0b1111111111111111    20190521T145742823854
 4     240     2.8131      0.3       0.8     0.0005      0.4    0.8    5626.200   24.7   0b1111111111111111    20190521T145742824148
 5     240     2.8170      0.0       0.0     0.0028      0.4    0.8    1024.364   24.7   0b1111111111111111    20190521T145742824462
 6     240     2.8238      0.2       0.8     0.0026      0.2    0.8    1093.094   24.7   0b1111111111111111    20190521T145742824756
 7     240     2.8183      0.3       0.7     0.0016      0.3    0.8    1779.963   24.7   0b1111111111111111    20190521T145742825044
 8     240     2.8223      0.0       0.0     0.0034      0.4    1.7     826.024   24.7   0b1111111111111111    20190521T145742825331
 9     240     2.8133      0.0       0.0     0.0024      0.2    0.8    1164.103   24.7   0b1111111111111111    20190521T145742825693
10     240     2.8213      0.3       0.7     0.0012      0.4    0.8    2418.300   24.7   0b1111111111111111    20190521T145742825999
11     240     2.8200      0.0       0.0     0.0027      0.3    0.8    1057.500   24.7   0b1111111111111111    20190521T145742826286
12     240     2.8140      0.0       0.0     0.0016      0.3    0.8    1777.263   24.7   0b1111111111111111    20190521T145742826595
13     240     2.8178      0.0       0.0     0.0001      0.2    0.8   33813.000   24.7   0b1111111111111111    20190521T145742826883
14     240     2.8237      0.0       0.0     0.0003      0.4    0.8    8471.250   24.7   0b1111111111111111    20190521T145742827180
15     240     2.8020      0.0       0.0     0.0006      0.4    0.8    4803.429   24.7   0b1111111111111111    20190521T145742827501
 0     230     2.7308      0.0       0.0     0.0017      0.0    0.0    1638.450   24.7   0b1111111111111111    20190521T145746284330
 1     230     2.7430      0.3       0.8     0.0006      0.4    0.8    4702.243   24.7   0b1111111111111111    20190521T145746284767
 2     230     2.7554      0.3       0.7     0.0023      0.4    0.8    1224.600   24.7   0b1111111111111111    20190521T145746285079
 3     230     2.7405      0.0       0.0     0.0007      0.3    0.8    4110.750   24.7   0b1111111111111111    20190521T145746285376
 4     230     2.7652      0.0       0.0     0.0007      0.4    1.7    3687.000   24.7   0b1111111111111111    20190521T145746285693
 5     230     2.7696      0.3       0.7     0.0026      0.2    0.8    1072.103   24.7   0b1111111111111111    20190521T145746285983
 6     230     2.7765      0.0       0.0     0.0024      0.2    0.8    1148.897   24.7   0b1111111111111111    20190521T145746286270
 7     230     2.7705      0.0       0.0     0.0017      0.0    0.0    1662.300   24.7   0b1111111111111111    20190521T145746286578
 8     230     2.7742      0.0       0.0     0.0032      0.3    0.8     876.079   24.7   0b1111111111111111    20190521T145746286869
 9     230     2.7652      0.0       0.0     0.0024      0.2    0.8    1144.241   24.7   0b1111111111111111    20190521T145746287155
10     230     2.7732      0.4       0.8     0.0016      0.4    1.7    1751.495   24.7   0b1111111111111111    20190521T145746287513
11     230     2.7726      0.3       0.8     0.0025      0.0    0.0    1109.040   24.7   0b1111111111111111    20190521T145746287682
12     230     2.7660      0.0       0.0     0.0013      0.4    0.8    2074.500   24.7   0b1111111111111111    20190521T145746287821
13     230     2.7699      0.3       0.8     0.0005      0.4    0.8    5539.800   24.7   0b1111111111111111    20190521T145746287960
14     230     2.7750      0.0       0.0     0.0002      0.3    0.8   16650.000   24.7   0b1111111111111111    20190521T145746288099
15     230     2.7548      0.0       0.0     0.0007      0.3    0.8    4132.125   24.7   0b1111111111111111    20190521T145746288237
 0     220     2.6835      0.0       0.0     0.0016      0.3    0.8    1694.842   24.7   0b1111111111111111    20190521T145749738101
 1     220     2.6947      0.0       0.0     0.0002      0.4    0.8   10779.000   24.7   0b1111111111111111    20190521T145749738540
 2     220     2.7067      0.0       0.0     0.0023      0.4    0.8    1203.000   24.7   0b1111111111111111    20190521T145749738857
 3     220     2.6925      0.0       0.0     0.0008      0.0    0.0    3231.000   24.7   0b1111111111111111    20190521T145749739157
 4     220     2.7165      0.0       0.0     0.0007      0.3    0.8    4074.750   24.7   0b1111111111111111    20190521T145749739475
 5     220     2.7203      0.0       0.0     0.0026      0.2    0.8    1053.000   24.7   0b1111111111111111    20190521T145749739769
 6     220     2.7277      0.0       0.0     0.0025      0.0    0.0    1091.100   24.7   0b1111111111111111    20190521T145749740059
 7     220     2.7208      0.3       0.8     0.0016      0.3    0.8    1718.432   24.7   0b1111111111111111    20190521T145749740353
 8     220     2.7247      0.0       0.0     0.0030      0.4    0.8     908.250   24.7   0b1111111111111111    20190521T145749740806
 9     220     2.7165      0.0       0.0     0.0024      0.2    0.8    1124.069   24.7   0b1111111111111111    20190521T145749741125
10     220     2.7240      0.0       0.0     0.0015      0.3    0.8    1816.000   24.7   0b1111111111111111    20190521T145749741441
11     220     2.7229      0.4       0.8     0.0024      0.4    1.7    1126.707   24.7   0b1111111111111111    20190521T145749741733
12     220     2.7165      0.0       0.0     0.0014      0.4    0.8    1917.529   24.7   0b1111111111111111    20190521T145749742021
13     220     2.7210      0.0       0.0     0.0002      0.3    0.8   16326.000   24.7   0b1111111111111111    20190521T145749742324
14     220     2.7258      0.4       0.8     0.0002      0.3    0.8   16354.800   24.7   0b1111111111111111    20190521T145749742633
15     220     2.7052      0.2       0.8     0.0005      0.4    0.8    5410.350   24.7   0b1111111111111111    20190521T145749742920
 0     210     2.6353      0.3       0.7     0.0014      0.4    0.8    1860.247   24.7   0b1111111111111111    20190521T145753185310
 1     210     2.6465      0.3       0.8     0.0001      0.2    0.8   31758.300   24.7   0b1111111111111111    20190521T145753185738
 2     210     2.6580      0.0       0.0     0.0023      0.4    0.8    1181.333   24.7   0b1111111111111111    20190521T145753186054
 3     210     2.6440      0.3       0.8     0.0008      0.0    0.0    3172.770   24.7   0b1111111111111111    20190521T145753186355
 4     210     2.6671      0.2       0.8     0.0003      0.4    0.8    8001.225   24.7   0b1111111111111111    20190521T145753186674
 5     210     2.6713      0.3       0.7     0.0023      0.3    0.8    1144.864   24.7   0b1111111111111111    20190521T145753186968
 6     210     2.6782      0.0       0.0     0.0022      0.4    0.8    1236.115   24.7   0b1111111111111111    20190521T145753187258
 7     210     2.6715      0.0       0.0     0.0016      0.3    0.8    1687.263   24.7   0b1111111111111111    20190521T145753187563
 8     210     2.6752      0.0       0.0     0.0033      0.2    0.8     823.154   24.7   0b1111111111111111    20190521T145753187705
 9     210     2.6670      0.0       0.0     0.0023      0.3    0.8    1143.000   24.7   0b1111111111111111    20190521T145753187845
10     210     2.6745      0.0       0.0     0.0016      0.3    0.8    1689.158   24.7   0b1111111111111111    20190521T145753187985
11     210     2.6734      0.4       0.7     0.0023      0.3    0.8    1145.732   24.7   0b1111111111111111    20190521T145753188124
12     210     2.6670      0.0       0.0     0.0010      0.3    0.8    2667.000   24.7   0b1111111111111111    20190521T145753188288
13     210     2.6715      0.0       0.0     0.0001      0.2    0.8   32058.000   24.7   0b1111111111111111    20190521T145753188444
14     210     2.6760      0.0       0.0    -0.0001      0.2    0.8    -666.000   24.7   0b1111111111111111    20190521T145753188583
15     210     2.6558      0.0       0.0     0.0004      0.4    0.8    6373.800   24.7   0b1111111111111111    20190521T145753188723
 0     200     2.5867      0.0       0.0     0.0015      0.3    0.8    1724.500   24.7   0b1111111111111111    20190521T145756650548
 1     200     2.5979      0.2       0.7     0.0001      0.2    0.8   31175.100   24.7   0b1111111111111111    20190521T145756650979
 2     200     2.6092      0.0       0.0     0.0018      0.3    0.8    1423.227   24.7   0b1111111111111111    20190521T145756651286
 3     200     2.5957      0.0       0.0     0.0007      0.2    0.8    3461.000   24.7   0b1111111111111111    20190521T145756651602
 4     200     2.6180      0.3       0.8     0.0003      0.4    0.8    7854.075   24.7   0b1111111111111111    20190521T145756651992
 5     200     2.6220      0.0       0.0     0.0025      0.0    0.0    1048.800   24.7   0b1111111111111111    20190521T145756652292
 6     200     2.6288      0.0       0.0     0.0020      0.4    0.8    1314.375   24.7   0b1111111111111111    20190521T145756652602
 7     200     2.6220      0.0       0.0     0.0013      0.4    0.8    1966.500   24.7   0b1111111111111111    20190521T145756652894
 8     200     2.6251      0.2       0.8     0.0032      0.3    0.8     828.971   24.7   0b1111111111111111    20190521T145756653232
 9     200     2.6175      0.0       0.0     0.0023      0.4    0.8    1163.333   24.7   0b1111111111111111    20190521T145756653547
10     200     2.6246      0.4       0.8     0.0011      0.4    0.8    2422.662   24.7   0b1111111111111111    20190521T145756653838
11     200     2.6237      0.3       0.7     0.0023      0.3    0.8    1124.454   24.7   0b1111111111111111    20190521T145756654124
12     200     2.6168      0.2       0.7     0.0011      0.4    0.8    2415.531   24.7   0b1111111111111111    20190521T145756654446
13     200     2.6217      0.4       0.7     0.0000      0.0    0.0    -666.000   24.7   0b1111111111111111    20190521T145756654734
14     200     2.6258      0.0       0.0     0.0000      0.0    0.0    -666.000   24.7   0b1111111111111111    20190521T145756655018
15     200     2.6062      0.0       0.0     0.0002      0.3    0.8   15637.500   24.7   0b1111111111111111    20190521T145756655302
 0     190     2.5402      0.0       0.0     0.0013      0.4    0.8    1905.187   24.7   0b1111111111111111    20190521T145800099231
 1     190     2.5515      0.0       0.0     0.0000      0.0    0.0    -666.000   24.7   0b1111111111111111    20190521T145800099696
 2     190     2.5623      0.4       0.8     0.0020      0.4    0.8    1281.150   24.7   0b1111111111111111    20190521T145800100020
 3     190     2.5487      0.3       0.7     0.0004      0.4    0.8    6116.940   24.7   0b1111111111111111    20190521T145800100322
 4     190     2.5703      0.0       0.0     0.0003      0.4    0.8    7710.750   24.7   0b1111111111111111    20190521T145800100640
 5     190     2.5748      0.0       0.0     0.0025      0.0    0.0    1029.900   24.7   0b1111111111111111    20190521T145800100970
 6     190     2.5815      0.0       0.0     0.0022      0.4    0.8    1191.462   24.7   0b1111111111111111    20190521T145800101269
 7     190     2.5748      0.0       0.0     0.0011      0.4    0.8    2376.692   24.7   0b1111111111111111    20190521T145800101581
 8     190     2.5777      0.0       0.0     0.0026      0.2    0.8     997.839   24.7   0b1111111111111111    20190521T145800101925
 9     190     2.5695      0.0       0.0     0.0023      0.4    0.8    1142.000   24.7   0b1111111111111111    20190521T145800102229
10     190     2.5770      0.0       0.0     0.0012      0.4    0.8    2208.857   24.7   0b1111111111111111    20190521T145800102540
11     190     2.5760      0.3       0.8     0.0021      0.4    0.8    1236.492   24.7   0b1111111111111111    20190521T145800102830
12     190     2.5688      0.0       0.0     0.0008      0.4    1.7    3082.500   24.7   0b1111111111111111    20190521T145800103116
13     190     2.5731      0.3       0.8     0.0000      0.0    0.0    -666.000   24.7   0b1111111111111111    20190521T145800103430
14     190     2.5770      0.0       0.0    -0.0002      0.3    0.8    -666.000   24.7   0b1111111111111111    20190521T145800103718
15     190     2.5590      0.0       0.0     0.0001      0.2    0.8   30708.000   24.7   0b1111111111111111    20190521T145800104004
 0     180     2.4922      0.0       0.0     0.0010      0.3    0.8    2492.250   24.7   0b1111111111111111    20190521T145803548655
 1     180     2.5029      0.3       0.8     0.0000      0.0    0.0    -666.000   24.7   0b1111111111111111    20190521T145803549063
 2     180     2.5140      0.0       0.0     0.0018      0.2    0.8    1436.571   24.7   0b1111111111111111    20190521T145803549384
 3     180     2.5005      0.0       0.0     0.0003      0.4    0.8    7501.500   24.7   0b1111111111111111    20190521T145803549714
 4     180     2.5208      0.2       0.7     0.0001      0.2    0.8   30249.900   24.7   0b1111111111111111    20190521T145803550012
 5     180     2.5255      0.3       0.7     0.0024      0.2    0.8    1045.024   24.7   0b1111111111111111    20190521T145803550305
 6     180     2.5320      0.0       0.0     0.0019      0.4    0.8    1321.043   24.7   0b1111111111111111    20190521T145803550616
 7     180     2.5253      0.2       0.7     0.0012      0.4    0.8    2164.564   24.7   0b1111111111111111    20190521T145803550945
 8     180     2.5282      0.0       0.0     0.0028      0.4    0.8     919.364   24.7   0b1111111111111111    20190521T145803551242
 9     180     2.5200      0.0       0.0     0.0020      0.4    0.8    1260.000   24.7   0b1111111111111111    20190521T145803551553
10     180     2.5275      0.0       0.0     0.0009      0.3    0.8    2757.273   24.7   0b1111111111111111    20190521T145803551902
11     180     2.5267      0.0       0.0     0.0020      0.4    0.8    1263.375   24.7   0b1111111111111111    20190521T145803552209
12     180     2.5192      0.0       0.0     0.0008      0.0    0.0    3023.100   24.7   0b1111111111111111    20190521T145803552519
13     180     2.5236      0.3       0.7    -0.0001      0.2    0.8    -666.000   24.7   0b1111111111111111    20190521T145803552806
14     180     2.5272      0.4       0.8    -0.0001      0.2    0.8    -666.000   24.7   0b1111111111111111    20190521T145803553092
15     180     2.5095      0.0       0.0     0.0000      0.0    0.0    -666.000   24.7   0b1111111111111111    20190521T145803553377
 0     170     2.4443      0.0       0.0     0.0009      0.3    0.8    2666.455   24.7   0b1111111111111111    20190521T145806998953
 1     170     2.4548      0.0       0.0     0.0000      0.0    0.0    -666.000   24.7   0b1111111111111111    20190521T145806999352
 2     170     2.4653      0.0       0.0     0.0019      0.4    0.8    1286.217   24.7   0b1111111111111111    20190521T145806999698
 3     170     2.4525      0.0       0.0     0.0003      0.4    0.8    7357.500   24.7   0b1111111111111111    20190521T145807000001
 4     170     2.4720      0.0       0.0     0.0000      0.0    0.0    -666.000   24.7   0b1111111111111111    20190521T145807000294
 5     170     2.4765      0.0       0.0     0.0021      0.4    0.8    1188.720   24.7   0b1111111111111111    20190521T145807000608
 6     170     2.4825      0.0       0.0     0.0018      0.2    0.8    1418.571   24.7   0b1111111111111111    20190521T145807000922
 7     170     2.4765      0.0       0.0     0.0010      0.3    0.8    2476.500   24.7   0b1111111111111111    20190521T145807001213
 8     170     2.4787      0.0       0.0     0.0027      0.3    0.8     929.531   24.7   0b1111111111111111    20190521T145807001525
 9     170     2.4705      0.0       0.0     0.0018      0.2    0.8    1411.714   24.7   0b1111111111111111    20190521T145807001868
10     170     2.4780      0.0       0.0     0.0008      0.0    0.0    2973.600   24.7   0b1111111111111111    20190521T145807002160
11     170     2.4773      0.0       0.0     0.0019      0.4    0.8    1292.478   24.7   0b1111111111111111    20190521T145807002468
12     170     2.4698      0.0       0.0     0.0008      0.0    0.0    2963.700   24.7   0b1111111111111111    20190521T145807002759
13     170     2.4743      0.0       0.0    -0.0001      0.2    0.8    -666.000   24.7   0b1111111111111111    20190521T145807003043
14     170     2.4773      0.0       0.0    -0.0002      0.3    0.8    -666.000   24.7   0b1111111111111111    20190521T145807003329
15     170     2.4606      0.3       0.8     0.0000      0.0    0.0    -666.000   24.7   0b1111111111111111    20190521T145807003637
 0     160     2.3962      0.2       0.7     0.0008      0.0    0.0    2875.410   24.7   0b1111111111111111    20190521T145810452531
 1     160     2.4067      0.0       0.0     0.0000      0.0    0.0    -666.000   24.7   0b1111111111111111    20190521T145810452970
 2     160     2.4166      0.2       0.8     0.0017      0.0    0.0    1449.945   24.7   0b1111111111111111    20190521T145810453276
 3     160     2.4045      0.0       0.0     0.0000      0.0    0.0    -666.000   24.7   0b1111111111111111    20190521T145810453592
 4     160     2.4225      0.0       0.0     0.0000      0.0    0.0    -666.000   24.7   0b1111111111111111    20190521T145810453886
 5     160     2.4270      0.0       0.0     0.0021      0.4    0.8    1164.960   24.7   0b1111111111111111    20190521T145810454176
 6     160     2.4330      0.0       0.0     0.0017      0.0    0.0    1459.800   24.7   0b1111111111111111    20190521T145810454489
 7     160     2.4270      0.0       0.0     0.0008      0.0    0.0    2912.400   24.7   0b1111111111111111    20190521T145810454779
 8     160     2.4285      0.0       0.0     0.0025      0.0    0.0     971.400   24.7   0b1111111111111111    20190521T145810455067
 9     160     2.4214      0.4       0.8     0.0018      0.2    0.8    1383.643   24.7   0b1111111111111111    20190521T145810455354
10     160     2.4285      0.0       0.0     0.0008      0.0    0.0    2914.200   24.7   0b1111111111111111    20190521T145810455724
11     160     2.4277      0.0       0.0     0.0018      0.2    0.8    1387.286   24.7   0b1111111111111111    20190521T145810456015
12     160     2.4202      0.0       0.0     0.0007      0.3    0.8    3630.375   24.7   0b1111111111111111    20190521T145810456301
13     160     2.4247      0.0       0.0     0.0000      0.0    0.0    -666.000   24.7   0b1111111111111111    20190521T145810456611
14     160     2.4277      0.0       0.0    -0.0004      0.4    0.8    -666.000   24.7   0b1111111111111111    20190521T145810456896
15     160     2.4112      0.0       0.0     0.0000      0.0    0.0    -666.000   24.7   0b1111111111111111    20190521T145810457180
 0     150     2.3498      0.0       0.0     0.0008      0.0    0.0    2819.700   24.7   0b1111111111111111    20190521T145813904742
 1     150     2.3610      0.0       0.0    -0.0003      0.4    0.8    -666.000   24.7   0b1111111111111111    20190521T145813904962
 2     150     2.3700      0.0       0.0     0.0018      0.2    0.8    1354.286   24.7   0b1111111111111111    20190521T145813905110
 3     150     2.3580      0.0       0.0     0.0001      0.2    0.8   28296.000   24.7   0b1111111111111111    20190521T145813905253
 4     150     2.3760      0.0       0.0     0.0000      0.0    0.0    -666.000   24.7   0b1111111111111111    20190521T145813905414
 5     150     2.3801      0.4       0.8     0.0021      0.4    0.8    1142.460   24.7   0b1111111111111111    20190521T145813905691
 6     150     2.3850      0.0       0.0     0.0017      0.0    0.0    1431.000   24.7   0b1111111111111111    20190521T145813905979
 7     150     2.3804      0.3       0.8     0.0008      0.0    0.0    2856.420   24.7   0b1111111111111111    20190521T145813906265
 8     150     2.3820      0.0       0.0     0.0025      0.0    0.0     952.800   24.7   0b1111111111111111    20190521T145813906570
 9     150     2.3745      0.0       0.0     0.0017      0.0    0.0    1424.700   24.7   0b1111111111111111    20190521T145813906859
10     150     2.3818      0.3       0.8     0.0008      0.0    0.0    2858.130   24.7   0b1111111111111111    20190521T145813907143
11     150     2.3801      0.4       0.8     0.0018      0.2    0.8    1360.029   24.7   0b1111111111111111    20190521T145813907510
12     150     2.3730      0.0       0.0     0.0007      0.2    0.8    3164.000   24.7   0b1111111111111111    20190521T145813907675
13     150     2.3768      0.0       0.0    -0.0004      0.4    0.8    -666.000   24.7   0b1111111111111111    20190521T145813907812
14     150     2.3807      0.3       0.8    -0.0004      0.4    0.8    -666.000   24.7   0b1111111111111111    20190521T145813907949
15     150     2.3633      0.0       0.0     0.0000      0.0    0.0    -666.000   24.7   0b1111111111111111    20190521T145813908086
 0     140     2.3017      0.0       0.0     0.0008      0.0    0.0    2762.100   24.7   0b1111111111111111    20190521T145817355516
 1     140     2.3130      0.0       0.0    -0.0002      0.3    0.8    -666.000   24.7   0b1111111111111111    20190521T145817355939
 2     140     2.3220      0.0       0.0     0.0017      0.0    0.0    1393.200   24.7   0b1111111111111111    20190521T145817356253
 3     140     2.3100      0.0       0.0     0.0000      0.0    0.0    -666.000   24.7   0b1111111111111111    20190521T145817356572
 4     140     2.3272      0.0       0.0     0.0000      0.0    0.0    -666.000   24.7   0b1111111111111111    20190521T145817356867
 5     140     2.3314      0.4       0.7     0.0018      0.2    0.8    1332.214   24.7   0b1111111111111111    20190521T145817357157
 6     140     2.3363      0.0       0.0     0.0017      0.0    0.0    1401.750   24.7   0b1111111111111111    20190521T145817357478
 7     140     2.3316      0.3       0.7     0.0008      0.0    0.0    2797.920   24.7   0b1111111111111111    20190521T145817357663
 8     140     2.3333      0.0       0.0     0.0025      0.0    0.0     933.300   24.7   0b1111111111111111    20190521T145817357811
 9     140     2.3251      0.3       0.8     0.0017      0.0    0.0    1395.090   24.7   0b1111111111111111    20190521T145817357950
10     140     2.3325      0.0       0.0     0.0008      0.0    0.0    2799.000   24.7   0b1111111111111111    20190521T145817358089
11     140     2.3310      0.0       0.0     0.0017      0.0    0.0    1398.600   24.7   0b1111111111111111    20190521T145817358253
12     140     2.3241      0.3       0.8     0.0007      0.3    0.8    3486.150   24.7   0b1111111111111111    20190521T145817358412
13     140     2.3280      0.0       0.0    -0.0004      0.4    0.8    -666.000   24.7   0b1111111111111111    20190521T145817358553
14     140     2.3314      0.4       0.7    -0.0005      0.4    0.8    -666.000   24.7   0b1111111111111111    20190521T145817358691
15     140     2.3145      0.0       0.0    -0.0003      0.4    0.8    -666.000   24.7   0b1111111111111111    20190521T145817358829
 0     130     2.2541      0.4       0.8     0.0008      0.0    0.0    2704.950   24.7   0b1111111111111111    20190521T145820808875
 1     130     2.2652      0.3       0.8    -0.0007      0.3    0.8    -666.000   24.7   0b1111111111111111    20190521T145820809273
 2     130     2.2740      0.0       0.0     0.0016      0.3    0.8    1436.211   24.7   0b1111111111111111    20190521T145820809704
 3     130     2.2628      0.0       0.0     0.0000      0.0    0.0    -666.000   24.7   0b1111111111111111    20190521T145820810013
 4     130     2.2785      0.0       0.0    -0.0001      0.2    0.8    -666.000   24.7   0b1111111111111111    20190521T145820810306
 5     130     2.2823      0.0       0.0     0.0018      0.3    0.8    1244.864   24.7   0b1111111111111111    20190521T145820810596
 6     130     2.2875      0.0       0.0     0.0016      0.3    0.8    1444.737   24.7   0b1111111111111111    20190521T145820810945
 7     130     2.2830      0.0       0.0     0.0008      0.0    0.0    2739.600   24.7   0b1111111111111111    20190521T145820811238
 8     130     2.2838      0.0       0.0     0.0025      0.0    0.0     913.500   24.7   0b1111111111111111    20190521T145820811526
 9     130     2.2763      0.2       0.8     0.0017      0.0    0.0    1365.795   24.7   0b1111111111111111    20190521T145820811831
10     130     2.2838      0.0       0.0     0.0008      0.0    0.0    2740.500   24.7   0b1111111111111111    20190521T145820812174
11     130     2.2823      0.0       0.0     0.0017      0.0    0.0    1369.350   24.7   0b1111111111111111    20190521T145820812469
12     130     2.2748      0.0       0.0     0.0005      0.4    0.8    4549.500   24.7   0b1111111111111111    20190521T145820812781
13     130     2.2792      0.2       0.8    -0.0007      0.3    0.8    -666.000   24.7   0b1111111111111111    20190521T145820813070
14     130     2.2823      0.0       0.0    -0.0008      0.0    0.0    -666.000   24.7   0b1111111111111111    20190521T145820813354
15     130     2.2658      0.0       0.0    -0.0002      0.4    0.8    -666.000   24.7   0b1111111111111111    20190521T145820813656
 0     120     2.2058      0.0       0.0     0.0008      0.0    0.0    2646.900   24.7   0b1111111111111111    20190521T145824265428
 1     120     2.2177      0.2       0.8    -0.0005      0.4    0.8    -666.000   24.7   0b1111111111111111    20190521T145824265840
 2     120     2.2267      0.0       0.0     0.0017      0.0    0.0    1336.050   24.7   0b1111111111111111    20190521T145824266153
 3     120     2.2140      0.0       0.0     0.0000      0.0    0.0    -666.000   24.7   0b1111111111111111    20190521T145824266478
 4     120     2.2297      0.0       0.0    -0.0001      0.2    0.8    -666.000   24.7   0b1111111111111111    20190521T145824266775
 5     120     2.2342      0.0       0.0     0.0017      0.0    0.0    1340.550   24.7   0b1111111111111111    20190521T145824267067
 6     120     2.2403      0.0       0.0     0.0016      0.3    0.8    1414.895   24.7   0b1111111111111111    20190521T145824267358
 7     120     2.2342      0.0       0.0     0.0008      0.0    0.0    2681.100   24.7   0b1111111111111111    20190521T145824267631
 8     120     2.2357      0.2       0.8     0.0024      0.2    0.8     925.107   24.7   0b1111111111111111    20190521T145824267772
 9     120     2.2282      0.0       0.0     0.0017      0.0    0.0    1336.950   24.7   0b1111111111111111    20190521T145824267937
10     120     2.2350      0.0       0.0     0.0008      0.0    0.0    2682.000   24.7   0b1111111111111111    20190521T145824268078
11     120     2.2335      0.0       0.0     0.0014      0.4    0.8    1576.588   24.7   0b1111111111111111    20190521T145824268218
12     120     2.2260      0.0       0.0     0.0002      0.3    0.8   13356.000   24.7   0b1111111111111111    20190521T145824268357
13     120     2.2297      0.0       0.0    -0.0007      0.3    0.8    -666.000   24.7   0b1111111111111111    20190521T145824268508
14     120     2.2327      0.0       0.0    -0.0007      0.2    0.8    -666.000   24.7   0b1111111111111111    20190521T145824268647
15     120     2.2162      0.0       0.0    -0.0005      0.4    0.8    -666.000   24.7   0b1111111111111111    20190521T145824268785
 0     110     2.1593      0.0       0.0     0.0005      0.4    0.8    4318.500   24.7   0b1111111111111111    20190521T145827718198
 1     110     2.1705      0.0       0.0    -0.0007      0.3    0.8    -666.000   24.7   0b1111111111111111    20190521T145827718582
 2     110     2.1803      0.0       0.0     0.0015      0.3    0.8    1453.500   24.7   0b1111111111111111    20190521T145827718918
 3     110     2.1675      0.0       0.0     0.0000      0.0    0.0    -666.000   24.7   0b1111111111111111    20190521T145827719215
 4     110     2.1836      0.4       0.8    -0.0002      0.4    0.8    -666.000   24.7   0b1111111111111111    20190521T145827719504
 5     110     2.1885      0.0       0.0     0.0017      0.0    0.0    1313.100   24.7   0b1111111111111111    20190521T145827719816
 6     110     2.1938      0.0       0.0     0.0015      0.3    0.8    1462.500   24.7   0b1111111111111111    20190521T145827720106
 7     110     2.1878      0.0       0.0     0.0008      0.0    0.0    2625.300   24.7   0b1111111111111111    20190521T145827720393
 8     110     2.1885      0.0       0.0     0.0021      0.4    0.8    1050.480   24.7   0b1111111111111111    20190521T145827720752
 9     110     2.1818      0.0       0.0     0.0017      0.0    0.0    1309.050   24.7   0b1111111111111111    20190521T145827721073
10     110     2.1881      0.4       0.7     0.0006      0.4    0.8    3751.071   24.7   0b1111111111111111    20190521T145827721366
11     110     2.1870      0.0       0.0     0.0013      0.4    0.8    1749.600   24.7   0b1111111111111111    20190521T145827721679
12     110     2.1788      0.0       0.0     0.0001      0.2    0.8   26145.000   24.7   0b1111111111111111    20190521T145827722067
13     110     2.1825      0.0       0.0    -0.0008      0.0    0.0    -666.000   24.7   0b1111111111111111    20190521T145827722361
14     110     2.1848      0.0       0.0    -0.0008      0.0    0.0    -666.000   24.7   0b1111111111111111    20190521T145827722670
15     110     2.1698      0.0       0.0    -0.0006      0.4    0.8    -666.000   24.7   0b1111111111111111    20190521T145827722956
 0     100     2.1095      0.4       0.8     0.0004      0.4    0.8    5062.680   24.6   0b1111111111111111    20190521T145831184447
 1     100     2.1217      0.0       0.0    -0.0008      0.0    0.0    -666.000   24.6   0b1111111111111111    20190521T145831184926
 2     100     2.1307      0.0       0.0     0.0013      0.4    0.8    1704.600   24.6   0b1111111111111111    20190521T145831185247
 3     100     2.1180      0.0       0.0    -0.0001      0.2    0.8    -666.000   24.6   0b1111111111111111    20190521T145831185605
 4     100     2.1345      0.0       0.0    -0.0004      0.4    0.8    -666.000   24.6   0b1111111111111111    20190521T145831185911
 5     100     2.1392      0.3       0.8     0.0016      0.3    0.8    1351.089   24.6   0b1111111111111111    20190521T145831186206
 6     100     2.1450      0.0       0.0     0.0014      0.4    0.8    1514.118   24.6   0b1111111111111111    20190521T145831186511
 7     100     2.1390      0.0       0.0     0.0004      0.4    0.8    5133.600   24.6   0b1111111111111111    20190521T145831186856
 8     100     2.1397      0.2       0.8     0.0018      0.3    0.8    1167.095   24.6   0b1111111111111111    20190521T145831187147
 9     100     2.1330      0.0       0.0     0.0016      0.3    0.8    1347.158   24.6   0b1111111111111111    20190521T145831187435
10     100     2.1390      0.0       0.0     0.0006      0.4    0.8    3666.857   24.6   0b1111111111111111    20190521T145831187733
11     100     2.1382      0.0       0.0     0.0014      0.4    0.8    1509.353   24.6   0b1111111111111111    20190521T145831187876
12     100     2.1292      0.2       0.8     0.0000      0.0    0.0    -666.000   24.6   0b1111111111111111    20190521T145831188017
13     100     2.1330      0.0       0.0    -0.0008      0.0    0.0    -666.000   24.6   0b1111111111111111    20190521T145831188157
14     100     2.1345      0.0       0.0    -0.0008      0.0    0.0    -666.000   24.6   0b1111111111111111    20190521T145831188296
15     100     2.1199      0.4       0.8    -0.0007      0.3    0.8    -666.000   24.6   0b1111111111111111    20190521T145831188434
 0      90     2.0602      0.0       0.0     0.0002      0.3    0.8   12361.500   24.6   0b1111111111111111    20190521T145834638672
 1      90     2.0707      0.0       0.0    -0.0007      0.2    0.8    -666.000   24.6   0b1111111111111111    20190521T145834639135
 2      90     2.0798      0.2       0.8     0.0013      0.4    0.8    1663.860   24.6   0b1111111111111111    20190521T145834639469
 3      90     2.0676      0.3       0.8    -0.0001      0.2    0.8    -666.000   24.6   0b1111111111111111    20190521T145834639770
 4      90     2.0865      0.0       0.0    -0.0005      0.4    0.8    -666.000   24.6   0b1111111111111111    20190521T145834640061
 5      90     2.0903      0.0       0.0     0.0016      0.3    0.8    1320.158   24.6   0b1111111111111111    20190521T145834640350
 6      90     2.0961      0.3       0.7     0.0013      0.4    0.8    1676.880   24.6   0b1111111111111111    20190521T145834640664
 7      90     2.0900      0.3       0.8     0.0004      0.4    0.8    5016.060   24.6   0b1111111111111111    20190521T145834640979
 8      90     2.0909      0.3       0.8     0.0018      0.2    0.8    1194.771   24.6   0b1111111111111111    20190521T145834641268
 9      90     2.0842      0.2       0.8     0.0013      0.4    0.8    1563.131   24.6   0b1111111111111111    20190521T145834641612
10      90     2.0903      0.0       0.0     0.0004      0.4    0.8    5016.600   24.6   0b1111111111111111    20190521T145834641906
11      90     2.0902      0.2       0.8     0.0011      0.4    0.8    1929.392   24.6   0b1111111111111111    20190521T145834642194
12      90     2.0779      0.4       0.8     0.0000      0.0    0.0    -666.000   24.6   0b1111111111111111    20190521T145834642504
13      90     2.0820      0.0       0.0    -0.0008      0.0    0.0    -666.000   24.6   0b1111111111111111    20190521T145834642792
14      90     2.0843      0.0       0.0    -0.0008      0.0    0.0    -666.000   24.6   0b1111111111111111    20190521T145834643077
15      90     2.0692      0.0       0.0    -0.0008      0.0    0.0    -666.000   24.6   0b1111111111111111    20190521T145834643361
 0      80     2.0093      0.0       0.0     0.0002      0.3    0.8   12055.500   24.6   0b1111111111111111    20190521T145838085555
 1      80     2.0197      0.0       0.0    -0.0008      0.0    0.0    -666.000   24.6   0b1111111111111111    20190521T145838085935
 2      80     2.0286      0.3       0.8     0.0009      0.3    0.8    2213.018   24.6   0b1111111111111111    20190521T145838086239
 3      80     2.0167      0.2       0.8    -0.0002      0.4    0.8    -666.000   24.6   0b1111111111111111    20190521T145838086557
 4      80     2.0362      0.0       0.0    -0.0006      0.4    0.8    -666.000   24.6   0b1111111111111111    20190521T145838086850
 5      80     2.0400      0.0       0.0     0.0017      0.0    0.0    1224.000   24.6   0b1111111111111111    20190521T145838087153
 6      80     2.0452      0.0       0.0     0.0011      0.4    0.8    1887.923   24.6   0b1111111111111111    20190521T145838087476
 7      80     2.0399      0.2       0.8     0.0001      0.2    0.8   24479.100   24.6   0b1111111111111111    20190521T145838087746
 8      80     2.0400      0.0       0.0     0.0018      0.2    0.8    1165.714   24.6   0b1111111111111111    20190521T145838087887
 9      80     2.0332      0.0       0.0     0.0009      0.3    0.8    2218.091   24.6   0b1111111111111111    20190521T145838088027
10      80     2.0400      0.0       0.0     0.0002      0.3    0.8   12240.000   24.6   0b1111111111111111    20190521T145838088166
11      80     2.0400      0.0       0.0     0.0008      0.0    0.0    2448.000   24.6   0b1111111111111111    20190521T145838088335
12      80     2.0260      0.4       0.8     0.0000      0.0    0.0    -666.000   24.6   0b1111111111111111    20190521T145838088486
13      80     2.0302      0.0       0.0    -0.0008      0.0    0.0    -666.000   24.6   0b1111111111111111    20190521T145838088626
14      80     2.0325      0.0       0.0    -0.0009      0.3    0.8    -666.000   24.6   0b1111111111111111    20190521T145838088764
15      80     2.0175      0.0       0.0    -0.0008      0.0    0.0    -666.000   24.6   0b1111111111111111    20190521T145838088903
 0      70     1.9583      0.0       0.0     0.0000      0.0    0.0    -666.000   24.6   0b1111111111111111    20190521T145841540107
 1      70     1.9691      0.4       0.8    -0.0008      0.0    0.0    -666.000   24.6   0b1111111111111111    20190521T145841540542
 2      70     1.9777      0.0       0.0     0.0008      0.0    0.0    2373.300   24.6   0b1111111111111111    20190521T145841540863
 3      70     1.9657      0.0       0.0    -0.0006      0.4    0.8    -666.000   24.6   0b1111111111111111    20190521T145841541197
 4      70     1.9845      0.0       0.0    -0.0007      0.2    0.8    -666.000   24.6   0b1111111111111111    20190521T145841541518
 5      70     1.9890      0.0       0.0     0.0017      0.0    0.0    1193.400   24.6   0b1111111111111111    20190521T145841541906
 6      70     1.9942      0.0       0.0     0.0009      0.3    0.8    2175.545   24.6   0b1111111111111111    20190521T145841542208
 7      70     1.9883      0.0       0.0     0.0002      0.3    0.8   11929.500   24.6   0b1111111111111111    20190521T145841542522
 8      70     1.9898      0.0       0.0     0.0017      0.0    0.0    1193.850   24.6   0b1111111111111111    20190521T145841542818
 9      70     1.9829      0.2       0.8     0.0008      0.0    0.0    2379.510   24.6   0b1111111111111111    20190521T145841543164
10      70     1.9890      0.0       0.0     0.0001      0.2    0.8   23868.000   24.6   0b1111111111111111    20190521T145841543488
11      70     1.9898      0.0       0.0     0.0008      0.0    0.0    2387.700   24.6   0b1111111111111111    20190521T145841543879
12      70     1.9755      0.0       0.0     0.0000      0.0    0.0    -666.000   24.6   0b1111111111111111    20190521T145841544173
13      70     1.9792      0.0       0.0    -0.0010      0.3    0.8    -666.000   24.6   0b1111111111111111    20190521T145841544484
14      70     1.9808      0.0       0.0    -0.0012      0.4    0.8    -666.000   24.6   0b1111111111111111    20190521T145841544774
15      70     1.9665      0.0       0.0    -0.0008      0.0    0.0    -666.000   24.6   0b1111111111111111    20190521T145841545060
 0      60     1.9087      0.0       0.0     0.0000      0.0    0.0    -666.000   24.6   0b1111111111111111    20190521T145844996621
 1      60     1.9185      0.0       0.0    -0.0009      0.3    0.8    -666.000   24.6   0b1111111111111111    20190521T145844997032
 2      60     1.9267      0.0       0.0     0.0009      0.3    0.8    2101.909   24.6   0b1111111111111111    20190521T145844997355
 3      60     1.9144      0.4       0.8    -0.0004      0.4    0.8    -666.000   24.6   0b1111111111111111    20190521T145844997620
 4      60     1.9327      0.2       0.8    -0.0008      0.0    0.0    -666.000   24.6   0b1111111111111111    20190521T145844997784
 5      60     1.9373      0.0       0.0     0.0014      0.4    0.8    1367.471   24.6   0b1111111111111111    20190521T145844997929
 6      60     1.9418      0.0       0.0     0.0008      0.0    0.0    2330.100   24.6   0b1111111111111111    20190521T145844998072
 7      60     1.9373      0.0       0.0     0.0000      0.0    0.0    -666.000   24.6   0b1111111111111111    20190521T145844998212
 8      60     1.9386      0.3       0.8     0.0017      0.0    0.0    1163.160   24.6   0b1111111111111111    20190521T145844998352
 9      60     1.9312      0.0       0.0     0.0010      0.3    0.8    1931.250   24.6   0b1111111111111111    20190521T145844998506
10      60     1.9380      0.0       0.0     0.0000      0.0    0.0    -666.000   24.6   0b1111111111111111    20190521T145844998652
11      60     1.9372      0.2       0.8     0.0008      0.0    0.0    2324.610   24.6   0b1111111111111111    20190521T145844998791
12      60     1.9230      0.0       0.0    -0.0002      0.3    0.8    -666.000   24.6   0b1111111111111111    20190521T145844998931
13      60     1.9275      0.0       0.0    -0.0010      0.3    0.8    -666.000   24.6   0b1111111111111111    20190521T145844999094
14      60     1.9297      0.0       0.0    -0.0012      0.4    0.8    -666.000   24.6   0b1111111111111111    20190521T145844999233
15      60     1.9147      0.2       0.8    -0.0008      0.0    0.0    -666.000   24.6   0b1111111111111111    20190521T145844999371
 0      50     1.8577      0.0       0.0     0.0000      0.0    0.0    -666.000   24.6   0b1111111111111111    20190521T145848447885
 1      50     1.8683      0.0       0.0    -0.0009      0.3    0.8    -666.000   24.6   0b1111111111111111    20190521T145848448333
 2      50     1.8758      0.0       0.0     0.0008      0.0    0.0    2250.900   24.6   0b1111111111111111    20190521T145848449796
 3      50     1.8638      0.0       0.0    -0.0007      0.2    0.8    -666.000   24.6   0b1111111111111111    20190521T145848450104
 4      50     1.8810      0.0       0.0    -0.0008      0.0    0.0    -666.000   24.6   0b1111111111111111    20190521T145848450456
 5      50     1.8855      0.0       0.0     0.0012      0.4    0.8    1616.143   24.6   0b1111111111111111    20190521T145848450760
 6      50     1.8899      0.2       0.7     0.0008      0.0    0.0    2267.910   24.6   0b1111111111111111    20190521T145848451134
 7      50     1.8849      0.3       0.8     0.0000      0.0    0.0    -666.000   24.6   0b1111111111111111    20190521T145848451458
 8      50     1.8862      0.0       0.0     0.0016      0.3    0.8    1191.316   24.6   0b1111111111111111    20190521T145848451752
 9      50     1.8794      0.3       0.8     0.0009      0.3    0.8    2050.200   24.6   0b1111111111111111    20190521T145848452039
10      50     1.8856      0.2       0.8     0.0000      0.0    0.0    -666.000   24.6   0b1111111111111111    20190521T145848452325
11      50     1.8847      0.0       0.0     0.0008      0.0    0.0    2261.700   24.6   0b1111111111111111    20190521T145848452631
12      50     1.8712      0.0       0.0    -0.0005      0.4    0.8    -666.000   24.6   0b1111111111111111    20190521T145848453004
13      50     1.8756      0.3       0.8    -0.0015      0.3    0.8    -666.000   24.6   0b1111111111111111    20190521T145848453361
14      50     1.8773      0.0       0.0    -0.0013      0.4    0.8    -666.000   24.6   0b1111111111111111    20190521T145848453817
15      50     1.8630      0.0       0.0    -0.0009      0.3    0.8    -666.000   24.6   0b1111111111111111    20190521T145848454198
 0      40     1.8075      0.0       0.0     0.0000      0.0    0.0    -666.000   24.6   0b1111111111111111    20190521T145851902741
 1      40     1.8173      0.0       0.0    -0.0008      0.0    0.0    -666.000   24.6   0b1111111111111111    20190521T145851903148
 2      40     1.8248      0.0       0.0     0.0007      0.2    0.8    2433.000   24.6   0b1111111111111111    20190521T145851903515
 3      40     1.8135      0.0       0.0    -0.0007      0.2    0.8    -666.000   24.6   0b1111111111111111    20190521T145851903825
 4      40     1.8292      0.2       0.8    -0.0008      0.0    0.0    -666.000   24.6   0b1111111111111111    20190521T145851904121
 5      40     1.8330      0.0       0.0     0.0011      0.4    0.8    1692.000   24.6   0b1111111111111111    20190521T145851904438
 6      40     1.8375      0.0       0.0     0.0008      0.0    0.0    2205.000   24.6   0b1111111111111111    20190521T145851904733
 7      40     1.8330      0.0       0.0     0.0000      0.0    0.0    -666.000   24.6   0b1111111111111111    20190521T145851905022
 8      40     1.8337      0.0       0.0     0.0014      0.4    0.8    1294.412   24.6   0b1111111111111111    20190521T145851905310
 9      40     1.8270      0.0       0.0     0.0008      0.0    0.0    2192.400   24.6   0b1111111111111111    20190521T145851905661
10      40     1.8333      0.4       0.7     0.0000      0.0    0.0    -666.000   24.6   0b1111111111111111    20190521T145851905961
11      40     1.8328      0.3       0.8     0.0008      0.0    0.0    2199.330   24.6   0b1111111111111111    20190521T145851906249
12      40     1.8192      0.4       0.8    -0.0005      0.4    0.8    -666.000   24.6   0b1111111111111111    20190521T145851906560
13      40     1.8238      0.3       0.8    -0.0014      0.4    0.8    -666.000   24.6   0b1111111111111111    20190521T145851906849
14      40     1.8255      0.0       0.0    -0.0013      0.4    0.8    -666.000   24.6   0b1111111111111111    20190521T145851907134
15      40     1.8113      0.0       0.0    -0.0011      0.4    0.8    -666.000   24.6   0b1111111111111111    20190521T145851907451
 0      30     1.7587      0.2       0.7    -0.0002      0.4    0.8    -666.000   24.6   0b1111111111111111    20190521T145855353622
 1      30     1.7684      0.2       0.8    -0.0011      0.4    0.8    -666.000   24.6   0b1111111111111111    20190521T145855354029
 2      30     1.7753      0.0       0.0     0.0008      0.0    0.0    2130.300   24.6   0b1111111111111111    20190521T145855354333
 3      30     1.7640      0.0       0.0    -0.0008      0.0    0.0    -666.000   24.6   0b1111111111111111    20190521T145855354656
 4      30     1.7775      0.0       0.0    -0.0009      0.3    0.8    -666.000   24.6   0b1111111111111111    20190521T145855354948
 5      30     1.7820      0.0       0.0     0.0011      0.4    0.8    1644.923   24.6   0b1111111111111111    20190521T145855355239
 6      30     1.7878      0.3       0.7     0.0006      0.4    0.8    3064.886   24.6   0b1111111111111111    20190521T145855355549
 7      30     1.7820      0.0       0.0     0.0000      0.0    0.0    -666.000   24.6   0b1111111111111111    20190521T145855355838
 8      30     1.7828      0.0       0.0     0.0013      0.4    0.8    1426.200   24.6   0b1111111111111111    20190521T145855356124
 9      30     1.7762      0.3       0.8     0.0008      0.0    0.0    2131.470   24.6   0b1111111111111111    20190521T145855356455
10      30     1.7820      0.0       0.0     0.0000      0.0    0.0    -666.000   24.6   0b1111111111111111    20190521T145855356767
11      30     1.7827      0.2       0.8     0.0004      0.4    0.8    4278.420   24.6   0b1111111111111111    20190521T145855357051
12      30     1.7692      0.0       0.0    -0.0007      0.3    0.8    -666.000   24.6   0b1111111111111111    20190521T145855357335
13      30     1.7735      0.3       0.8    -0.0017      0.0    0.0    -666.000   24.6   0b1111111111111111    20190521T145855357601
14      30     1.7753      0.0       0.0    -0.0016      0.3    0.8    -666.000   24.6   0b1111111111111111    20190521T145855357740
15      30     1.7602      0.0       0.0    -0.0012      0.4    0.8    -666.000   24.6   0b1111111111111111    20190521T145855357878
 0      20     1.7085      0.0       0.0    -0.0001      0.2    0.8    -666.000   24.6   0b1111111111111111    20190521T145858816055
 1      20     1.7188      0.3       0.8    -0.0012      0.4    0.8    -666.000   24.6   0b1111111111111111    20190521T145858816508
 2      20     1.7250      0.0       0.0     0.0008      0.0    0.0    2070.000   24.6   0b1111111111111111    20190521T145858816828
 3      20     1.7138      0.0       0.0    -0.0008      0.0    0.0    -666.000   24.6   0b1111111111111111    20190521T145858817128
 4      20     1.7266      0.2       0.8    -0.0011      0.4    0.8    -666.000   24.6   0b1111111111111111    20190521T145858817455
 5      20     1.7309      0.2       0.8     0.0008      0.0    0.0    2077.110   24.6   0b1111111111111111    20190521T145858817652
 6      20     1.7363      0.0       0.0     0.0007      0.2    0.8    2315.000   24.6   0b1111111111111111    20190521T145858817794
 7      20     1.7310      0.0       0.0    -0.0001      0.2    0.8    -666.000   24.6   0b1111111111111111    20190521T145858817934
 8      20     1.7310      0.0       0.0     0.0011      0.4    0.8    1597.846   24.6   0b1111111111111111    20190521T145858818073
 9      20     1.7250      0.0       0.0     0.0008      0.0    0.0    2070.000   24.6   0b1111111111111111    20190521T145858818217
10      20     1.7310      0.0       0.0    -0.0003      0.4    0.8    -666.000   24.6   0b1111111111111111    20190521T145858818376
11      20     1.7310      0.0       0.0     0.0003      0.4    0.8    5193.000   24.6   0b1111111111111111    20190521T145858818527
12      20     1.7182      0.0       0.0    -0.0008      0.0    0.0    -666.000   24.6   0b1111111111111111    20190521T145858818666
13      20     1.7224      0.4       0.8    -0.0016      0.3    0.8    -666.000   24.6   0b1111111111111111    20190521T145858818804
14      20     1.7235      0.0       0.0    -0.0017      0.0    0.0    -666.000   24.6   0b1111111111111111    20190521T145858818942
15      20     1.7100      0.0       0.0    -0.0012      0.4    0.8    -666.000   24.6   0b1111111111111111    20190521T145858819079
 0      10     1.6590      0.0       0.0    -0.0002      0.4    0.8    -666.000   24.6   0b1111111111111111    20190521T145902268053
 1      10     1.6687      0.0       0.0    -0.0013      0.4    0.8    -666.000   24.6   0b1111111111111111    20190521T145902268446
 2      10     1.6755      0.0       0.0     0.0008      0.0    0.0    2010.600   24.6   0b1111111111111111    20190521T145902268790
 3      10     1.6643      0.0       0.0    -0.0008      0.0    0.0    -666.000   24.6   0b1111111111111111    20190521T145902269094
 4      10     1.6759      0.4       0.8    -0.0013      0.4    0.8    -666.000   24.6   0b1111111111111111    20190521T145902269389
 5      10     1.6800      0.0       0.0     0.0008      0.0    0.0    2016.000   24.6   0b1111111111111111    20190521T145902269703
 6      10     1.6853      0.2       0.8     0.0003      0.4    0.8    5055.975   24.6   0b1111111111111111    20190521T145902269994
 7      10     1.6800      0.0       0.0    -0.0005      0.4    0.8    -666.000   24.6   0b1111111111111111    20190521T145902270283
 8      10     1.6800      0.0       0.0     0.0011      0.4    0.8    1550.769   24.6   0b1111111111111111    20190521T145902270570
 9      10     1.6740      0.0       0.0     0.0007      0.2    0.8    2232.000   24.6   0b1111111111111111    20190521T145902270893
10      10     1.6796      0.4       0.8    -0.0002      0.3    0.8    -666.000   24.6   0b1111111111111111    20190521T145902271291
11      10     1.6800      0.0       0.0     0.0002      0.4    0.8    6720.000   24.6   0b1111111111111111    20190521T145902271593
12      10     1.6670      0.3       0.8    -0.0008      0.0    0.0    -666.000   24.6   0b1111111111111111    20190521T145902271900
13      10     1.6717      0.0       0.0    -0.0017      0.0    0.0    -666.000   24.6   0b1111111111111111    20190521T145902272188
14      10     1.6725      0.0       0.0    -0.0017      0.0    0.0    -666.000   24.6   0b1111111111111111    20190521T145902272474
15      10     1.6590      0.0       0.0    -0.0013      0.4    0.8    -666.000   24.6   0b1111111111111111    20190521T145902272777
 0       0     1.6095      0.0       0.0    -0.0006      0.4    0.8    -666.000   24.6   0b1111111111111111    20190521T145905725512
 1       0     1.6187      0.3       0.7    -0.0015      0.3    0.8    -666.000   24.6   0b1111111111111111    20190521T145905725916
 2       0     1.6252      0.0       0.0     0.0002      0.3    0.8    9751.500   24.6   0b1111111111111111    20190521T145905726225
 3       0     1.6148      0.2       0.8    -0.0009      0.3    0.8    -666.000   24.6   0b1111111111111111    20190521T145905726543
 4       0     1.6251      0.3       0.8    -0.0012      0.4    0.8    -666.000   24.6   0b1111111111111111    20190521T145905726838
 5       0     1.6288      0.3       0.8     0.0008      0.0    0.0    1954.530   24.6   0b1111111111111111    20190521T145905727128
 6       0     1.6343      0.0       0.0     0.0003      0.4    0.8    4902.750   24.6   0b1111111111111111    20190521T145905727448
 7       0     1.6290      0.0       0.0    -0.0006      0.4    0.8    -666.000   24.6   0b1111111111111111    20190521T145905727644
 8       0     1.6288      0.3       0.8     0.0011      0.4    0.8    1503.554   24.6   0b1111111111111111    20190521T145905727784
 9       0     1.6230      0.0       0.0     0.0007      0.3    0.8    2434.500   24.6   0b1111111111111111    20190521T145905727924
10       0     1.6282      0.0       0.0    -0.0004      0.4    0.8    -666.000   24.6   0b1111111111111111    20190521T145905728084
11       0     1.6290      0.0       0.0     0.0000      0.0    0.0    -666.000   24.6   0b1111111111111111    20190521T145905728229
12       0     1.6161      0.3       0.8    -0.0008      0.0    0.0    -666.000   24.6   0b1111111111111111    20190521T145905728367
13       0     1.6207      0.0       0.0    -0.0017      0.0    0.0    -666.000   24.6   0b1111111111111111    20190521T145905728518
14       0     1.6213      0.3       0.8    -0.0017      0.0    0.0    -666.000   24.6   0b1111111111111111    20190521T145905728656
15       0     1.6088      0.0       0.0    -0.0017      0.0    0.0    -666.000   24.6   0b1111111111111111    20190521T145905728795
