CH# Vset[DAC]   V[V]    dVRMS[mV] dVpp[mV]    I[A]  dIRMS[mA] dIpp[mA]   R[ohm]   T[C]   State                Timestamp
 0     250     2.8425      0.0       0.0     0.5592      1.8    5.0       5.083   23.3   0b1111111111111111    20190411T124442730822
 1     250     2.7071      0.5       1.5     2.5628      0.7    2.5       1.056   23.3   0b1111111111111111    20190411T124442731308
 2     250     2.8572      0.4       0.8     0.5625      2.0    5.8       5.079   23.3   0b1111111111111111    20190411T124442731632
 3     250     2.7032      0.6       2.3     2.5548      0.8    2.5       1.058   23.3   0b1111111111111111    20190411T124442731929
 4     250     2.8605      0.0       0.0     0.5672      1.3    4.2       5.043   23.3   0b1111111111111111    20190411T124442732278
 5     250     2.7093      0.6       2.3     2.5662      0.6    1.7       1.056   23.3   0b1111111111111111    20190411T124442732571
 6     250     2.8630      0.3       0.7     0.5641      1.3    3.3       5.075   23.3   0b1111111111111111    20190411T124442732858
 7     250     2.7128      0.5       1.5     2.5728      0.5    1.7       1.054   23.3   0b1111111111111111    20190411T124442733253
 8     250     2.8679      0.2       0.7     0.5599      2.7    8.3       5.122   23.3   0b1111111111111111    20190411T124442733545
 9     250     2.6938      1.0       3.0     2.5430      1.1    3.3       1.059   23.3   0b1111111111111111    20190411T124442733828
10     250     2.8670      0.3       0.8     0.5669      2.0    7.5       5.057   23.3   0b1111111111111111    20190411T124442734143
11     250     2.6888      0.9       3.0     2.5648      1.0    3.3       1.048   23.3   0b1111111111111111    20190411T124442734451
12     250     2.8564      0.4       0.8     0.5621      2.9    9.2       5.082   23.3   0b1111111111111111    20190411T124442734733
13     250     2.6965      0.8       2.3     2.5315      1.0    4.2       1.065   23.3   0b1111111111111111    20190411T124442735012
14     250     2.8652      0.3       0.7     0.5607      2.0    6.7       5.110   23.3   0b1111111111111111    20190411T124442735334
15     250     2.6723      0.7       2.3     2.5260      0.5    1.7       1.058   23.3   0b1111111111111111    20190411T124442735618
 0     240     2.7954      0.3       0.8     0.5504      0.9    2.5       5.079   23.5   0b1111111111111111    20190411T124446168061
 1     240     2.7001      0.3       0.8     2.5564      0.5    1.7       1.056   23.5   0b1111111111111111    20190411T124446168303
 2     240     2.8110      0.0       0.0     0.5536      0.8    2.5       5.078   23.5   0b1111111111111111    20190411T124446168469
 3     240     2.6963      0.2       0.8     2.5484      0.6    1.7       1.058   23.5   0b1111111111111111    20190411T124446168622
 4     240     2.8133      0.0       0.0     0.5569      0.8    2.5       5.051   23.5   0b1111111111111111    20190411T124446168767
 5     240     2.7031      0.2       0.8     2.5600      0.5    1.7       1.056   23.5   0b1111111111111111    20190411T124446168910
 6     240     2.8163      0.0       0.0     0.5573      0.8    2.5       5.054   23.5   0b1111111111111111    20190411T124446169052
 7     240     2.7078      0.4       0.7     2.5676      0.2    0.8       1.055   23.5   0b1111111111111111    20190411T124446169238
 8     240     2.8230      0.0       0.0     0.5506      1.1    2.5       5.127   23.5   0b1111111111111111    20190411T124446169382
 9     240     2.6921      0.4       0.8     2.5413      0.4    0.8       1.059   23.5   0b1111111111111111    20190411T124446169521
10     240     2.8228      0.3       0.7     0.5557      2.3    6.7       5.080   23.5   0b1111111111111111    20190411T124446169659
11     240     2.6880      0.0       0.0     2.5644      0.5    1.7       1.048   23.5   0b1111111111111111    20190411T124446169796
12     240     2.8110      0.0       0.0     0.5532      1.0    2.5       5.082   23.5   0b1111111111111111    20190411T124446169932
13     240     2.6940      0.0       0.0     2.5289      0.5    1.7       1.065   23.5   0b1111111111111111    20190411T124446170069
14     240     2.8213      0.3       0.7     0.5526      0.7    2.5       5.106   23.5   0b1111111111111111    20190411T124446170216
15     240     2.6700      0.0       0.0     2.5241      0.2    0.8       1.058   23.5   0b1111111111111111    20190411T124446170353
 0     230     2.7489      0.3       0.8     0.5413      0.4    0.8       5.078   23.6   0b1111111111111111    20190411T124449601286
 1     230     2.6894      0.2       0.7     2.5458      0.3    0.8       1.056   23.6   0b1111111111111111    20190411T124449601677
 2     230     2.7645      0.0       0.0     0.5454      0.4    0.8       5.069   23.6   0b1111111111111111    20190411T124449601986
 3     230     2.6857      0.2       0.8     2.5378      0.4    0.8       1.058   23.6   0b1111111111111111    20190411T124449602335
 4     230     2.7660      0.0       0.0     0.5472      0.8    2.5       5.055   23.6   0b1111111111111111    20190411T124449602630
 5     230     2.6935      0.4       0.7     2.5512      0.4    0.8       1.056   23.6   0b1111111111111111    20190411T124449602916
 6     230     2.7690      0.0       0.0     0.5476      0.6    1.7       5.057   23.6   0b1111111111111111    20190411T124449603257
 7     230     2.6998      0.3       0.8     2.5602      0.5    1.7       1.055   23.6   0b1111111111111111    20190411T124449603545
 8     230     2.7757      0.0       0.0     0.5426      0.9    3.3       5.116   23.6   0b1111111111111111    20190411T124449603877
 9     230     2.6864      0.2       0.8     2.5357      0.2    0.8       1.059   23.6   0b1111111111111111    20190411T124449604238
10     230     2.7750      0.0       0.0     0.5459      1.3    4.2       5.083   23.6   0b1111111111111111    20190411T124449604528
11     230     2.6835      0.0       0.0     2.5601      0.6    1.7       1.048   23.6   0b1111111111111111    20190411T124449604811
12     230     2.7645      0.0       0.0     0.5441      0.8    2.5       5.081   23.6   0b1111111111111111    20190411T124449605090
13     230     2.6869      0.4       0.7     2.5225      0.5    1.7       1.065   23.6   0b1111111111111111    20190411T124449605425
14     230     2.7750      0.0       0.0     0.5433      0.9    3.3       5.107   23.6   0b1111111111111111    20190411T124449605705
15     230     2.6640      0.0       0.0     2.5184      0.3    0.8       1.058   23.6   0b1111111111111111    20190411T124449605985
 0     220     2.7013      0.3       0.8     0.5319      0.4    0.8       5.079   23.7   0b1111111111111111    20190411T124453036591
 1     220     2.6685      0.0       0.0     2.5263      0.4    0.8       1.056   23.7   0b1111111111111111    20190411T124453036972
 2     220     2.7163      0.3       0.8     0.5360      0.5    1.7       5.068   23.7   0b1111111111111111    20190411T124453037361
 3     220     2.6655      0.0       0.0     2.5191      0.3    0.8       1.058   23.7   0b1111111111111111    20190411T124453037666
 4     220     2.7165      0.0       0.0     0.5378      0.6    1.7       5.051   23.7   0b1111111111111111    20190411T124453037957
 5     220     2.6758      0.3       0.7     2.5341      0.3    0.8       1.056   23.7   0b1111111111111111    20190411T124453038299
 6     220     2.7203      0.2       0.8     0.5382      0.5    1.7       5.055   23.7   0b1111111111111111    20190411T124453038589
 7     220     2.6850      0.0       0.0     2.5460      0.3    0.8       1.055   23.7   0b1111111111111111    20190411T124453038872
 8     220     2.7270      0.0       0.0     0.5323      0.6    1.7       5.123   23.7   0b1111111111111111    20190411T124453039210
 9     220     2.6745      0.0       0.0     2.5249      0.3    0.8       1.059   23.7   0b1111111111111111    20190411T124453039496
10     220     2.7270      0.0       0.0     0.5373      0.5    1.7       5.075   23.7   0b1111111111111111    20190411T124453039826
11     220     2.6748      0.4       0.7     2.5518      0.5    1.7       1.048   23.7   0b1111111111111111    20190411T124453040139
12     220     2.7157      0.0       0.0     0.5345      0.4    0.8       5.081   23.7   0b1111111111111111    20190411T124453040452
13     220     2.6737      0.0       0.0     2.5104      0.4    0.8       1.065   23.7   0b1111111111111111    20190411T124453040744
14     220     2.7255      0.0       0.0     0.5333      0.4    1.7       5.110   23.7   0b1111111111111111    20190411T124453041024
15     220     2.6522      0.3       0.7     2.5074      0.6    1.7       1.058   23.7   0b1111111111111111    20190411T124453041345
 0     210     2.6528      0.0       0.0     0.5223      0.3    0.8       5.079   23.9   0b1111111111111111    20190411T124456473661
 1     210     2.6335      0.3       0.7     2.4929      0.4    0.8       1.056   23.9   0b1111111111111111    20190411T124456474065
 2     210     2.6678      0.0       0.0     0.5262      0.4    0.8       5.070   23.9   0b1111111111111111    20190411T124456474437
 3     210     2.6303      0.0       0.0     2.4860      0.3    0.8       1.058   23.9   0b1111111111111111    20190411T124456474766
 4     210     2.6670      0.0       0.0     0.5278      0.4    0.8       5.053   23.9   0b1111111111111111    20190411T124456475057
 5     210     2.6434      0.4       0.8     2.5033      0.0    0.0       1.056   23.9   0b1111111111111111    20190411T124456475345
 6     210     2.6715      0.0       0.0     0.5283      0.4    1.7       5.056   23.9   0b1111111111111111    20190411T124456475683
 7     210     2.6573      0.0       0.0     2.5199      0.4    1.7       1.054   23.9   0b1111111111111111    20190411T124456475967
 8     210     2.6767      0.0       0.0     0.5231      0.5    1.7       5.117   23.9   0b1111111111111111    20190411T124456476249
 9     210     2.6520      0.0       0.0     2.5038      0.4    0.8       1.059   23.9   0b1111111111111111    20190411T124456476610
10     210     2.6775      0.0       0.0     0.5269      0.4    0.8       5.081   23.9   0b1111111111111111    20190411T124456476898
11     210     2.6573      0.2       0.8     2.5356      0.5    1.7       1.048   23.9   0b1111111111111111    20190411T124456477179
12     210     2.6670      0.0       0.0     0.5249      0.2    0.8       5.081   23.9   0b1111111111111111    20190411T124456477523
13     210     2.6490      0.0       0.0     2.4869      0.4    0.8       1.065   23.9   0b1111111111111111    20190411T124456477812
14     210     2.6767      0.0       0.0     0.5238      0.4    0.8       5.110   23.9   0b1111111111111111    20190411T124456478091
15     210     2.6295      0.0       0.0     2.4858      0.4    1.7       1.058   23.9   0b1111111111111111    20190411T124456478518
 0     200     2.6042      0.3       0.8     0.5128      0.4    0.8       5.078   24.0   0b1111111111111111    20190411T124459909129
 1     200     2.5877      0.3       0.8     2.4493      0.3    0.8       1.057   24.0   0b1111111111111111    20190411T124459909597
 2     200     2.6190      0.0       0.0     0.5167      0.0    0.0       5.069   24.0   0b1111111111111111    20190411T124459909916
 3     200     2.5852      0.0       0.0     2.4430      0.4    0.8       1.058   24.0   0b1111111111111111    20190411T124459910210
 4     200     2.6176      0.2       0.8     0.5181      0.4    0.8       5.052   24.0   0b1111111111111111    20190411T124459910554
 5     200     2.5980      0.0       0.0     2.4599      0.3    0.8       1.056   24.0   0b1111111111111111    20190411T124459910845
 6     200     2.6214      0.3       0.7     0.5184      0.2    0.8       5.057   24.0   0b1111111111111111    20190411T124459911129
 7     200     2.6143      0.3       0.7     2.4791      0.2    0.8       1.055   24.0   0b1111111111111111    20190411T124459911467
 8     200     2.6272      0.2       0.8     0.5133      0.0    0.0       5.118   24.0   0b1111111111111111    20190411T124459911754
 9     200     2.6138      0.0       0.0     2.4674      0.2    0.8       1.059   24.0   0b1111111111111111    20190411T124459912035
10     200     2.6279      0.2       0.8     0.5170      0.4    0.8       5.083   24.0   0b1111111111111111    20190411T124459912412
11     200     2.6250      0.0       0.0     2.5045      0.4    0.8       1.048   24.0   0b1111111111111111    20190411T124459912714
12     200     2.6183      0.0       0.0     0.5154      0.4    0.8       5.080   24.0   0b1111111111111111    20190411T124459913006
13     200     2.6085      0.0       0.0     2.4491      0.2    0.8       1.065   24.0   0b1111111111111111    20190411T124459913287
14     200     2.6276      0.4       0.8     0.5142      0.4    1.7       5.110   24.0   0b1111111111111111    20190411T124459913610
15     200     2.5912      0.0       0.0     2.4496      0.4    0.8       1.058   24.0   0b1111111111111111    20190411T124459913893
 0     190     2.5589      0.3       0.7     0.5038      0.4    0.8       5.079   24.2   0b1111111111111111    20190411T124503345694
 1     190     2.5418      0.2       0.7     2.4062      0.4    0.8       1.056   24.2   0b1111111111111111    20190411T124503346038
 2     190     2.5725      0.0       0.0     0.5074      0.2    0.8       5.070   24.2   0b1111111111111111    20190411T124503346317
 3     190     2.5396      0.2       0.7     2.4005      0.4    0.8       1.058   24.2   0b1111111111111111    20190411T124503346554
 4     190     2.5695      0.0       0.0     0.5084      0.3    0.8       5.054   24.2   0b1111111111111111    20190411T124503346808
 5     190     2.5530      0.0       0.0     2.4173      0.4    0.8       1.056   24.2   0b1111111111111111    20190411T124503347053
 6     190     2.5748      0.0       0.0     0.5092      0.0    0.0       5.057   24.2   0b1111111111111111    20190411T124503347391
 7     190     2.5673      0.0       0.0     2.4347      0.4    0.8       1.054   24.2   0b1111111111111111    20190411T124503347641
 8     190     2.5788      0.4       0.7     0.5038      0.4    0.8       5.119   24.2   0b1111111111111111    20190411T124503347894
 9     190     2.5673      0.0       0.0     2.4238      0.4    0.8       1.059   24.2   0b1111111111111111    20190411T124503348201
10     190     2.5793      0.0       0.0     0.5076      0.3    0.8       5.081   24.2   0b1111111111111111    20190411T124503348454
11     190     2.5815      0.0       0.0     2.4626      0.3    0.8       1.048   24.2   0b1111111111111111    20190411T124503348702
12     190     2.5703      0.0       0.0     0.5059      0.3    0.8       5.080   24.2   0b1111111111111111    20190411T124503348946
13     190     2.5620      0.0       0.0     2.4055      0.4    0.8       1.065   24.2   0b1111111111111111    20190411T124503349265
14     190     2.5800      0.0       0.0     0.5049      0.2    0.8       5.110   24.2   0b1111111111111111    20190411T124503349517
15     190     2.5463      0.0       0.0     2.4069      0.4    0.8       1.058   24.2   0b1111111111111111    20190411T124503349768
 0     180     2.5102      0.0       0.0     0.4942      0.2    0.8       5.079   24.3   0b1111111111111111    20190411T124506780643
 1     180     2.4937      0.0       0.0     2.3604      0.4    0.8       1.056   24.3   0b1111111111111111    20190411T124506781018
 2     180     2.5237      0.0       0.0     0.4981      0.4    0.8       5.067   24.3   0b1111111111111111    20190411T124506781314
 3     180     2.4915      0.0       0.0     2.3549      0.3    0.8       1.058   24.3   0b1111111111111111    20190411T124506781684
 4     180     2.5200      0.0       0.0     0.4989      0.4    0.8       5.051   24.3   0b1111111111111111    20190411T124506781976
 5     180     2.5036      0.3       0.7     2.3708      0.0    0.0       1.056   24.3   0b1111111111111111    20190411T124506782260
 6     180     2.5253      0.0       0.0     0.4994      0.4    0.8       5.056   24.3   0b1111111111111111    20190411T124506782593
 7     180     2.5177      0.0       0.0     2.3880      0.4    0.8       1.054   24.3   0b1111111111111111    20190411T124506782878
 8     180     2.5290      0.0       0.0     0.4940      0.3    0.8       5.119   24.3   0b1111111111111111    20190411T124506783212
 9     180     2.5177      0.0       0.0     2.3768      0.3    0.8       1.059   24.3   0b1111111111111111    20190411T124506783554
10     180     2.5298      0.0       0.0     0.4977      0.3    0.8       5.083   24.3   0b1111111111111111    20190411T124506783843
11     180     2.5318      0.3       0.8     2.4154      0.4    0.8       1.048   24.3   0b1111111111111111    20190411T124506784136
12     180     2.5215      0.0       0.0     0.4965      0.3    0.8       5.079   24.3   0b1111111111111111    20190411T124506784485
13     180     2.5132      0.0       0.0     2.3594      0.4    0.8       1.065   24.3   0b1111111111111111    20190411T124506784633
14     180     2.5311      0.3       0.8     0.4953      0.4    0.8       5.111   24.3   0b1111111111111111    20190411T124506784769
15     180     2.4975      0.0       0.0     2.3611      0.4    0.8       1.058   24.3   0b1111111111111111    20190411T124506784904
 0     170     2.4623      0.0       0.0     0.4849      0.3    0.8       5.078   24.4   0b1111111111111111    20190411T124510215949
 1     170     2.4457      0.0       0.0     2.3150      0.0    0.0       1.056   24.4   0b1111111111111111    20190411T124510216395
 2     170     2.4750      0.0       0.0     0.4883      0.0    0.0       5.068   24.4   0b1111111111111111    20190411T124510216712
 3     170     2.4435      0.0       0.0     2.3093      0.3    0.8       1.058   24.4   0b1111111111111111    20190411T124510217007
 4     170     2.4713      0.0       0.0     0.4891      0.3    0.8       5.053   24.4   0b1111111111111111    20190411T124510217343
 5     170     2.4548      0.0       0.0     2.3243      0.3    0.8       1.056   24.4   0b1111111111111111    20190411T124510217636
 6     170     2.4758      0.0       0.0     0.4897      0.4    0.8       5.056   24.4   0b1111111111111111    20190411T124510217921
 7     170     2.4683      0.0       0.0     2.3409      0.2    0.8       1.054   24.4   0b1111111111111111    20190411T124510218260
 8     170     2.4787      0.0       0.0     0.4842      0.0    0.0       5.120   24.4   0b1111111111111111    20190411T124510218546
 9     170     2.4683      0.0       0.0     2.3302      0.3    0.8       1.059   24.4   0b1111111111111111    20190411T124510218887
10     170     2.4803      0.0       0.0     0.4877      0.4    0.8       5.085   24.4   0b1111111111111111    20190411T124510219246
11     170     2.4818      0.0       0.0     2.3675      0.0    0.0       1.048   24.4   0b1111111111111111    20190411T124510219536
12     170     2.4728      0.0       0.0     0.4867      0.3    0.8       5.080   24.4   0b1111111111111111    20190411T124510219817
13     170     2.4645      0.0       0.0     2.3137      0.4    0.8       1.065   24.4   0b1111111111111111    20190411T124510220097
14     170     2.4819      0.3       0.8     0.4858      0.0    0.0       5.109   24.4   0b1111111111111111    20190411T124510220432
15     170     2.4491      0.4       0.8     2.3152      0.3    0.8       1.058   24.4   0b1111111111111111    20190411T124510220713
 0     160     2.4135      0.0       0.0     0.4751      0.2    0.8       5.080   24.4   0b1111111111111111    20190411T124513652643
 1     160     2.3978      0.0       0.0     2.2692      0.0    0.0       1.057   24.4   0b1111111111111111    20190411T124513653025
 2     160     2.4270      0.0       0.0     0.4788      0.4    0.8       5.069   24.4   0b1111111111111111    20190411T124513653402
 3     160     2.3955      0.0       0.0     2.2641      0.3    0.8       1.058   24.4   0b1111111111111111    20190411T124513653705
 4     160     2.4217      0.0       0.0     0.4792      0.2    0.8       5.053   24.4   0b1111111111111111    20190411T124513653997
 5     160     2.4058      0.3       0.7     2.2783      0.0    0.0       1.056   24.4   0b1111111111111111    20190411T124513654341
 6     160     2.4263      0.0       0.0     0.4800      0.0    0.0       5.055   24.4   0b1111111111111111    20190411T124513654632
 7     160     2.4187      0.0       0.0     2.2942      0.0    0.0       1.054   24.4   0b1111111111111111    20190411T124513654918
 8     160     2.4293      0.0       0.0     0.4743      0.3    0.8       5.121   24.4   0b1111111111111111    20190411T124513655256
 9     160     2.4181      0.2       0.8     2.2833      0.0    0.0       1.059   24.4   0b1111111111111111    20190411T124513655549
10     160     2.4300      0.0       0.0     0.4777      0.3    0.8       5.087   24.4   0b1111111111111111    20190411T124513655890
11     160     2.4315      0.0       0.0     2.3200      0.0    0.0       1.048   24.4   0b1111111111111111    20190411T124513656243
12     160     2.4238      0.3       0.8     0.4768      0.3    0.8       5.083   24.4   0b1111111111111111    20190411T124513656532
13     160     2.4157      0.0       0.0     2.2678      0.4    0.8       1.065   24.4   0b1111111111111111    20190411T124513656813
14     160     2.4330      0.0       0.0     0.4758      0.0    0.0       5.113   24.4   0b1111111111111111    20190411T124513657093
15     160     2.4007      0.0       0.0     2.2692      0.0    0.0       1.058   24.4   0b1111111111111111    20190411T124513657422
 0     150     2.3670      0.0       0.0     0.4661      0.4    0.8       5.078   24.6   0b1111111111111111    20190411T124517091684
 1     150     2.3513      0.0       0.0     2.2252      0.3    0.8       1.057   24.6   0b1111111111111111    20190411T124517092066
 2     150     2.3798      0.0       0.0     0.4696      0.4    0.8       5.068   24.6   0b1111111111111111    20190411T124517092447
 3     150     2.3501      0.4       0.7     2.2208      0.0    0.0       1.058   24.6   0b1111111111111111    20190411T124517092748
 4     150     2.3748      0.4       0.8     0.4700      0.0    0.0       5.053   24.6   0b1111111111111111    20190411T124517093038
 5     150     2.3595      0.0       0.0     2.2349      0.2    0.8       1.056   24.6   0b1111111111111111    20190411T124517093373
 6     150     2.3797      0.2       0.7     0.4706      0.4    0.8       5.057   24.6   0b1111111111111111    20190411T124517093663
 7     150     2.3715      0.0       0.0     2.2488      0.4    0.8       1.055   24.6   0b1111111111111111    20190411T124517093946
 8     150     2.3813      0.0       0.0     0.4649      0.3    0.8       5.122   24.6   0b1111111111111111    20190411T124517094288
 9     150     2.3715      0.0       0.0     2.2392      0.0    0.0       1.059   24.6   0b1111111111111111    20190411T124517094637
10     150     2.3820      0.0       0.0     0.4683      0.0    0.0       5.086   24.6   0b1111111111111111    20190411T124517094928
11     150     2.3838      0.4       0.8     2.2744      0.4    0.8       1.048   24.6   0b1111111111111111    20190411T124517095275
12     150     2.3768      0.0       0.0     0.4677      0.3    0.8       5.082   24.6   0b1111111111111111    20190411T124517095565
13     150     2.3684      0.2       0.8     2.2233      0.0    0.0       1.065   24.6   0b1111111111111111    20190411T124517095846
14     150     2.3845      0.3       0.8     0.4666      0.2    0.8       5.111   24.6   0b1111111111111111    20190411T124517096166
15     150     2.3543      0.2       0.8     2.2259      0.2    0.8       1.058   24.6   0b1111111111111111    20190411T124517096457
 0     140     2.3195      0.3       0.8     0.4567      0.0    0.0       5.079   24.7   0b1111111111111111    20190411T124520525435
 1     140     2.3032      0.0       0.0     2.1800      0.0    0.0       1.057   24.7   0b1111111111111111    20190411T124520525814
 2     140     2.3317      0.0       0.0     0.4600      0.0    0.0       5.069   24.7   0b1111111111111111    20190411T124520526176
 3     140     2.3025      0.0       0.0     2.1759      0.3    0.8       1.058   24.7   0b1111111111111111    20190411T124520526505
 4     140     2.3257      0.0       0.0     0.4600      0.0    0.0       5.056   24.7   0b1111111111111111    20190411T124520526796
 5     140     2.3110      0.3       0.8     2.1887      0.4    0.8       1.056   24.7   0b1111111111111111    20190411T124520527083
 6     140     2.3302      0.0       0.0     0.4608      0.0    0.0       5.057   24.7   0b1111111111111111    20190411T124520527423
 7     140     2.3220      0.0       0.0     2.2023      0.3    0.8       1.054   24.7   0b1111111111111111    20190411T124520527708
 8     140     2.3317      0.0       0.0     0.4553      0.4    0.8       5.122   24.7   0b1111111111111111    20190411T124520528002
 9     140     2.3220      0.0       0.0     2.1926      0.2    0.8       1.059   24.7   0b1111111111111111    20190411T124520528374
10     140     2.3326      0.2       0.7     0.4586      0.4    0.8       5.086   24.7   0b1111111111111111    20190411T124520528681
11     140     2.3342      0.3       0.8     2.2275      0.0    0.0       1.048   24.7   0b1111111111111111    20190411T124520528962
12     140     2.3280      0.0       0.0     0.4580      0.4    0.8       5.083   24.7   0b1111111111111111    20190411T124520529305
13     140     2.3197      0.0       0.0     2.1778      0.4    0.8       1.065   24.7   0b1111111111111111    20190411T124520529595
14     140     2.3363      0.0       0.0     0.4568      0.3    0.8       5.114   24.7   0b1111111111111111    20190411T124520529877
15     140     2.3062      0.0       0.0     2.1800      0.0    0.0       1.058   24.7   0b1111111111111111    20190411T124520530208
 0     130     2.2714      0.4       0.8     0.4468      0.3    0.8       5.083   24.8   0b1111111111111111    20190411T124523963311
 1     130     2.2560      0.0       0.0     2.1350      0.0    0.0       1.057   24.8   0b1111111111111111    20190411T124523963700
 2     130     2.2838      0.0       0.0     0.4507      0.3    0.8       5.067   24.8   0b1111111111111111    20190411T124523964012
 3     130     2.2553      0.0       0.0     2.1309      0.3    0.8       1.058   24.8   0b1111111111111111    20190411T124523964360
 4     130     2.2771      0.2       0.8     0.4506      0.4    0.8       5.054   24.8   0b1111111111111111    20190411T124523964654
 5     130     2.2628      0.0       0.0     2.1428      0.4    0.8       1.056   24.8   0b1111111111111111    20190411T124523964941
 6     130     2.2815      0.0       0.0     0.4511      0.4    0.8       5.058   24.8   0b1111111111111111    20190411T124523965275
 7     130     2.2733      0.0       0.0     2.1558      0.0    0.0       1.054   24.8   0b1111111111111111    20190411T124523965565
 8     130     2.2823      0.0       0.0     0.4456      0.4    0.8       5.122   24.8   0b1111111111111111    20190411T124523965848
 9     130     2.2731      0.3       0.8     2.1463      0.4    0.8       1.059   24.8   0b1111111111111111    20190411T124523966175
10     130     2.2838      0.0       0.0     0.4485      0.3    0.8       5.092   24.8   0b1111111111111111    20190411T124523966495
11     130     2.2850      0.4       0.8     2.1800      0.0    0.0       1.048   24.8   0b1111111111111111    20190411T124523966776
12     130     2.2798      0.3       0.8     0.4483      0.0    0.0       5.085   24.8   0b1111111111111111    20190411T124523967055
13     130     2.2718      0.0       0.0     2.1325      0.0    0.0       1.065   24.8   0b1111111111111111    20190411T124523967397
14     130     2.2875      0.0       0.0     0.4473      0.4    0.8       5.115   24.8   0b1111111111111111    20190411T124523967681
15     130     2.2582      0.0       0.0     2.1350      0.0    0.0       1.058   24.8   0b1111111111111111    20190411T124523967962
 0     120     2.2237      0.0       0.0     0.4377      0.3    0.8       5.081   24.9   0b1111111111111111    20190411T124527400538
 1     120     2.2100      0.3       0.8     2.0915      0.3    0.8       1.057   24.9   0b1111111111111111    20190411T124527400925
 2     120     2.2363      0.3       0.8     0.4409      0.2    0.8       5.072   24.9   0b1111111111111111    20190411T124527401323
 3     120     2.2073      0.2       0.8     2.0858      0.0    0.0       1.058   24.9   0b1111111111111111    20190411T124527401629
 4     120     2.2290      0.0       0.0     0.4409      0.2    0.8       5.055   24.9   0b1111111111111111    20190411T124527401920
 5     120     2.2147      0.0       0.0     2.0974      0.3    0.8       1.056   24.9   0b1111111111111111    20190411T124527402265
 6     120     2.2327      0.0       0.0     0.4416      0.2    0.8       5.056   24.9   0b1111111111111111    20190411T124527402556
 7     120     2.2239      0.3       0.8     2.1092      0.0    0.0       1.054   24.9   0b1111111111111111    20190411T124527402850
 8     120     2.2335      0.0       0.0     0.4358      0.0    0.0       5.125   24.9   0b1111111111111111    20190411T124527403244
 9     120     2.2245      0.0       0.0     2.1004      0.4    0.8       1.059   24.9   0b1111111111111111    20190411T124527403538
10     120     2.2357      0.0       0.0     0.4392      0.0    0.0       5.091   24.9   0b1111111111111111    20190411T124527403822
11     120     2.2365      0.0       0.0     2.1341      0.3    0.8       1.048   24.9   0b1111111111111111    20190411T124527404132
12     120     2.2320      0.0       0.0     0.4392      0.0    0.0       5.082   24.9   0b1111111111111111    20190411T124527404446
13     120     2.2222      0.0       0.0     2.0858      0.0    0.0       1.065   24.9   0b1111111111111111    20190411T124527404729
14     120     2.2395      0.0       0.0     0.4377      0.3    0.8       5.117   24.9   0b1111111111111111    20190411T124527405009
15     120     2.2095      0.0       0.0     2.0889      0.4    0.8       1.058   24.9   0b1111111111111111    20190411T124527405333
 0     110     2.1780      0.0       0.0     0.4285      0.3    0.8       5.083   25.0   0b1111111111111111    20190411T124530837390
 1     110     2.1645      0.0       0.0     2.0483      0.0    0.0       1.057   25.0   0b1111111111111111    20190411T124530837807
 2     110     2.1904      0.4       0.8     0.4318      0.3    0.8       5.072   25.0   0b1111111111111111    20190411T124530838118
 3     110     2.1623      0.0       0.0     2.0433      0.3    0.8       1.058   25.0   0b1111111111111111    20190411T124530838473
 4     110     2.1825      0.0       0.0     0.4317      0.0    0.0       5.056   25.0   0b1111111111111111    20190411T124530838768
 5     110     2.1689      0.2       0.8     2.0537      0.4    0.8       1.056   25.0   0b1111111111111111    20190411T124530839056
 6     110     2.1866      0.4       0.8     0.4324      0.2    0.8       5.057   25.0   0b1111111111111111    20190411T124530839339
 7     110     2.1775      0.3       0.8     2.0649      0.3    0.8       1.055   25.0   0b1111111111111111    20190411T124530839674
 8     110     2.1863      0.0       0.0     0.4267      0.0    0.0       5.124   25.0   0b1111111111111111    20190411T124530840013
 9     110     2.1777      0.4       0.8     2.0560      0.3    0.8       1.059   25.0   0b1111111111111111    20190411T124530840308
10     110     2.1885      0.0       0.0     0.4299      0.2    0.8       5.091   25.0   0b1111111111111111    20190411T124530840647
11     110     2.1893      0.0       0.0     2.0887      0.4    0.8       1.048   25.0   0b1111111111111111    20190411T124530840933
12     110     2.1863      0.0       0.0     0.4300      0.0    0.0       5.084   25.0   0b1111111111111111    20190411T124530841215
13     110     2.1765      0.0       0.0     2.0425      0.0    0.0       1.066   25.0   0b1111111111111111    20190411T124530841549
14     110     2.1935      0.3       0.8     0.4283      0.0    0.0       5.121   25.0   0b1111111111111111    20190411T124530841835
15     110     2.1644      0.3       0.7     2.0458      0.0    0.0       1.058   25.0   0b1111111111111111    20190411T124530842116
 0     100     2.1292      0.0       0.0     0.4191      0.3    0.8       5.081   25.1   0b1111111111111111    20190411T124534274428
 1     100     2.1157      0.0       0.0     2.0022      0.4    0.8       1.057   25.1   0b1111111111111111    20190411T124534274830
 2     100     2.1421      0.2       0.8     0.4225      0.0    0.0       5.070   25.1   0b1111111111111111    20190411T124534275213
 3     100     2.1142      0.0       0.0     1.9978      0.4    0.8       1.058   25.1   0b1111111111111111    20190411T124534275532
 4     100     2.1338      0.2       0.8     0.4219      0.4    0.8       5.057   25.1   0b1111111111111111    20190411T124534275824
 5     100     2.1202      0.0       0.0     2.0080      0.4    0.8       1.056   25.1   0b1111111111111111    20190411T124534276134
 6     100     2.1375      0.0       0.0     0.4225      0.0    0.0       5.059   25.1   0b1111111111111111    20190411T124534276462
 7     100     2.1292      0.0       0.0     2.0189      0.4    0.8       1.055   25.1   0b1111111111111111    20190411T124534276792
 8     100     2.1375      0.0       0.0     0.4172      0.4    0.8       5.123   25.1   0b1111111111111111    20190411T124534277090
 9     100     2.1287      0.3       0.8     2.0099      0.3    0.8       1.059   25.1   0b1111111111111111    20190411T124534277434
10     100     2.1397      0.0       0.0     0.4200      0.0    0.0       5.095   25.1   0b1111111111111111    20190411T124534277718
11     100     2.1405      0.0       0.0     2.0416      0.2    0.8       1.048   25.1   0b1111111111111111    20190411T124534277999
12     100     2.1382      0.0       0.0     0.4204      0.4    0.8       5.086   25.1   0b1111111111111111    20190411T124534278328
13     100     2.1285      0.0       0.0     1.9976      0.3    0.8       1.066   25.1   0b1111111111111111    20190411T124534278610
14     100     2.1450      0.0       0.0     0.4192      0.0    0.0       5.117   25.1   0b1111111111111111    20190411T124534278890
15     100     2.1165      0.0       0.0     2.0008      0.0    0.0       1.058   25.1   0b1111111111111111    20190411T124534279221
 0      90     2.0805      0.0       0.0     0.4092      0.0    0.0       5.085   25.2   0b1111111111111111    20190411T124537706125
 1      90     2.0670      0.0       0.0     1.9558      0.0    0.0       1.057   25.2   0b1111111111111111    20190411T124537706601
 2      90     2.0933      0.0       0.0     0.4125      0.0    0.0       5.075   25.2   0b1111111111111111    20190411T124537706920
 3      90     2.0655      0.0       0.0     1.9518      0.2    0.8       1.058   25.2   0b1111111111111111    20190411T124537707215
 4      90     2.0850      0.0       0.0     0.4124      0.3    0.8       5.056   25.2   0b1111111111111111    20190411T124537707559
 5      90     2.0722      0.0       0.0     1.9624      0.3    0.8       1.056   25.2   0b1111111111111111    20190411T124537707853
 6      90     2.0888      0.0       0.0     0.4127      0.3    0.8       5.062   25.2   0b1111111111111111    20190411T124537708139
 7      90     2.0803      0.3       0.8     1.9725      0.0    0.0       1.055   25.2   0b1111111111111111    20190411T124537708482
 8      90     2.0895      0.0       0.0     0.4075      0.0    0.0       5.128   25.2   0b1111111111111111    20190411T124537708816
 9      90     2.0808      0.4       0.8     1.9646      0.4    0.8       1.059   25.2   0b1111111111111111    20190411T124537709103
10      90     2.0910      0.0       0.0     0.4104      0.4    0.8       5.095   25.2   0b1111111111111111    20190411T124537709446
11      90     2.0925      0.0       0.0     1.9953      0.4    0.8       1.049   25.2   0b1111111111111111    20190411T124537709738
12      90     2.0903      0.0       0.0     0.4108      0.0    0.0       5.088   25.2   0b1111111111111111    20190411T124537710020
13      90     2.0816      0.4       0.8     1.9533      0.0    0.0       1.066   25.2   0b1111111111111111    20190411T124537710301
14      90     2.0963      0.0       0.0     0.4092      0.0    0.0       5.123   25.2   0b1111111111111111    20190411T124537710625
15      90     2.0692      0.0       0.0     1.9558      0.0    0.0       1.058   25.2   0b1111111111111111    20190411T124537710906
 0      80     2.0287      0.0       0.0     0.3991      0.3    0.8       5.084   25.3   0b1111111111111111    20190411T124541143686
 1      80     2.0160      0.0       0.0     1.9075      0.0    0.0       1.057   25.3   0b1111111111111111    20190411T124541144079
 2      80     2.0430      0.0       0.0     0.4027      0.3    0.8       5.074   25.3   0b1111111111111111    20190411T124541144481
 3      80     2.0145      0.0       0.0     1.9035      0.3    0.8       1.058   25.3   0b1111111111111111    20190411T124541144785
 4      80     2.0355      0.0       0.0     0.4024      0.3    0.8       5.058   25.3   0b1111111111111111    20190411T124541145075
 5      80     2.0227      0.0       0.0     1.9150      0.0    0.0       1.056   25.3   0b1111111111111111    20190411T124541145434
 6      80     2.0386      0.2       0.8     0.4026      0.2    0.8       5.064   25.3   0b1111111111111111    20190411T124541145724
 7      80     2.0302      0.0       0.0     1.9253      0.4    0.8       1.055   25.3   0b1111111111111111    20190411T124541146007
 8      80     2.0400      0.0       0.0     0.3977      0.4    0.8       5.129   25.3   0b1111111111111111    20190411T124541146338
 9      80     2.0317      0.0       0.0     1.9182      0.2    0.8       1.059   25.3   0b1111111111111111    20190411T124541146670
10      80     2.0415      0.0       0.0     0.4006      0.4    0.8       5.096   25.3   0b1111111111111111    20190411T124541146955
11      80     2.0430      0.0       0.0     1.9480      0.4    0.8       1.049   25.3   0b1111111111111111    20190411T124541147299
12      80     2.0416      0.3       0.8     0.4010      0.3    0.8       5.091   25.3   0b1111111111111111    20190411T124541147589
13      80     2.0332      0.0       0.0     1.9077      0.3    0.8       1.066   25.3   0b1111111111111111    20190411T124541147871
14      80     2.0477      0.3       0.8     0.3998      0.3    0.8       5.121   25.3   0b1111111111111111    20190411T124541148204
15      80     2.0209      0.4       0.7     1.9100      0.0    0.0       1.058   25.3   0b1111111111111111    20190411T124541148488
 0      70     1.9777      0.0       0.0     0.3891      0.2    0.8       5.083   25.4   0b1111111111111111    20190411T124544578771
 1      70     1.9650      0.0       0.0     1.8592      0.0    0.0       1.057   25.4   0b1111111111111111    20190411T124544579164
 2      70     1.9919      0.2       0.8     0.3925      0.0    0.0       5.075   25.4   0b1111111111111111    20190411T124544579561
 3      70     1.9643      0.0       0.0     1.8561      0.4    0.8       1.058   25.4   0b1111111111111111    20190411T124544579870
 4      70     1.9853      0.0       0.0     0.3925      0.0    0.0       5.058   25.4   0b1111111111111111    20190411T124544580163
 5      70     1.9733      0.0       0.0     1.8684      0.2    0.8       1.056   25.4   0b1111111111111111    20190411T124544580511
 6      70     1.9890      0.0       0.0     0.3929      0.4    0.8       5.062   25.4   0b1111111111111111    20190411T124544580802
 7      70     1.9800      0.0       0.0     1.8777      0.3    0.8       1.055   25.4   0b1111111111111111    20190411T124544581087
 8      70     1.9908      0.4       0.8     0.3883      0.0    0.0       5.127   25.4   0b1111111111111111    20190411T124544581479
 9      70     1.9823      0.0       0.0     1.8717      0.0    0.0       1.059   25.4   0b1111111111111111    20190411T124544581776
10      70     1.9920      0.0       0.0     0.3908      0.0    0.0       5.097   25.4   0b1111111111111111    20190411T124544582061
11      70     1.9942      0.0       0.0     1.9008      0.0    0.0       1.049   25.4   0b1111111111111111    20190411T124544582343
12      70     1.9941      0.3       0.7     0.3918      0.2    0.8       5.090   25.4   0b1111111111111111    20190411T124544582677
13      70     1.9853      0.2       0.8     1.8631      0.4    0.8       1.066   25.4   0b1111111111111111    20190411T124544582957
14      70     1.9996      0.2       0.8     0.3900      0.0    0.0       5.127   25.4   0b1111111111111111    20190411T124544583236
15      70     1.9727      0.3       0.8     1.8649      0.2    0.8       1.058   25.4   0b1111111111111111    20190411T124544583564
 0      60     1.9255      0.4       0.7     0.3784      0.2    0.8       5.088   25.5   0b1111111111111111    20190411T124548015546
 1      60     1.9140      0.0       0.0     1.8112      0.4    0.8       1.057   25.5   0b1111111111111111    20190411T124548015939
 2      60     1.9395      0.0       0.0     0.3822      0.4    0.8       5.075   25.5   0b1111111111111111    20190411T124548016272
 3      60     1.9129      0.4       0.8     1.8075      0.0    0.0       1.058   25.5   0b1111111111111111    20190411T124548016568
 4      60     1.9340      0.3       0.8     0.3823      0.3    0.8       5.058   25.5   0b1111111111111111    20190411T124548016874
 5      60     1.9215      0.0       0.0     1.8193      0.2    0.8       1.056   25.5   0b1111111111111111    20190411T124548017248
 6      60     1.9358      0.2       0.8     0.3825      0.0    0.0       5.061   25.5   0b1111111111111111    20190411T124548017546
 7      60     1.9279      0.4       0.8     1.8283      0.3    0.8       1.055   25.5   0b1111111111111111    20190411T124548017833
 8      60     1.9395      0.0       0.0     0.3783      0.3    0.8       5.128   25.5   0b1111111111111111    20190411T124548018178
 9      60     1.9305      0.0       0.0     1.8224      0.3    0.8       1.059   25.5   0b1111111111111111    20190411T124548018499
10      60     1.9403      0.0       0.0     0.3802      0.3    0.8       5.104   25.5   0b1111111111111111    20190411T124548018783
11      60     1.9440      0.0       0.0     1.8533      0.0    0.0       1.049   25.5   0b1111111111111111    20190411T124548019062
12      60     1.9425      0.0       0.0     0.3816      0.2    0.8       5.091   25.5   0b1111111111111111    20190411T124548019405
13      60     1.9345      0.3       0.8     1.8150      0.0    0.0       1.066   25.5   0b1111111111111111    20190411T124548019688
14      60     1.9485      0.0       0.0     0.3801      0.2    0.8       5.127   25.5   0b1111111111111111    20190411T124548019969
15      60     1.9222      0.0       0.0     1.8168      0.3    0.8       1.058   25.5   0b1111111111111111    20190411T124548020301
 0      50     1.8742      0.0       0.0     0.3683      0.0    0.0       5.088   25.6   0b1111111111111111    20190411T124551451381
 1      50     1.8630      0.0       0.0     1.7626      0.2    0.8       1.057   25.6   0b1111111111111111    20190411T124551451772
 2      50     1.8878      0.0       0.0     0.3717      0.0    0.0       5.079   25.6   0b1111111111111111    20190411T124551452084
 3      50     1.8616      0.2       0.8     1.7592      0.0    0.0       1.058   25.6   0b1111111111111111    20190411T124551452465
 4      50     1.8817      0.0       0.0     0.3717      0.0    0.0       5.063   25.6   0b1111111111111111    20190411T124551452764
 5      50     1.8697      0.0       0.0     1.7703      0.4    0.8       1.056   25.6   0b1111111111111111    20190411T124551453055
 6      50     1.8840      0.0       0.0     0.3719      0.4    0.8       5.066   25.6   0b1111111111111111    20190411T124551453391
 7      50     1.8758      0.0       0.0     1.7783      0.0    0.0       1.055   25.6   0b1111111111111111    20190411T124551453679
 8      50     1.8866      0.4       0.8     0.3675      0.0    0.0       5.134   25.6   0b1111111111111111    20190411T124551454007
 9      50     1.8780      0.0       0.0     1.7728      0.4    0.8       1.059   25.6   0b1111111111111111    20190411T124551454305
10      50     1.8878      0.0       0.0     0.3700      0.0    0.0       5.102   25.6   0b1111111111111111    20190411T124551454445
11      50     1.8914      0.2       0.8     1.8028      0.4    0.8       1.049   25.6   0b1111111111111111    20190411T124551454582
12      50     1.8908      0.0       0.0     0.3711      0.4    0.8       5.095   25.6   0b1111111111111111    20190411T124551454719
13      50     1.8825      0.0       0.0     1.7662      0.4    0.8       1.066   25.6   0b1111111111111111    20190411T124551454854
14      50     1.8968      0.0       0.0     0.3700      0.0    0.0       5.126   25.6   0b1111111111111111    20190411T124551454990
15      50     1.8705      0.0       0.0     1.7681      0.4    0.8       1.058   25.6   0b1111111111111111    20190411T124551455156
 0      40     1.8225      0.0       0.0     0.3583      0.2    0.8       5.087   25.6   0b1111111111111111    20190411T124554885453
 1      40     1.8121      0.2       0.8     1.7149      0.3    0.8       1.057   25.6   0b1111111111111111    20190411T124554885833
 2      40     1.8360      0.0       0.0     0.3617      0.0    0.0       5.076   25.6   0b1111111111111111    20190411T124554886233
 3      40     1.8105      0.0       0.0     1.7108      0.0    0.0       1.058   25.6   0b1111111111111111    20190411T124554886544
 4      40     1.8293      0.0       0.0     0.3614      0.4    0.8       5.061   25.6   0b1111111111111111    20190411T124554886832
 5      40     1.8173      0.0       0.0     1.7203      0.4    0.8       1.056   25.6   0b1111111111111111    20190411T124554887157
 6      40     1.8308      0.0       0.0     0.3617      0.0    0.0       5.062   25.6   0b1111111111111111    20190411T124554887462
 7      40     1.8230      0.3       0.8     1.7284      0.2    0.8       1.055   25.6   0b1111111111111111    20190411T124554887766
 8      40     1.8330      0.0       0.0     0.3574      0.3    0.8       5.128   25.6   0b1111111111111111    20190411T124554888080
 9      40     1.8246      0.3       0.8     1.7225      0.0    0.0       1.059   25.6   0b1111111111111111    20190411T124554888434
10      40     1.8345      0.0       0.0     0.3592      0.0    0.0       5.108   25.6   0b1111111111111111    20190411T124554888720
11      40     1.8376      0.2       0.8     1.7517      0.0    0.0       1.049   25.6   0b1111111111111111    20190411T124554889001
12      40     1.8382      0.0       0.0     0.3609      0.2    0.8       5.093   25.6   0b1111111111111111    20190411T124554889327
13      40     1.8306      0.3       0.8     1.7175      0.0    0.0       1.066   25.6   0b1111111111111111    20190411T124554889611
14      40     1.8442      0.0       0.0     0.3593      0.3    0.8       5.132   25.6   0b1111111111111111    20190411T124554889891
15      40     1.8180      0.0       0.0     1.7183      0.0    0.0       1.058   25.6   0b1111111111111111    20190411T124554890223
 0      30     1.7744      0.2       0.8     0.3485      0.3    0.8       5.092   25.7   0b1111111111111111    20190411T124558319156
 1      30     1.7625      0.0       0.0     1.6677      0.3    0.8       1.057   25.7   0b1111111111111111    20190411T124558319630
 2      30     1.7857      0.0       0.0     0.3517      0.0    0.0       5.078   25.7   0b1111111111111111    20190411T124558319952
 3      30     1.7610      0.0       0.0     1.6642      0.3    0.8       1.058   25.7   0b1111111111111111    20190411T124558320250
 4      30     1.7770      0.3       0.7     0.3508      0.0    0.0       5.065   25.7   0b1111111111111111    20190411T124558320593
 5      30     1.7677      0.0       0.0     1.6734      0.2    0.8       1.056   25.7   0b1111111111111111    20190411T124558320887
 6      30     1.7811      0.3       0.8     0.3517      0.0    0.0       5.065   25.7   0b1111111111111111    20190411T124558321175
 7      30     1.7715      0.0       0.0     1.6800      0.0    0.0       1.054   25.7   0b1111111111111111    20190411T124558321516
 8      30     1.7805      0.0       0.0     0.3468      0.3    0.8       5.134   25.7   0b1111111111111111    20190411T124558321857
 9      30     1.7734      0.4       0.8     1.6742      0.0    0.0       1.059   25.7   0b1111111111111111    20190411T124558322149
10      30     1.7820      0.0       0.0     0.3490      0.3    0.8       5.106   25.7   0b1111111111111111    20190411T124558322501
11      30     1.7843      0.0       0.0     1.7009      0.3    0.8       1.049   25.7   0b1111111111111111    20190411T124558322792
12      30     1.7864      0.3       0.8     0.3507      0.3    0.8       5.094   25.7   0b1111111111111111    20190411T124558323073
13      30     1.7782      0.0       0.0     1.6680      0.4    0.8       1.066   25.7   0b1111111111111111    20190411T124558323372
14      30     1.7917      0.0       0.0     0.3492      0.0    0.0       5.132   25.7   0b1111111111111111    20190411T124558323681
15      30     1.7679      0.3       0.8     1.6710      0.3    0.8       1.058   25.7   0b1111111111111111    20190411T124558323961
 0      20     1.7235      0.0       0.0     0.3386      0.4    0.8       5.090   25.8   0b1111111111111111    20190411T124601756610
 1      20     1.7123      0.0       0.0     1.6201      0.2    0.8       1.057   25.8   0b1111111111111111    20190411T124601756999
 2      20     1.7348      0.0       0.0     0.3417      0.0    0.0       5.077   25.8   0b1111111111111111    20190411T124601757391
 3      20     1.7108      0.2       0.8     1.6168      0.3    0.8       1.058   25.8   0b1111111111111111    20190411T124601757695
 4      20     1.7255      0.3       0.8     0.3408      0.0    0.0       5.063   25.8   0b1111111111111111    20190411T124601757986
 5      20     1.7167      0.0       0.0     1.6252      0.3    0.8       1.056   25.8   0b1111111111111111    20190411T124601758326
 6      20     1.7295      0.0       0.0     0.3415      0.3    0.8       5.064   25.8   0b1111111111111111    20190411T124601758616
 7      20     1.7204      0.2       0.8     1.6313      0.4    0.8       1.055   25.8   0b1111111111111111    20190411T124601758898
 8      20     1.7284      0.4       0.8     0.3367      0.0    0.0       5.134   25.8   0b1111111111111111    20190411T124601759237
 9      20     1.7219      0.2       0.8     1.6250      0.0    0.0       1.060   25.8   0b1111111111111111    20190411T124601759568
10      20     1.7303      0.0       0.0     0.3383      0.0    0.0       5.114   25.8   0b1111111111111111    20190411T124601759865
11      20     1.7324      0.3       0.8     1.6508      0.0    0.0       1.049   25.8   0b1111111111111111    20190411T124601760213
12      20     1.7348      0.0       0.0     0.3402      0.4    0.8       5.098   25.8   0b1111111111111111    20190411T124601760505
13      20     1.7265      0.0       0.0     1.6195      0.4    0.8       1.066   25.8   0b1111111111111111    20190411T124601760784
14      20     1.7400      0.0       0.0     0.3389      0.4    0.8       5.134   25.8   0b1111111111111111    20190411T124601761063
15      20     1.7168      0.2       0.8     1.6229      0.4    0.8       1.058   25.8   0b1111111111111111    20190411T124601761390
 0      10     1.6740      0.0       0.0     0.3287      0.4    0.8       5.092   25.9   0b1111111111111111    20190411T124605190890
 1      10     1.6628      0.0       0.0     1.5733      0.0    0.0       1.057   25.9   0b1111111111111111    20190411T124605191359
 2      10     1.6845      0.0       0.0     0.3317      0.0    0.0       5.079   25.9   0b1111111111111111    20190411T124605191680
 3      10     1.6616      0.4       0.8     1.5703      0.4    0.8       1.058   25.9   0b1111111111111111    20190411T124605191973
 4      10     1.6740      0.0       0.0     0.3308      0.0    0.0       5.060   25.9   0b1111111111111111    20190411T124605192318
 5      10     1.6657      0.0       0.0     1.5773      0.3    0.8       1.056   25.9   0b1111111111111111    20190411T124605192611
 6      10     1.6785      0.0       0.0     0.3314      0.4    0.8       5.065   25.9   0b1111111111111111    20190411T124605192895
 7      10     1.6687      0.0       0.0     1.5826      0.2    0.8       1.054   25.9   0b1111111111111111    20190411T124605193233
 8      10     1.6763      0.0       0.0     0.3263      0.4    0.8       5.137   25.9   0b1111111111111111    20190411T124605193571
 9      10     1.6702      0.0       0.0     1.5766      0.3    0.8       1.059   25.9   0b1111111111111111    20190411T124605193860
10      10     1.6785      0.0       0.0     0.3283      0.0    0.0       5.112   25.9   0b1111111111111111    20190411T124605194209
11      10     1.6800      0.0       0.0     1.6009      0.2    0.8       1.049   25.9   0b1111111111111111    20190411T124605194500
12      10     1.6837      0.0       0.0     0.3300      0.0    0.0       5.102   25.9   0b1111111111111111    20190411T124605194780
13      10     1.6755      0.0       0.0     1.5717      0.0    0.0       1.066   25.9   0b1111111111111111    20190411T124605195059
14      10     1.6890      0.0       0.0     0.3286      0.4    0.8       5.140   25.9   0b1111111111111111    20190411T124605195383
15      10     1.6665      0.0       0.0     1.5750      0.0    0.0       1.058   25.9   0b1111111111111111    20190411T124605195664
 0       0     1.6230      0.0       0.0     0.3187      0.4    0.8       5.093   26.0   0b1111111111111111    20190411T124608630474
 1       0     1.6133      0.0       0.0     1.5259      0.3    0.8       1.057   26.0   0b1111111111111111    20190411T124608630860
 2       0     1.6343      0.0       0.0     0.3217      0.0    0.0       5.081   26.0   0b1111111111111111    20190411T124608631259
 3       0     1.6118      0.0       0.0     1.5230      0.4    0.8       1.058   26.0   0b1111111111111111    20190411T124608631565
 4       0     1.6230      0.0       0.0     0.3206      0.4    0.8       5.063   26.0   0b1111111111111111    20190411T124608631856
 5       0     1.6148      0.0       0.0     1.5286      0.4    0.8       1.056   26.0   0b1111111111111111    20190411T124608632200
 6       0     1.6267      0.0       0.0     0.3208      0.0    0.0       5.070   26.0   0b1111111111111111    20190411T124608632491
 7       0     1.6178      0.0       0.0     1.5342      0.0    0.0       1.054   26.0   0b1111111111111111    20190411T124608632775
 8       0     1.6245      0.0       0.0     0.3160      0.3    0.8       5.141   26.0   0b1111111111111111    20190411T124608633056
 9       0     1.6178      0.0       0.0     1.5272      0.4    0.8       1.059   26.0   0b1111111111111111    20190411T124608633421
10       0     1.6264      0.4       0.8     0.3178      0.4    0.8       5.117   26.0   0b1111111111111111    20190411T124608633706
11       0     1.6276      0.2       0.8     1.5512      0.4    0.8       1.049   26.0   0b1111111111111111    20190411T124608633987
12       0     1.6325      0.3       0.8     0.3200      0.0    0.0       5.102   26.0   0b1111111111111111    20190411T124608634331
13       0     1.6252      0.2       0.8     1.5242      0.0    0.0       1.066   26.0   0b1111111111111111    20190411T124608634621
14       0     1.6377      0.4       0.7     0.3186      0.4    0.8       5.141   26.0   0b1111111111111111    20190411T124608634903
15       0     1.6157      0.3       0.8     1.5272      0.4    0.8       1.058   26.0   0b1111111111111111    20190411T124608635237
