CH# Threshold[DAC] Vset[DAC]     V[V]     I[A]     R[ohm]     T[C]           LUstate          Timestamp
 0        603         0        1.6042    0.1583  10.1321    23.9062       0b00000000000000    20190607T114534394130
 1       1277         0        1.6044    0.7058   2.2731    23.9379     0b1101010101010101    20190607T114534437455
 2        606         0        1.6125    0.1589  10.1468    23.9379       0b01010101000001    20190607T114534480798
 3       1279         0        1.6019    0.7077   2.2633    23.9379     0b1101010101010111    20190607T114534523954
 4        610         0        1.6245    0.1595  10.1850    23.9379       0b01010101000101    20190607T114534567175
 5       1287         0        1.6267    0.7139   2.2786    23.9379     0b1111111111011111    20190607T114534610333
 6        604         0        1.6245    0.1591  10.2116    23.9062       0b00000000000001    20190607T114534653815
 7       1285         0        1.6335    0.7161   2.2812    23.9062     0b1111111101011111    20190607T114534696787
 8        605         0        1.6260    0.1602  10.1466    23.9379       0b00010001000001    20190607T114534739995
 9       1283         0        1.6267    0.7123   2.2837    23.9379     0b1111010101011111    20190607T114534782903
10        604         0        1.6237    0.1608  10.0959    23.9696       0b00000000000001    20190607T114534826171
11       1283         0        1.6247    0.7142   2.2750    23.9379     0b1111010101011111    20190607T114534869459
12        605         0        1.6207    0.1575  10.2905    23.9062       0b00010001000001    20190607T114534912821
13       1279         0        1.6215    0.7108   2.2811    23.9379     0b1101010101010111    20190607T114534956075
14        611         0        1.6282    0.1604  10.1501    23.9379       0b01010101010101    20190607T114534999337
15       1269         0        1.6156    0.6969   2.3182    23.9379      0b101010101010101    20190607T114535042688
 0        636        50        1.8592    0.1842  10.0955    24.0330       0b00000000000000    20190607T114547158611
 1       1413        50        1.8607    0.8186   2.2731    24.0647     0b1101010101010101    20190607T114547201853
 2        637        50        1.8675    0.1842  10.1403    24.0647       0b01010001000001    20190607T114547245112
 3       1415        50        1.8570    0.8208   2.2623    24.0647     0b1111010101010111    20190607T114547288076
 4        641        50        1.8803    0.1852  10.1498    24.0330       0b01010101000101    20190607T114547331198
 5       1423        50        1.8832    0.8267   2.2781    24.0647     0b1111011101011111    20190607T114547374355
 6        636        50        1.8803    0.1845  10.1911    24.0647       0b00000000000000    20190607T114547417721
 7       1424        50        1.8908    0.8293   2.2801    24.0330     0b1111011101111111    20190607T114547460848
 8        637        50        1.8840    0.1864  10.1064    24.0647       0b01010001000001    20190607T114547503943
 9       1422        50        1.8841    0.8258   2.2815    24.0647     0b1111010101011111    20190607T114547547092
10        636        50        1.8817    0.1868  10.0763    24.0647       0b00000000000000    20190607T114547590363
11       1425        50        1.8825    0.8275   2.2749    24.0647     0b1111011111111111    20190607T114547633188
12        636        50        1.8735    0.1828  10.2470    24.0647       0b00000000000000    20190607T114547676096
13       1414        50        1.8727    0.8216   2.2794    24.0330     0b1101010101010111    20190607T114547719146
14        643        50        1.8803    0.1858  10.1179    24.0330       0b01010101010101    20190607T114547762202
15       1403        50        1.8683    0.8063   2.3172    24.0647      0b101010101010101    20190607T114547805502
 0        667       100        2.1172    0.2100  10.0821    24.1281       0b00000000000000    20190607T114559928057
 1       1552       100        2.1169    0.9318   2.2720    24.1281     0b1111010101011101    20190607T114559971259
 2        669       100        2.1248    0.2100  10.1182    24.1281       0b01010101000001    20190607T114600014529
 3       1551       100        2.1135    0.9342   2.2624    24.0964     0b1111010101010101    20190607T114600057605
 4        673       100        2.1322    0.2108  10.1171    24.1281       0b01010101000101    20190607T114600100590
 5       1559       100        2.1346    0.9375   2.2770    24.1281     0b1111111101011111    20190607T114600143905
 6        667       100        2.1322    0.2099  10.1576    24.1281       0b00000000000000    20190607T114600187138
 7       1562       100        2.1434    0.9408   2.2782    24.0964     0b1111111101111111    20190607T114600230397
 8        668       100        2.1367    0.2116  10.0989    24.0964       0b00010001000001    20190607T114600273637
 9       1556       100        2.1367    0.9367   2.2810    24.0964     0b1111010101011111    20190607T114600316889
10        667       100        2.1352    0.2125  10.0479    24.1281       0b00000000000000    20190607T114600359883
11       1558       100        2.1337    0.9383   2.2740    24.1281     0b1111011101011111    20190607T114600403278
12        668       100        2.1247    0.2078  10.2233    24.1281       0b00010001000001    20190607T114600446459
13       1548       100        2.1240    0.9323   2.2782    24.1281     0b1101010101010101    20190607T114600489633
14        674       100        2.1322    0.2114  10.0855    24.0964       0b01010101010101    20190607T114600532890
15       1534       100        2.1180    0.9143   2.3164    24.1281      0b101010101010101    20190607T114600575718
 0        698       150        2.3627    0.2350  10.0538    24.1281       0b00000001000000    20190607T114612681651
 1       1688       150        2.3618    1.0400   2.2710    24.1281     0b1111111101010101    20190607T114612724947
 2        700       150        2.3699    0.2346  10.1027    24.1598       0b01010101000001    20190607T114612768272
 3       1688       150        2.3576    1.0427   2.2611    24.1281     0b1111111101010101    20190607T114612811289
 4        702       150        2.3720    0.2349  10.0970    24.1281       0b01010101000101    20190607T114612854286
 5       1690       150        2.3753    1.0433   2.2766    24.1281     0b1111111111011111    20190607T114612897268
 6        697       150        2.3730    0.2341  10.1374    24.1281       0b00000000000000    20190607T114612940361
 7       1688       150        2.3849    1.0472   2.2775    24.1281     0b1111111101010101    20190607T114612983486
 8        699       150        2.3790    0.2358  10.0876    24.1281       0b01010001000001    20190607T114613026767
 9       1686       150        2.3798    1.0438   2.2798    24.1281     0b1111010101010101    20190607T114613069741
10        698       150        2.3765    0.2367  10.0417    24.1281       0b00000001000000    20190607T114613112914
11       1686       150        2.3753    1.0451   2.2728    24.1281     0b1111010101010101    20190607T114613156153
12        698       150        2.3610    0.2317  10.1914    24.1598       0b00000001000000    20190607T114613199288
13       1677       150        2.3610    1.0366   2.2777    24.1281     0b1101010101010101    20190607T114613242568
14        704       150        2.3700    0.2353  10.0744    24.1281       0b01010101010101    20190607T114613285689
15       1661       150        2.3548    1.0172   2.3151    24.1281      0b101010101010101    20190607T114613328892
 0        729       200        2.6085    0.2598  10.0391    24.0964       0b01010101000000    20190607T114625438824
 1       1811       200        2.6062    1.1475   2.2712    24.1281     0b1111011101011101    20190607T114625482084
 2        730       200        2.6148    0.2592  10.0893    24.1281       0b01010101000001    20190607T114625525192
 3       1808       200        2.6025    1.1509   2.2612    24.1281     0b1111010101010101    20190607T114625568235
 4        732       200        2.6130    0.2591  10.0856    24.1281       0b01010101000101    20190607T114625611519
 5       1812       200        2.6168    1.1492   2.2771    24.1281     0b1111011101011111    20190607T114625654868
 6        726       200        2.6145    0.2582  10.1239    24.1281       0b00000000000000    20190607T114625698080
 7       1819       200        2.6273    1.1536   2.2775    24.1281     0b1111111101111111    20190607T114625741361
 8        728       200        2.6227    0.2602  10.0810    24.1281       0b01000001000000    20190607T114625784733
 9       1809       200        2.6235    1.1508   2.2797    24.1281     0b1111010101011101    20190607T114625827863
10        728       200        2.6205    0.2611  10.0370    24.1281       0b01000001000000    20190607T114625870930
11       1813       200        2.6183    1.1519   2.2730    24.1281     0b1111011101111111    20190607T114625914093
12        727       200        2.6007    0.2554  10.1822    24.0964       0b00000001000000    20190607T114625957479
13       1797       200        2.5980    1.1407   2.2776    24.1281     0b1101010101010101    20190607T114626000579
14        734       200        2.6085    0.2593  10.0585    24.1598       0b01010101010101    20190607T114626043849
15       1773       200        2.5920    1.1196   2.3151    24.1281      0b101010101010101    20190607T114626086960
 0        758       250        2.8553    0.2852  10.0126    24.0964       0b01000101000000    20190607T114638194888
 1       1937       250        2.8470    1.2537   2.2708    24.0964     0b1101010101010101    20190607T114638238169
 2        760       250        2.8605    0.2833  10.0989    24.0964       0b01010101000001    20190607T114638281526
 3       1951       250        2.8448    1.2579   2.2615    24.0964     0b1111011101010111    20190607T114638324885
 4        763       250        2.8568    0.2833  10.0859    24.0964       0b01010101000101    20190607T114638367996
 5       1952       250        2.8549    1.2532   2.2781    24.1281     0b1111111111011111    20190607T114638410877
 6        756       250        2.8588    0.2823  10.1258    24.0964       0b01000000000000    20190607T114638454164
 7       1951       250        2.8590    1.2555   2.2772    24.0647     0b1111011101010111    20190607T114638497314
 8        757       250        2.8687    0.2848  10.0746    24.0964       0b01000001000000    20190607T114638540642
 9       1948       250        2.8604    1.2550   2.2792    24.0964     0b1111010101010111    20190607T114638583914
10        759       250        2.8657    0.2862  10.0143    24.0964       0b01000101000001    20190607T114638627327
11       1951       250        2.8560    1.2565   2.2730    24.0964     0b1111011101010111    20190607T114638670627
12        754       250        2.8412    0.2798  10.1560    24.0964       0b00000000000000    20190607T114638714019
13       1941       250        2.8343    1.2433   2.2796    24.0964     0b1101010101010111    20190607T114638757403
14        764       250        2.8493    0.2833  10.0591    24.1281       0b01010101010101    20190607T114638801627
15       1900       250        2.8298    1.2225   2.3147    24.0964      0b101010101010101    20190607T114638844603
