CH# Threshold[DAC] Vset[DAC]     V[V]     I[A]     R[ohm]     T[C]           LUstate          Timestamp
 0        608         0        1.6237    0.1608  10.1011    29.8668      0b100010101010100    20190610T155439001571
 1       1284         0        1.6275    0.7147   2.2773    29.8985     0b1111010111110101    20190610T155439044541
 2        603         0        1.6262    0.1583  10.2763    29.8985       0b00000000000000    20190610T155439087684
 3       1290         0        1.6294    0.7179   2.2697    29.8985     0b1111111111110111    20190610T155439130940
 4        604         0        1.6125    0.1591  10.1362    29.9302       0b00000000000100    20190610T155439174268
 5       1275         0        1.6115    0.7083   2.2751    29.8985     0b1101010101010101    20190610T155439217269
 6        607         0        1.6192    0.1613  10.0419    29.8985       0b00010000010100    20190610T155439260266
 7       1277         0        1.6156    0.7084   2.2805    29.8985     0b1101010101110101    20190610T155439303522
 8        607         0        1.6171    0.1617  10.0025    29.8985       0b00010000010100    20190610T155439346683
 9       1286         0        1.6290    0.7133   2.2836    29.8985     0b1111010111110111    20190610T155439389943
10        606         0        1.6210    0.1623   9.9855    29.8985       0b00000000010100    20190610T155439433055
11       1289         0        1.6188    0.7117   2.2747    29.8985     0b1111011111110111    20190610T155439476262
12        609         0        1.6245    0.1625   9.9969    29.8985      0b100010101010101    20190610T155439519563
13       1278         0        1.6148    0.7075   2.2823    29.9302     0b1101010111110101    20190610T155439562684
14        607         0        1.6140    0.1615   9.9938    29.8985       0b00010000010100    20190610T155439606157
15       1271         0        1.6288    0.7043   2.3126    29.9302      0b101010101010101    20190610T155439649585
 0        640        50        1.8825    0.1867  10.0848    29.9937      0b100010101010100    20190610T155451768149
 1       1426        50        1.8870    0.8291   2.2760    30.0254     0b1111010111110101    20190610T155451811386
 2        635        50        1.8862    0.1841  10.2467    29.9937       0b00000000000000    20190610T155451854719
 3       1426        50        1.8885    0.8325   2.2685    30.0254     0b1111010111110101    20190610T155451897965
 4        635        50        1.8607    0.1838  10.1219    30.0254       0b00000000000000    20190610T155451941246
 5       1414        50        1.8607    0.8183   2.2738    29.9937     0b1111010101010101    20190610T155451984409
 6        637        50        1.8697    0.1866  10.0210    29.9937       0b00010000010100    20190610T155452027431
 7       1416        50        1.8667    0.8191   2.2790    30.0254     0b1111010101110101    20190610T155452070491
 8        637        50        1.8721    0.1872  10.0022    29.9937       0b00010000010100    20190610T155452113758
 9       1430        50        1.8872    0.8267   2.2828    29.9937     0b1111110111111111    20190610T155452156836
10        636        50        1.8766    0.1879   9.9862    29.9937       0b00000000010100    20190610T155452199989
11       1427        50        1.8747    0.8247   2.2733    30.0254     0b1111010111111111    20190610T155452243091
12        641        50        1.8840    0.1885   9.9947    29.9937      0b100010101010101    20190610T155452286242
13       1411        50        1.8720    0.8208   2.2806    30.0254     0b1101010101010101    20190610T155452329366
14        638        50        1.8697    0.1872   9.9853    30.0254       0b00010101010100    20190610T155452372597
15       1408        50        1.8878    0.8167   2.3115    30.0254      0b101010101010101    20190610T155452415975
 0        670       100        2.1315    0.2117  10.0701    30.0888       0b00010001010100    20190610T155504540793
 1       1559       100        2.1367    0.9392   2.2752    30.0888     0b1111110111110101    20190610T155504583937
 2        667       100        2.1379    0.2092  10.2209    30.1205       0b00000000010000    20190610T155504626860
 3       1560       100        2.1382    0.9429   2.2677    30.0888     0b1111110111110111    20190610T155504669612
 4        665       100        2.1105    0.2092  10.0900    30.1205       0b00000000000000    20190610T155504712528
 5       1549       100        2.1090    0.9278   2.2730    30.1205     0b1111010111010101    20190610T155504755376
 6        669       100        2.1202    0.2117  10.0169    30.1205       0b00000000010100    20190610T155504798241
 7       1548       100        2.1165    0.9291   2.2781    30.0888     0b1111010101010101    20190610T155504841126
 8        670       100        2.1225    0.2123   9.9961    30.0888       0b00010001010100    20190610T155504883954
 9       1560       100        2.1383    0.9370   2.2821    30.0888     0b1111110111110111    20190610T155504926738
10        669       100        2.1270    0.2133   9.9703    30.0888       0b00000000010100    20190610T155504969614
11       1557       100        2.1247    0.9350   2.2725    30.0888     0b1111010111110101    20190610T155505012479
12        672       100        2.1345    0.2140   9.9743    30.0888      0b100010101010101    20190610T155505055353
13       1547       100        2.1202    0.9300   2.2798    30.0888     0b1101010101010101    20190610T155505098271
14        670       100        2.1210    0.2125   9.9812    30.0888       0b00010001010100    20190610T155505141069
15       1538       100        2.1382    0.9250   2.3116    30.0888      0b101010101010101    20190610T155505183861
 0        702       150        2.3745    0.2358  10.0686    30.1205      0b100010101010100    20190610T155517288274
 1       1684       150        2.3790    1.0458   2.2747    30.1205     0b1111011111110101    20190610T155517331415
 2        696       150        2.3813    0.2333  10.2054    30.1205       0b00000000010000    20190610T155517374601
 3       1696       150        2.3820    1.0507   2.2671    30.1205     0b1111111111110111    20190610T155517417692
 4        695       150        2.3461    0.2328  10.0762    30.1205       0b00000000000000    20190610T155517460602
 5       1672       150        2.3445    1.0317   2.2725    30.0888      0b101010101010101    20190610T155517503432
 6        699       150        2.3565    0.2354  10.0099    30.1205       0b00010000010100    20190610T155517546274
 7       1675       150        2.3535    1.0333   2.2776    30.1205     0b1101010101110101    20190610T155517589196
 8        700       150        2.3624    0.2363   9.9962    30.1205       0b00010001010100    20190610T155517632170
 9       1683       150        2.3805    1.0433   2.2816    30.1205     0b1111010111110101    20190610T155517675051
10        698       150        2.3678    0.2375   9.9695    30.1205       0b00000000010100    20190610T155517717946
11       1691       150        2.3655    1.0416   2.2711    30.1205     0b1111011111110111    20190610T155517760806
12        702       150        2.3783    0.2383   9.9787    30.1205      0b100010101010100    20190610T155517803671
13       1676       150        2.3610    1.0358   2.2793    30.1205     0b1101010111110101    20190610T155517846584
14        700       150        2.3617    0.2367   9.9789    30.1205       0b00010001010100    20190610T155517889387
15       1672       150        2.3813    1.0301   2.3117    30.1205      0b101010101010101    20190610T155517932172
 0        731       200        2.6173    0.2602  10.0600    30.1205      0b100010101010100    20190610T155530058276
 1       1812       200        2.6227    1.1527   2.2752    30.1205     0b1111110111110101    20190610T155530101309
 2        726       200        2.6258    0.2577  10.1905    30.1205       0b00000000010000    20190610T155530144660
 3       1822       200        2.6267    1.1583   2.2676    30.1205     0b1111111111110111    20190610T155530187750
 4        724       200        2.5815    0.2566  10.0611    30.1205       0b00000000000000    20190610T155530230656
 5       1784       200        2.5790    1.1348   2.2725    30.1522     0b1101010101010101    20190610T155530273487
 6        728       200        2.5935    0.2592  10.0071    30.1205       0b00000000010100    20190610T155530316338
 7       1796       200        2.5897    1.1372   2.2774    30.1205     0b1111010101110101    20190610T155530359280
 8        730       200        2.6025    0.2606   9.9872    30.1205       0b00010001010100    20190610T155530402080
 9       1816       200        2.6235    1.1496   2.2821    30.1205     0b1111110111110111    20190610T155530444846
10        728       200        2.6093    0.2617   9.9719    30.1205       0b00000000010100    20190610T155530487760
11       1811       200        2.6084    1.1479   2.2723    30.1205     0b1111010111110101    20190610T155530530733
12        732       200        2.6197    0.2623   9.9895    30.1205      0b100010101010101    20190610T155530573615
13       1794       200        2.6025    1.1416   2.2797    30.1205     0b1101010101110101    20190610T155530616504
14        730       200        2.6032    0.2611   9.9707    30.1205       0b00010001010100    20190610T155530659322
15       1780       200        2.6257    1.1353   2.3127    30.0888      0b101010101010101    20190610T155530702092
 0        761       250        2.8627    0.2848  10.0536    30.1205      0b100010101010100    20190610T155542824268
 1       1949       250        2.8590    1.2571   2.2743    30.0888     0b1111010111110101    20190610T155542868142
 2        755       250        2.8717    0.2817  10.1956    30.1205       0b00000000010000    20190610T155542911357
 3       1953       250        2.8619    1.2612   2.2692    30.0888     0b1111111111110111    20190610T155542954473
 4        752       250        2.8178    0.2801  10.0604    30.0888       0b00000000000000    20190610T155542997729
 5       1927       250        2.8140    1.2383   2.2726    30.0888     0b1101010101010101    20190610T155543040673
 6        756       250        2.8298    0.2831   9.9962    30.0888       0b00000000010100    20190610T155543083518
 7       1931       250        2.8245    1.2403   2.2774    30.0888     0b1101010101110101    20190610T155543126349
 8        758       250        2.8455    0.2848   9.9901    30.0888       0b00010001010100    20190610T155543169173
 9       1951       250        2.8598    1.2525   2.2833    30.0888     0b1111010111110111    20190610T155543212009
10        756       250        2.8538    0.2860   9.9781    30.0888       0b00000000010100    20190610T155543254946
11       1951       250        2.8458    1.2529   2.2713    30.0888     0b1111010111110111    20190610T155543297874
12        761       250        2.8678    0.2870   9.9922    30.0888      0b100010101010100    20190610T155543340642
13       1934       250        2.8425    1.2464   2.2805    30.0888     0b1101010111110101    20190610T155543383571
14        758       250        2.8470    0.2859   9.9574    30.0888       0b00010001010100    20190610T155543426420
15       1925       250        2.8634    1.2377   2.3136    30.0888      0b101010101010101    20190610T155543469291
