CH# Vset[DAC]   V[V]    dVRMS[mV] dVpp[mV]    I[A]  dIRMS[mA] dIpp[mA]   R[ohm]   T[C]   State                Timestamp
 0     250     2.8218      0.4       0.8    -0.0006      0.4    0.8    -666.000   25.2   0b1111111111111111    20190531T151743250808
 1     250     2.8335      0.0       0.0     0.0004      0.4    0.8    6800.400   25.2   0b1111111111111111    20190531T151743251229
 2     250     2.8388      0.0       0.0     0.0014      0.4    0.8    2003.824   25.2   0b1111111111111111    20190531T151743251601
 3     250     2.8499      0.3       0.8    -0.0005      0.4    0.8    -666.000   25.2   0b1111111111111111    20190531T151743251928
 4     250     2.8167      0.4       0.8    -0.0001      0.4    1.7    -666.000   25.2   0b1111111111111111    20190531T151743252222
 5     250     2.8207      0.0       0.0    -0.0010      0.3    0.8    -666.000   25.2   0b1111111111111111    20190531T151743252564
 6     250     2.8385      0.3       0.8    -0.0005      0.4    0.8    -666.000   25.2   0b1111111111111111    20190531T151743252876
 7     250     2.8186      0.2       0.8    -0.0003      0.4    0.8    -666.000   25.2   0b1111111111111111    20190531T151743253161
 8     250     2.8553      0.0       0.0     0.0021      0.4    0.8    1370.520   25.2   0b1111111111111111    20190531T151743253444
 9     250     2.8685      0.3       0.8    -0.0006      0.5    1.7    -666.000   25.2   0b1111111111111111    20190531T151743253776
10     250     2.8440      0.0       0.0     0.0013      0.4    0.8    2133.000   25.2   0b1111111111111111    20190531T151743254061
11     250     2.8478      0.0       0.0     0.0012      0.4    0.8    2440.929   25.2   0b1111111111111111    20190531T151743254344
12     250     2.8388      0.0       0.0    -0.0004      0.4    0.8    -666.000   25.2   0b1111111111111111    20190531T151743254682
13     250     2.8500      0.0       0.0    -0.0003      0.6    1.7    -666.000   25.2   0b1111111111111111    20190531T151743254968
14     250     2.8699      0.4       0.8     0.0004      0.4    0.8    6887.700   25.2   0b1111111111111111    20190531T151743255250
15     250     2.8732      0.0       0.0     0.0004      0.4    0.8    6895.800   25.2   0b1111111111111111    20190531T151743255567
 0     240     2.7742      0.0       0.0    -0.0003      0.4    0.8    -666.000   25.2   0b1111111111111111    20190531T151746712817
 1     240     2.7855      0.0       0.0     0.0003      0.4    0.8    8356.500   25.2   0b1111111111111111    20190531T151746713212
 2     240     2.7907      0.0       0.0     0.0012      0.4    0.8    2392.071   25.2   0b1111111111111111    20190531T151746713556
 3     240     2.8014      0.3       0.7    -0.0004      0.4    0.8    -666.000   25.2   0b1111111111111111    20190531T151746713859
 4     240     2.7688      0.3       0.7     0.0000      0.4    1.7    -666.000   25.2   0b1111111111111111    20190531T151746714148
 5     240     2.7727      0.0       0.0    -0.0009      0.3    0.8    -666.000   25.2   0b1111111111111111    20190531T151746714457
 6     240     2.7901      0.3       0.8    -0.0006      0.4    0.8    -666.000   25.2   0b1111111111111111    20190531T151746714743
 7     240     2.7713      0.0       0.0    -0.0005      0.4    0.8    -666.000   25.2   0b1111111111111111    20190531T151746715025
 8     240     2.8065      0.0       0.0     0.0024      0.4    1.7    1161.310   25.2   0b1111111111111111    20190531T151746715307
 9     240     2.8193      0.0       0.0     0.0000      0.0    0.0    -666.000   25.2   0b1111111111111111    20190531T151746715607
10     240     2.7960      0.0       0.0     0.0015      0.3    0.8    1864.000   25.2   0b1111111111111111    20190531T151746715936
11     240     2.7991      0.2       0.7     0.0013      0.4    0.8    2239.260   25.2   0b1111111111111111    20190531T151746716223
12     240     2.7900      0.0       0.0    -0.0006      0.4    0.8    -666.000   25.2   0b1111111111111111    20190531T151746716531
13     240     2.8013      0.0       0.0    -0.0002      0.4    0.8    -666.000   25.2   0b1111111111111111    20190531T151746716813
14     240     2.8207      0.0       0.0     0.0007      0.2    0.8    3761.000   25.2   0b1111111111111111    20190531T151746717113
15     240     2.8245      0.0       0.0     0.0005      0.4    0.8    5649.000   25.2   0b1111111111111111    20190531T151746717423
 0     230     2.7276      0.3       0.7    -0.0007      0.3    0.8    -666.000   25.2   0b1111111111111111    20190531T151750170785
 1     230     2.7390      0.0       0.0     0.0002      0.4    0.8   10956.000   25.2   0b1111111111111111    20190531T151750171368
 2     230     2.7443      0.0       0.0     0.0012      0.4    0.8    2352.214   25.2   0b1111111111111111    20190531T151750171947
 3     230     2.7548      0.0       0.0    -0.0004      0.4    0.8    -666.000   25.2   0b1111111111111111    20190531T151750172315
 4     230     2.7224      0.2       0.8    -0.0001      0.2    0.8    -666.000   25.2   0b1111111111111111    20190531T151750172639
 5     230     2.7268      0.3       0.7    -0.0008      0.0    0.0    -666.000   25.2   0b1111111111111111    20190531T151750172931
 6     230     2.7435      0.0       0.0    -0.0004      0.4    0.8    -666.000   25.2   0b1111111111111111    20190531T151750173218
 7     230     2.7247      0.0       0.0    -0.0002      0.4    0.8    -666.000   25.2   0b1111111111111111    20190531T151750173568
 8     230     2.7593      0.0       0.0     0.0022      0.4    0.8    1273.500   25.2   0b1111111111111111    20190531T151750173873
 9     230     2.7720      0.0       0.0    -0.0001      0.2    0.8    -666.000   25.2   0b1111111111111111    20190531T151750174158
10     230     2.7487      0.2       0.7     0.0014      0.4    0.8    1940.241   25.2   0b1111111111111111    20190531T151750174467
11     230     2.7519      0.3       0.8     0.0009      0.3    0.8    3002.073   25.2   0b1111111111111111    20190531T151750174754
12     230     2.7428      0.0       0.0    -0.0006      0.4    0.8    -666.000   25.2   0b1111111111111111    20190531T151750175034
13     230     2.7539      0.2       0.8    -0.0006      0.4    0.8    -666.000   25.2   0b1111111111111111    20190531T151750175314
14     230     2.7727      0.0       0.0     0.0004      0.4    0.8    6654.600   25.2   0b1111111111111111    20190531T151750175615
15     230     2.7768      0.4       0.8     0.0006      0.4    0.8    4760.229   25.2   0b1111111111111111    20190531T151750176084
 0     220     2.6798      0.2       0.7    -0.0009      0.3    0.8    -666.000   25.2   0b1111111111111111    20190531T151753628473
 1     220     2.6923      0.3       0.8     0.0001      0.2    0.8   32308.200   25.2   0b1111111111111111    20190531T151753628874
 2     220     2.6962      0.0       0.0     0.0012      0.4    0.8    2311.071   25.2   0b1111111111111111    20190531T151753629190
 3     220     2.7060      0.0       0.0    -0.0007      0.3    0.8    -666.000   25.2   0b1111111111111111    20190531T151753629539
 4     220     2.6745      0.0       0.0    -0.0001      0.2    0.8    -666.000   25.2   0b1111111111111111    20190531T151753629835
 5     220     2.6790      0.0       0.0    -0.0008      0.0    0.0    -666.000   25.2   0b1111111111111111    20190531T151753630121
 6     220     2.6953      0.3       0.8    -0.0007      0.3    0.8    -666.000   25.2   0b1111111111111111    20190531T151753630459
 7     220     2.6767      0.0       0.0    -0.0005      0.4    0.8    -666.000   25.2   0b1111111111111111    20190531T151753630749
 8     220     2.7105      0.0       0.0     0.0020      0.4    0.8    1355.250   25.2   0b1111111111111111    20190531T151753631032
 9     220     2.7233      0.0       0.0    -0.0004      0.4    0.8    -666.000   25.2   0b1111111111111111    20190531T151753631367
10     220     2.7000      0.0       0.0     0.0013      0.4    0.8    2160.000   25.2   0b1111111111111111    20190531T151753631655
11     220     2.7030      0.0       0.0     0.0008      0.0    0.0    3243.600   25.2   0b1111111111111111    20190531T151753631938
12     220     2.6932      0.0       0.0    -0.0008      0.4    1.7    -666.000   25.2   0b1111111111111111    20190531T151753632217
13     220     2.7045      0.0       0.0    -0.0006      0.4    0.8    -666.000   25.2   0b1111111111111111    20190531T151753632559
14     220     2.7225      0.0       0.0     0.0004      0.4    0.8    6534.000   25.2   0b1111111111111111    20190531T151753632842
15     220     2.7271      0.3       0.7     0.0004      0.4    0.8    6545.160   25.2   0b1111111111111111    20190531T151753633121
 0     210     2.6318      0.0       0.0    -0.0008      0.0    0.0    -666.000   25.2   0b1111111111111111    20190531T151757094239
 1     210     2.6438      0.0       0.0     0.0001      0.2    0.8   31725.000   25.2   0b1111111111111111    20190531T151757094720
 2     210     2.6478      0.4       0.8     0.0013      0.4    0.8    2118.240   25.2   0b1111111111111111    20190531T151757095126
 3     210     2.6580      0.0       0.0    -0.0007      0.2    0.8    -666.000   25.2   0b1111111111111111    20190531T151757095516
 4     210     2.6263      0.3       0.8    -0.0002      0.3    0.8    -666.000   25.2   0b1111111111111111    20190531T151757095890
 5     210     2.6309      0.2       0.7    -0.0010      0.3    0.8    -666.000   25.2   0b1111111111111111    20190531T151757096188
 6     210     2.6468      0.0       0.0    -0.0006      0.4    0.8    -666.000   25.2   0b1111111111111111    20190531T151757096586
 7     210     2.6288      0.0       0.0    -0.0005      0.4    0.8    -666.000   25.2   0b1111111111111111    20190531T151757096929
 8     210     2.6610      0.0       0.0     0.0020      0.4    0.8    1330.500   25.2   0b1111111111111111    20190531T151757097237
 9     210     2.6737      0.0       0.0    -0.0006      0.4    0.8    -666.000   25.2   0b1111111111111111    20190531T151757097566
10     210     2.6513      0.0       0.0     0.0012      0.4    0.8    2272.500   25.2   0b1111111111111111    20190531T151757097710
11     210     2.6542      0.2       0.8     0.0008      0.0    0.0    3185.010   25.2   0b1111111111111111    20190531T151757097849
12     210     2.6445      0.0       0.0    -0.0008      0.0    0.0    -666.000   25.2   0b1111111111111111    20190531T151757097986
13     210     2.6558      0.0       0.0    -0.0007      0.2    0.8    -666.000   25.2   0b1111111111111111    20190531T151757098148
14     210     2.6730      0.0       0.0     0.0004      0.4    0.8    6415.200   25.2   0b1111111111111111    20190531T151757098289
15     210     2.6776      0.2       0.7     0.0004      0.4    0.8    6426.180   25.2   0b1111111111111111    20190531T151757098461
 0     200     2.5836      0.3       0.8    -0.0009      0.3    0.8    -666.000   25.2   0b1111111111111111    20190531T151800553391
 1     200     2.5957      0.0       0.0     0.0000      0.0    0.0    -666.000   25.2   0b1111111111111111    20190531T151800553823
 2     200     2.5994      0.2       0.8     0.0011      0.4    0.8    2399.469   25.2   0b1111111111111111    20190531T151800554139
 3     200     2.6090      0.3       0.8    -0.0008      0.0    0.0    -666.000   25.2   0b1111111111111111    20190531T151800554434
 4     200     2.5777      0.0       0.0    -0.0001      0.2    0.8    -666.000   25.2   0b1111111111111111    20190531T151800554746
 5     200     2.5822      0.0       0.0    -0.0009      0.3    0.8    -666.000   25.2   0b1111111111111111    20190531T151800555032
 6     200     2.5980      0.0       0.0    -0.0008      0.0    0.0    -666.000   25.2   0b1111111111111111    20190531T151800555315
 7     200     2.5808      0.0       0.0    -0.0007      0.3    0.8    -666.000   25.2   0b1111111111111111    20190531T151800555619
 8     200     2.6118      0.4       0.7     0.0018      0.3    0.8    1424.618   25.2   0b1111111111111111    20190531T151800555904
 9     200     2.6242      0.0       0.0    -0.0008      0.0    0.0    -666.000   25.2   0b1111111111111111    20190531T151800556185
10     200     2.6020      0.3       0.8     0.0010      0.3    0.8    2601.975   25.2   0b1111111111111111    20190531T151800556465
11     200     2.6047      0.0       0.0     0.0008      0.0    0.0    3125.700   25.2   0b1111111111111111    20190531T151800556765
12     200     2.5950      0.0       0.0    -0.0008      0.0    0.0    -666.000   25.2   0b1111111111111111    20190531T151800557055
13     200     2.6062      0.0       0.0    -0.0008      0.0    0.0    -666.000   25.2   0b1111111111111111    20190531T151800557336
14     200     2.6231      0.4       0.8     0.0002      0.3    0.8   15738.750   25.2   0b1111111111111111    20190531T151800557650
15     200     2.6280      0.0       0.0     0.0002      0.4    0.8   10512.000   25.2   0b1111111111111111    20190531T151800557805
 0     190     2.5372      0.0       0.0    -0.0008      0.0    0.0    -666.000   25.2   0b1111111111111111    20190531T151804012743
 1     190     2.5493      0.0       0.0     0.0000      0.0    0.0    -666.000   25.2   0b1111111111111111    20190531T151804013147
 2     190     2.5523      0.0       0.0     0.0011      0.4    0.8    2355.923   25.2   0b1111111111111111    20190531T151804013548
 3     190     2.5628      0.0       0.0    -0.0008      0.0    0.0    -666.000   25.2   0b1111111111111111    20190531T151804013860
 4     190     2.5319      0.2       0.8    -0.0002      0.4    0.8    -666.000   25.2   0b1111111111111111    20190531T151804014154
 5     190     2.5358      0.0       0.0    -0.0011      0.4    0.8    -666.000   25.2   0b1111111111111111    20190531T151804014501
 6     190     2.5515      0.0       0.0    -0.0008      0.0    0.0    -666.000   25.2   0b1111111111111111    20190531T151804014795
 7     190     2.5342      0.2       0.8    -0.0007      0.2    0.8    -666.000   25.2   0b1111111111111111    20190531T151804015080
 8     190     2.5650      0.0       0.0     0.0018      0.2    0.8    1465.714   25.2   0b1111111111111111    20190531T151804015364
 9     190     2.5770      0.0       0.0    -0.0007      0.2    0.8    -666.000   25.2   0b1111111111111111    20190531T151804015699
10     190     2.5548      0.4       0.8     0.0010      0.3    0.8    2554.800   25.2   0b1111111111111111    20190531T151804016038
11     190     2.5583      0.0       0.0     0.0007      0.2    0.8    3411.000   25.2   0b1111111111111111    20190531T151804016335
12     190     2.5478      0.0       0.0    -0.0008      0.0    0.0    -666.000   25.2   0b1111111111111111    20190531T151804016671
13     190     2.5589      0.3       0.7    -0.0009      0.3    0.8    -666.000   25.2   0b1111111111111111    20190531T151804016957
14     190     2.5748      0.0       0.0     0.0002      0.4    0.8   10299.000   25.2   0b1111111111111111    20190531T151804017238
15     190     2.5806      0.3       0.8     0.0000      0.0    0.0    -666.000   25.2   0b1111111111111111    20190531T151804017577
 0     180     2.4892      0.0       0.0    -0.0009      0.3    0.8    -666.000   25.2   0b1111111111111111    20190531T151807461433
 1     180     2.5008      0.4       0.8    -0.0001      0.2    0.8    -666.000   25.2   0b1111111111111111    20190531T151807461857
 2     180     2.5042      0.0       0.0     0.0008      0.0    0.0    3005.100   25.2   0b1111111111111111    20190531T151807462179
 3     180     2.5140      0.0       0.0    -0.0008      0.0    0.0    -666.000   25.2   0b1111111111111111    20190531T151807462502
 4     180     2.4832      0.0       0.0    -0.0004      0.4    0.8    -666.000   25.2   0b1111111111111111    20190531T151807462795
 5     180     2.4877      0.0       0.0    -0.0013      0.4    0.8    -666.000   25.2   0b1111111111111111    20190531T151807463084
 6     180     2.5035      0.0       0.0    -0.0008      0.0    0.0    -666.000   25.2   0b1111111111111111    20190531T151807463391
 7     180     2.4862      0.0       0.0    -0.0007      0.3    0.8    -666.000   25.2   0b1111111111111111    20190531T151807463678
 8     180     2.5156      0.2       0.7     0.0018      0.2    0.8    1437.471   25.2   0b1111111111111111    20190531T151807463966
 9     180     2.5275      0.0       0.0    -0.0008      0.0    0.0    -666.000   25.2   0b1111111111111111    20190531T151807464251
10     180     2.5065      0.0       0.0     0.0008      0.0    0.0    3007.800   25.2   0b1111111111111111    20190531T151807464554
11     180     2.5095      0.0       0.0     0.0006      0.4    0.8    4302.000   25.2   0b1111111111111111    20190531T151807464849
12     180     2.4990      0.0       0.0    -0.0009      0.3    0.8    -666.000   25.2   0b1111111111111111    20190531T151807465130
13     180     2.5095      0.0       0.0    -0.0008      0.0    0.0    -666.000   25.2   0b1111111111111111    20190531T151807465435
14     180     2.5253      0.0       0.0     0.0001      0.2    0.8   30303.000   25.2   0b1111111111111111    20190531T151807465718
15     180     2.5312      0.0       0.0     0.0000      0.0    0.0    -666.000   25.2   0b1111111111111111    20190531T151807465998
 0     170     2.4412      0.0       0.0    -0.0010      0.3    0.8    -666.000   25.2   0b1111111111111111    20190531T151810911270
 1     170     2.4530      0.4       0.7    -0.0001      0.2    0.8    -666.000   25.2   0b1111111111111111    20190531T151810911721
 2     170     2.4556      0.2       0.8     0.0009      0.3    0.8    2678.809   25.2   0b1111111111111111    20190531T151810912030
 3     170     2.4660      0.0       0.0    -0.0009      0.3    0.8    -666.000   25.2   0b1111111111111111    20190531T151810912324
 4     170     2.4356      0.4       0.8    -0.0003      0.4    0.8    -666.000   25.2   0b1111111111111111    20190531T151810912661
 5     170     2.4402      0.4       0.8    -0.0012      0.4    0.8    -666.000   25.2   0b1111111111111111    20190531T151810912950
 6     170     2.4548      0.0       0.0    -0.0011      0.4    0.8    -666.000   25.2   0b1111111111111111    20190531T151810913233
 7     170     2.4383      0.0       0.0    -0.0008      0.0    0.0    -666.000   25.2   0b1111111111111111    20190531T151810913567
 8     170     2.4668      0.0       0.0     0.0018      0.2    0.8    1409.571   25.2   0b1111111111111111    20190531T151810913900
 9     170     2.4787      0.0       0.0    -0.0008      0.0    0.0    -666.000   25.2   0b1111111111111111    20190531T151810914191
10     170     2.4578      0.0       0.0     0.0008      0.0    0.0    2949.300   25.2   0b1111111111111111    20190531T151810914540
11     170     2.4608      0.0       0.0     0.0005      0.4    0.8    4921.500   25.2   0b1111111111111111    20190531T151810914830
12     170     2.4503      0.0       0.0    -0.0012      0.4    0.8    -666.000   25.2   0b1111111111111111    20190531T151810915111
13     170     2.4608      0.0       0.0    -0.0011      0.4    0.8    -666.000   25.2   0b1111111111111111    20190531T151810915414
14     170     2.4758      0.0       0.0    -0.0001      0.2    0.8    -666.000   25.2   0b1111111111111111    20190531T151810915723
15     170     2.4818      0.0       0.0     0.0000      0.0    0.0    -666.000   25.2   0b1111111111111111    20190531T151810916003
 0     160     2.3932      0.2       0.8    -0.0010      0.3    0.8    -666.000   25.2   0b1111111111111111    20190531T151814354017
 1     160     2.4046      0.2       0.8    -0.0002      0.4    0.8    -666.000   25.2   0b1111111111111111    20190531T151814354480
 2     160     2.4075      0.0       0.0     0.0008      0.0    0.0    2889.000   25.2   0b1111111111111111    20190531T151814354833
 3     160     2.4172      0.0       0.0    -0.0008      0.0    0.0    -666.000   25.2   0b1111111111111111    20190531T151814355133
 4     160     2.3878      0.3       0.7    -0.0007      0.2    0.8    -666.000   25.2   0b1111111111111111    20190531T151814355481
 5     160     2.3918      0.0       0.0    -0.0016      0.3    0.8    -666.000   25.2   0b1111111111111111    20190531T151814355779
 6     160     2.4060      0.0       0.0    -0.0009      0.3    0.8    -666.000   25.2   0b1111111111111111    20190531T151814356066
 7     160     2.3903      0.0       0.0    -0.0008      0.0    0.0    -666.000   25.2   0b1111111111111111    20190531T151814356349
 8     160     2.4180      0.0       0.0     0.0017      0.0    0.0    1450.800   25.2   0b1111111111111111    20190531T151814356744
 9     160     2.4293      0.0       0.0    -0.0008      0.0    0.0    -666.000   25.2   0b1111111111111111    20190531T151814357034
10     160     2.4090      0.0       0.0     0.0008      0.0    0.0    2890.800   25.2   0b1111111111111111    20190531T151814357328
11     160     2.4120      0.0       0.0     0.0005      0.4    0.8    4824.000   25.2   0b1111111111111111    20190531T151814357609
12     160     2.4013      0.3       0.8    -0.0012      0.4    0.8    -666.000   25.2   0b1111111111111111    20190531T151814357748
13     160     2.4112      0.0       0.0    -0.0014      0.4    0.8    -666.000   25.2   0b1111111111111111    20190531T151814357885
14     160     2.4263      0.0       0.0     0.0000      0.0    0.0    -666.000   25.2   0b1111111111111111    20190531T151814358020
15     160     2.4322      0.0       0.0     0.0000      0.0    0.0    -666.000   25.2   0b1111111111111111    20190531T151814358156
 0     150     2.3483      0.2       0.8    -0.0009      0.3    0.8    -666.000   25.2   0b1111111111111111    20190531T151817790928
 1     150     2.3590      0.3       0.8    -0.0002      0.3    0.8    -666.000   25.2   0b1111111111111111    20190531T151817791342
 2     150     2.3617      0.2       0.8     0.0008      0.0    0.0    2834.010   25.2   0b1111111111111111    20190531T151817791723
 3     150     2.3715      0.0       0.0    -0.0011      0.4    0.8    -666.000   25.2   0b1111111111111111    20190531T151817792052
 4     150     2.3413      0.3       0.8    -0.0008      0.0    0.0    -666.000   25.2   0b1111111111111111    20190531T151817792345
 5     150     2.3462      0.3       0.8    -0.0015      0.3    0.8    -666.000   25.2   0b1111111111111111    20190531T151817792632
 6     150     2.3603      0.0       0.0    -0.0009      0.3    0.8    -666.000   25.2   0b1111111111111111    20190531T151817793004
 7     150     2.3441      0.4       0.8    -0.0008      0.0    0.0    -666.000   25.2   0b1111111111111111    20190531T151817793357
 8     150     2.3715      0.0       0.0     0.0016      0.3    0.8    1497.789   25.2   0b1111111111111111    20190531T151817793740
 9     150     2.3828      0.0       0.0    -0.0009      0.3    0.8    -666.000   25.2   0b1111111111111111    20190531T151817794142
10     150     2.3625      0.0       0.0     0.0008      0.0    0.0    2835.000   25.2   0b1111111111111111    20190531T151817794501
11     150     2.3655      0.0       0.0     0.0003      0.4    0.8    7096.500   25.2   0b1111111111111111    20190531T151817794869
12     150     2.3543      0.2       0.8    -0.0014      0.4    0.8    -666.000   25.2   0b1111111111111111    20190531T151817795158
13     150     2.3641      0.2       0.8    -0.0012      0.4    0.8    -666.000   25.2   0b1111111111111111    20190531T151817795440
14     150     2.3797      0.2       0.7     0.0000      0.0    0.0    -666.000   25.2   0b1111111111111111    20190531T151817795774
15     150     2.3843      0.0       0.0    -0.0002      0.3    0.8    -666.000   25.2   0b1111111111111111    20190531T151817796306
 0     140     2.3010      0.0       0.0    -0.0010      0.3    0.8    -666.000   25.2   0b1111111111111111    20190531T151821236511
 1     140     2.3115      0.0       0.0    -0.0003      0.4    0.8    -666.000   25.2   0b1111111111111111    20190531T151821236969
 2     140     2.3137      0.0       0.0     0.0007      0.2    0.8    3085.000   25.2   0b1111111111111111    20190531T151821237287
 3     140     2.3235      0.0       0.0    -0.0012      0.4    0.8    -666.000   25.2   0b1111111111111111    20190531T151821237583
 4     140     2.2935      0.0       0.0    -0.0008      0.0    0.0    -666.000   25.2   0b1111111111111111    20190531T151821237859
 5     140     2.2987      0.0       0.0    -0.0017      0.0    0.0    -666.000   25.2   0b1111111111111111    20190531T151821238001
 6     140     2.3122      0.0       0.0    -0.0012      0.4    0.8    -666.000   25.2   0b1111111111111111    20190531T151821238140
 7     140     2.2965      0.0       0.0    -0.0008      0.0    0.0    -666.000   25.2   0b1111111111111111    20190531T151821238278
 8     140     2.3227      0.0       0.0     0.0016      0.3    0.8    1467.000   25.2   0b1111111111111111    20190531T151821238423
 9     140     2.3340      0.0       0.0    -0.0013      0.4    0.8    -666.000   25.2   0b1111111111111111    20190531T151821238561
10     140     2.3137      0.0       0.0     0.0008      0.0    0.0    2776.500   25.2   0b1111111111111111    20190531T151821238725
11     140     2.3168      0.2       0.8     0.0002      0.4    0.8    9267.300   25.2   0b1111111111111111    20190531T151821238864
12     140     2.3062      0.0       0.0    -0.0016      0.3    0.8    -666.000   25.2   0b1111111111111111    20190531T151821239000
13     140     2.3152      0.0       0.0    -0.0015      0.3    0.8    -666.000   25.2   0b1111111111111111    20190531T151821239147
14     140     2.3302      0.0       0.0    -0.0001      0.2    0.8    -666.000   25.2   0b1111111111111111    20190531T151821239301
15     140     2.3355      0.0       0.0     0.0000      0.0    0.0    -666.000   25.2   0b1111111111111111    20190531T151821239437
 0     130     2.2530      0.0       0.0    -0.0015      0.3    0.8    -666.000   25.2   0b1111111111111111    20190531T151824678508
 1     130     2.2640      0.3       0.8    -0.0007      0.2    0.8    -666.000   25.2   0b1111111111111111    20190531T151824678929
 2     130     2.2658      0.0       0.0     0.0007      0.2    0.8    3021.000   25.2   0b1111111111111111    20190531T151824679243
 3     130     2.2755      0.0       0.0    -0.0015      0.3    0.8    -666.000   25.2   0b1111111111111111    20190531T151824679597
 4     130     2.2462      0.0       0.0    -0.0008      0.0    0.0    -666.000   25.2   0b1111111111111111    20190531T151824679893
 5     130     2.2508      0.0       0.0    -0.0017      0.0    0.0    -666.000   25.2   0b1111111111111111    20190531T151824680180
 6     130     2.2643      0.0       0.0    -0.0013      0.4    0.8    -666.000   25.2   0b1111111111111111    20190531T151824680520
 7     130     2.2492      0.0       0.0    -0.0009      0.3    0.8    -666.000   25.2   0b1111111111111111    20190531T151824680807
 8     130     2.2746      0.3       0.8     0.0016      0.3    0.8    1436.589   25.2   0b1111111111111111    20190531T151824681108
 9     130     2.2851      0.3       0.8    -0.0014      0.4    0.8    -666.000   25.2   0b1111111111111111    20190531T151824681491
10     130     2.2658      0.0       0.0     0.0008      0.0    0.0    2718.900   25.2   0b1111111111111111    20190531T151824681784
11     130     2.2688      0.0       0.0     0.0000      0.0    0.0    -666.000   25.2   0b1111111111111111    20190531T151824682066
12     130     2.2575      0.0       0.0    -0.0017      0.0    0.0    -666.000   25.2   0b1111111111111111    20190531T151824682344
13     130     2.2670      0.3       0.8    -0.0015      0.3    0.8    -666.000   25.2   0b1111111111111111    20190531T151824682678
14     130     2.2815      0.0       0.0     0.0000      0.0    0.0    -666.000   25.2   0b1111111111111111    20190531T151824682959
15     130     2.2868      0.0       0.0     0.0000      0.0    0.0    -666.000   25.2   0b1111111111111111    20190531T151824683236
 0     120     2.2065      0.0       0.0    -0.0013      0.4    0.8    -666.000   25.1   0b1111111111111111    20190531T151828130780
 1     120     2.2162      0.2       0.8    -0.0007      0.3    0.8    -666.000   25.1   0b1111111111111111    20190531T151828131201
 2     120     2.2180      0.4       0.8     0.0007      0.2    0.8    2957.400   25.1   0b1111111111111111    20190531T151828131602
 3     120     2.2275      0.0       0.0    -0.0014      0.4    0.8    -666.000   25.1   0b1111111111111111    20190531T151828131910
 4     120     2.1990      0.0       0.0    -0.0009      0.3    0.8    -666.000   25.1   0b1111111111111111    20190531T151828132203
 5     120     2.2035      0.0       0.0    -0.0017      0.2    0.8    -666.000   25.1   0b1111111111111111    20190531T151828132550
 6     120     2.2155      0.0       0.0    -0.0014      0.4    0.8    -666.000   25.1   0b1111111111111111    20190531T151828132839
 7     120     2.2013      0.0       0.0    -0.0013      0.4    0.8    -666.000   25.1   0b1111111111111111    20190531T151828133132
 8     120     2.2252      0.0       0.0     0.0016      0.3    0.8    1405.421   25.1   0b1111111111111111    20190531T151828133464
 9     120     2.2357      0.0       0.0    -0.0015      0.3    0.8    -666.000   25.1   0b1111111111111111    20190531T151828133756
10     120     2.2177      0.0       0.0     0.0007      0.2    0.8    2957.000   25.1   0b1111111111111111    20190531T151828134092
11     120     2.2204      0.4       0.7     0.0000      0.0    0.0    -666.000   25.1   0b1111111111111111    20190531T151828134382
12     120     2.2095      0.0       0.0    -0.0017      0.0    0.0    -666.000   25.1   0b1111111111111111    20190531T151828134729
13     120     2.2184      0.2       0.8    -0.0016      0.3    0.8    -666.000   25.1   0b1111111111111111    20190531T151828135011
14     120     2.2326      0.3       0.8    -0.0001      0.2    0.8    -666.000   25.1   0b1111111111111111    20190531T151828135291
15     120     2.2372      0.0       0.0    -0.0003      0.4    0.8    -666.000   25.1   0b1111111111111111    20190531T151828135616
 0     110     2.1600      0.0       0.0    -0.0016      0.3    0.8    -666.000   25.2   0b1111111111111111    20190531T151831587329
 1     110     2.1698      0.0       0.0    -0.0007      0.3    0.8    -666.000   25.2   0b1111111111111111    20190531T151831587823
 2     110     2.1720      0.0       0.0     0.0007      0.3    0.8    3258.000   25.2   0b1111111111111111    20190531T151831588142
 3     110     2.1818      0.0       0.0    -0.0017      0.0    0.0    -666.000   25.2   0b1111111111111111    20190531T151831588497
 4     110     2.1518      0.0       0.0    -0.0009      0.3    0.8    -666.000   25.2   0b1111111111111111    20190531T151831588795
 5     110     2.1577      0.2       0.8    -0.0017      0.0    0.0    -666.000   25.2   0b1111111111111111    20190531T151831589081
 6     110     2.1692      0.3       0.7    -0.0015      0.3    0.8    -666.000   25.2   0b1111111111111111    20190531T151831589366
 7     110     2.1547      0.2       0.8    -0.0013      0.4    0.8    -666.000   25.2   0b1111111111111111    20190531T151831589702
 8     110     2.1780      0.0       0.0     0.0013      0.4    0.8    1633.500   25.2   0b1111111111111111    20190531T151831590172
 9     110     2.1893      0.0       0.0    -0.0017      0.0    0.0    -666.000   25.2   0b1111111111111111    20190531T151831590694
10     110     2.1713      0.0       0.0     0.0006      0.4    0.8    3722.143   25.2   0b1111111111111111    20190531T151831591188
11     110     2.1735      0.0       0.0     0.0000      0.0    0.0    -666.000   25.2   0b1111111111111111    20190531T151831591689
12     110     2.1630      0.0       0.0    -0.0017      0.0    0.0    -666.000   25.2   0b1111111111111111    20190531T151831592129
13     110     2.1713      0.0       0.0    -0.0017      0.0    0.0    -666.000   25.2   0b1111111111111111    20190531T151831592686
14     110     2.1855      0.0       0.0    -0.0002      0.3    0.8    -666.000   25.2   0b1111111111111111    20190531T151831593144
15     110     2.1908      0.0       0.0    -0.0003      0.4    0.8    -666.000   25.2   0b1111111111111111    20190531T151831593676
 0     100     2.1120      0.0       0.0    -0.0017      0.0    0.0    -666.000   25.1   0b1111111111111111    20190531T151835036698
 1     100     2.1217      0.0       0.0    -0.0008      0.0    0.0    -666.000   25.1   0b1111111111111111    20190531T151835037099
 2     100     2.1232      0.0       0.0     0.0008      0.0    0.0    2547.900   25.1   0b1111111111111111    20190531T151835037446
 3     100     2.1330      0.0       0.0    -0.0017      0.0    0.0    -666.000   25.1   0b1111111111111111    20190531T151835037750
 4     100     2.1023      0.0       0.0    -0.0012      0.4    0.8    -666.000   25.1   0b1111111111111111    20190531T151835038042
 5     100     2.1082      0.0       0.0    -0.0020      0.4    0.8    -666.000   25.1   0b1111111111111111    20190531T151835038330
 6     100     2.1200      0.3       0.8    -0.0015      0.3    0.8    -666.000   25.1   0b1111111111111111    20190531T151835038650
 7     100     2.1053      0.0       0.0    -0.0014      0.4    0.8    -666.000   25.1   0b1111111111111111    20190531T151835038933
 8     100     2.1286      0.2       0.8     0.0010      0.3    0.8    2128.575   25.1   0b1111111111111111    20190531T151835039217
 9     100     2.1397      0.0       0.0    -0.0017      0.0    0.0    -666.000   25.1   0b1111111111111111    20190531T151835039522
10     100     2.1217      0.0       0.0     0.0004      0.4    0.8    5092.200   25.1   0b1111111111111111    20190531T151835039842
11     100     2.1244      0.4       0.8     0.0000      0.0    0.0    -666.000   25.1   0b1111111111111111    20190531T151835040126
12     100     2.1142      0.0       0.0    -0.0017      0.0    0.0    -666.000   25.1   0b1111111111111111    20190531T151835040429
13     100     2.1217      0.0       0.0    -0.0017      0.0    0.0    -666.000   25.1   0b1111111111111111    20190531T151835040712
14     100     2.1359      0.2       0.8    -0.0002      0.4    0.8    -666.000   25.1   0b1111111111111111    20190531T151835040992
15     100     2.1412      0.0       0.0    -0.0007      0.3    0.8    -666.000   25.1   0b1111111111111111    20190531T151835041270
 0      90     2.0640      0.0       0.0    -0.0016      0.3    0.8    -666.000   25.1   0b1111111111111111    20190531T151838485613
 1      90     2.0731      0.2       0.8    -0.0008      0.0    0.0    -666.000   25.1   0b1111111111111111    20190531T151838486074
 2      90     2.0745      0.0       0.0     0.0003      0.4    0.8    6223.500   25.1   0b1111111111111111    20190531T151838486391
 3      90     2.0843      0.0       0.0    -0.0017      0.0    0.0    -666.000   25.1   0b1111111111111111    20190531T151838486716
 4      90     2.0530      0.4       0.8    -0.0013      0.4    0.8    -666.000   25.1   0b1111111111111111    20190531T151838487013
 5      90     2.0587      0.2       0.7    -0.0019      0.4    0.8    -666.000   25.1   0b1111111111111111    20190531T151838487300
 6      90     2.0713      0.3       0.8    -0.0017      0.0    0.0    -666.000   25.1   0b1111111111111111    20190531T151838487584
 7      90     2.0550      0.0       0.0    -0.0016      0.3    0.8    -666.000   25.1   0b1111111111111111    20190531T151838487852
 8      90     2.0789      0.2       0.8     0.0012      0.4    0.8    1781.936   25.1   0b1111111111111111    20190531T151838487992
 9      90     2.0895      0.0       0.0    -0.0017      0.0    0.0    -666.000   25.1   0b1111111111111111    20190531T151838488131
10      90     2.0722      0.0       0.0     0.0001      0.2    0.8   24867.000   25.1   0b1111111111111111    20190531T151838488268
11      90     2.0737      0.0       0.0     0.0000      0.0    0.0    -666.000   25.1   0b1111111111111111    20190531T151838488435
12      90     2.0648      0.0       0.0    -0.0017      0.2    0.8    -666.000   25.1   0b1111111111111111    20190531T151838488581
13      90     2.0722      0.0       0.0    -0.0017      0.0    0.0    -666.000   25.1   0b1111111111111111    20190531T151838488728
14      90     2.0858      0.0       0.0    -0.0006      0.4    0.8    -666.000   25.1   0b1111111111111111    20190531T151838488865
15      90     2.0903      0.0       0.0    -0.0008      0.0    0.0    -666.000   25.1   0b1111111111111111    20190531T151838489001
 0      80     2.0131      0.2       0.8    -0.0017      0.0    0.0    -666.000   25.1   0b1111111111111111    20190531T151841926685
 1      80     2.0227      0.0       0.0    -0.0008      0.0    0.0    -666.000   25.1   0b1111111111111111    20190531T151841927089
 2      80     2.0235      0.0       0.0     0.0002      0.4    0.8    8094.000   25.1   0b1111111111111111    20190531T151841927402
 3      80     2.0332      0.0       0.0    -0.0017      0.0    0.0    -666.000   25.1   0b1111111111111111    20190531T151841927738
 4      80     2.0025      0.0       0.0    -0.0017      0.0    0.0    -666.000   25.1   0b1111111111111111    20190531T151841927913
 5      80     2.0075      0.4       0.8    -0.0022      0.4    0.8    -666.000   25.1   0b1111111111111111    20190531T151841928063
 6      80     2.0197      0.0       0.0    -0.0017      0.0    0.0    -666.000   25.1   0b1111111111111111    20190531T151841928205
 7      80     2.0049      0.3       0.8    -0.0016      0.3    0.8    -666.000   25.1   0b1111111111111111    20190531T151841928344
 8      80     2.0273      0.2       0.8     0.0008      0.0    0.0    2432.790   25.1   0b1111111111111111    20190531T151841928484
 9      80     2.0377      0.0       0.0    -0.0017      0.2    0.8    -666.000   25.1   0b1111111111111111    20190531T151841928622
10      80     2.0205      0.0       0.0     0.0000      0.0    0.0    -666.000   25.1   0b1111111111111111    20190531T151841928772
11      80     2.0227      0.0       0.0    -0.0003      0.4    0.8    -666.000   25.1   0b1111111111111111    20190531T151841928909
12      80     2.0131      0.3       0.8    -0.0017      0.0    0.0    -666.000   25.1   0b1111111111111111    20190531T151841929045
13      80     2.0212      0.0       0.0    -0.0017      0.0    0.0    -666.000   25.1   0b1111111111111111    20190531T151841929181
14      80     2.0347      0.0       0.0    -0.0006      0.4    0.8    -666.000   25.1   0b1111111111111111    20190531T151841929329
15      80     2.0392      0.0       0.0    -0.0008      0.0    0.0    -666.000   25.1   0b1111111111111111    20190531T151841929479
 0      70     1.9635      0.0       0.0    -0.0017      0.0    0.0    -666.000   25.1   0b1111111111111111    20190531T151845373222
 1      70     1.9725      0.0       0.0    -0.0009      0.3    0.8    -666.000   25.1   0b1111111111111111    20190531T151845373659
 2      70     1.9733      0.0       0.0     0.0001      0.2    0.8   23679.000   25.1   0b1111111111111111    20190531T151845373982
 3      70     1.9838      0.0       0.0    -0.0017      0.2    0.8    -666.000   25.1   0b1111111111111111    20190531T151845374280
 4      70     1.9519      0.4       0.8    -0.0016      0.3    0.8    -666.000   25.1   0b1111111111111111    20190531T151845374592
 5      70     1.9583      0.0       0.0    -0.0022      0.4    0.8    -666.000   25.1   0b1111111111111111    20190531T151845374883
 6      70     1.9703      0.0       0.0    -0.0017      0.0    0.0    -666.000   25.1   0b1111111111111111    20190531T151845375168
 7      70     1.9545      0.0       0.0    -0.0017      0.0    0.0    -666.000   25.1   0b1111111111111111    20190531T151845375472
 8      70     1.9763      0.0       0.0     0.0008      0.0    0.0    2371.500   25.1   0b1111111111111111    20190531T151845375758
 9      70     1.9874      0.3       0.8    -0.0018      0.3    0.8    -666.000   25.1   0b1111111111111111    20190531T151845376038
10      70     1.9703      0.0       0.0     0.0000      0.0    0.0    -666.000   25.1   0b1111111111111111    20190531T151845376360
11      70     1.9715      0.4       0.8    -0.0004      0.4    0.8    -666.000   25.1   0b1111111111111111    20190531T151845376666
12      70     1.9634      0.2       0.7    -0.0020      0.4    0.8    -666.000   25.1   0b1111111111111111    20190531T151845376947
13      70     1.9695      0.0       0.0    -0.0022      0.4    0.8    -666.000   25.1   0b1111111111111111    20190531T151845377226
14      70     1.9830      0.0       0.0    -0.0007      0.2    0.8    -666.000   25.1   0b1111111111111111    20190531T151845377538
15      70     1.9890      0.0       0.0    -0.0007      0.2    0.8    -666.000   25.1   0b1111111111111111    20190531T151845377686
 0      60     1.9135      0.3       0.8    -0.0017      0.2    0.8    -666.000   25.1   0b1111111111111111    20190531T151848844542
 1      60     1.9222      0.0       0.0    -0.0008      0.0    0.0    -666.000   25.1   0b1111111111111111    20190531T151848844947
 2      60     1.9235      0.3       0.8     0.0003      0.4    0.8    5770.575   25.1   0b1111111111111111    20190531T151848845259
 3      60     1.9326      0.3       0.8    -0.0017      0.2    0.8    -666.000   25.1   0b1111111111111111    20190531T151848845614
 4      60     1.9027      0.0       0.0    -0.0016      0.3    0.8    -666.000   25.1   0b1111111111111111    20190531T151848845917
 5      60     1.9080      0.0       0.0    -0.0025      0.0    0.0    -666.000   25.1   0b1111111111111111    20190531T151848846205
 6      60     1.9200      0.0       0.0    -0.0017      0.0    0.0    -666.000   25.1   0b1111111111111111    20190531T151848846535
 7      60     1.9050      0.0       0.0    -0.0017      0.0    0.0    -666.000   25.1   0b1111111111111111    20190531T151848846820
 8      60     1.9238      0.2       0.8     0.0008      0.0    0.0    2308.590   25.1   0b1111111111111111    20190531T151848847104
 9      60     1.9352      0.3       0.8    -0.0020      0.4    0.8    -666.000   25.1   0b1111111111111111    20190531T151848847442
10      60     1.9192      0.0       0.0     0.0000      0.0    0.0    -666.000   25.1   0b1111111111111111    20190531T151848847730
11      60     1.9202      0.3       0.7    -0.0006      0.4    0.8    -666.000   25.1   0b1111111111111111    20190531T151848848010
12      60     1.9118      0.0       0.0    -0.0020      0.4    0.8    -666.000   25.1   0b1111111111111111    20190531T151848848348
13      60     1.9178      0.0       0.0    -0.0023      0.3    0.8    -666.000   25.1   0b1111111111111111    20190531T151848848634
14      60     1.9312      0.0       0.0    -0.0008      0.0    0.0    -666.000   25.1   0b1111111111111111    20190531T151848848914
15      60     1.9365      0.0       0.0    -0.0008      0.0    0.0    -666.000   25.1   0b1111111111111111    20190531T151848849192
 0      50     1.8630      0.0       0.0    -0.0017      0.2    0.8    -666.000   25.1   0b1111111111111111    20190531T151852323437
 1      50     1.8717      0.4       0.8    -0.0010      0.3    0.8    -666.000   25.1   0b1111111111111111    20190531T151852323834
 2      50     1.8727      0.0       0.0     0.0000      0.0    0.0    -666.000   25.1   0b1111111111111111    20190531T151852324145
 3      50     1.8817      0.0       0.0    -0.0020      0.4    0.8    -666.000   25.1   0b1111111111111111    20190531T151852324462
 4      50     1.8525      0.0       0.0    -0.0017      0.0    0.0    -666.000   25.1   0b1111111111111111    20190531T151852324753
 5      50     1.8577      0.0       0.0    -0.0025      0.0    0.0    -666.000   25.1   0b1111111111111111    20190531T151852325040
 6      50     1.8697      0.0       0.0    -0.0017      0.2    0.8    -666.000   25.1   0b1111111111111111    20190531T151852325323
 7      50     1.8555      0.0       0.0    -0.0017      0.0    0.0    -666.000   25.1   0b1111111111111111    20190531T151852325626
 8      50     1.8727      0.0       0.0     0.0008      0.0    0.0    2247.300   25.1   0b1111111111111111    20190531T151852325958
 9      50     1.8839      0.2       0.8    -0.0021      0.4    0.8    -666.000   25.1   0b1111111111111111    20190531T151852326244
10      50     1.8683      0.0       0.0     0.0000      0.0    0.0    -666.000   25.1   0b1111111111111111    20190531T151852326547
11      50     1.8690      0.0       0.0    -0.0004      0.4    0.8    -666.000   25.1   0b1111111111111111    20190531T151852326829
12      50     1.8607      0.0       0.0    -0.0023      0.3    0.8    -666.000   25.1   0b1111111111111111    20190531T151852327108
13      50     1.8660      0.0       0.0    -0.0022      0.4    0.8    -666.000   25.1   0b1111111111111111    20190531T151852327386
14      50     1.8795      0.0       0.0    -0.0007      0.2    0.8    -666.000   25.1   0b1111111111111111    20190531T151852327633
15      50     1.8847      0.0       0.0    -0.0008      0.0    0.0    -666.000   25.1   0b1111111111111111    20190531T151852327768
 0      40     1.8120      0.0       0.0    -0.0019      0.4    0.8    -666.000   25.1   0b1111111111111111    20190531T151855776106
 1      40     1.8210      0.0       0.0    -0.0013      0.4    0.8    -666.000   25.1   0b1111111111111111    20190531T151855776542
 2      40     1.8224      0.3       0.8     0.0000      0.0    0.0    -666.000   25.1   0b1111111111111111    20190531T151855776892
 3      40     1.8301      0.3       0.8    -0.0018      0.3    0.8    -666.000   25.1   0b1111111111111111    20190531T151855777190
 4      40     1.8023      0.0       0.0    -0.0017      0.0    0.0    -666.000   25.1   0b1111111111111111    20190531T151855777518
 5      40     1.8075      0.0       0.0    -0.0025      0.0    0.0    -666.000   25.1   0b1111111111111111    20190531T151855777692
 6      40     1.8188      0.0       0.0    -0.0017      0.0    0.0    -666.000   25.1   0b1111111111111111    20190531T151855777834
 7      40     1.8053      0.0       0.0    -0.0017      0.0    0.0    -666.000   25.1   0b1111111111111111    20190531T151855777972
 8      40     1.8212      0.3       0.8     0.0008      0.0    0.0    2185.380   25.1   0b1111111111111111    20190531T151855778111
 9      40     1.8315      0.0       0.0    -0.0025      0.0    0.0    -666.000   25.1   0b1111111111111111    20190531T151855778248
10      40     1.8165      0.0       0.0     0.0000      0.0    0.0    -666.000   25.1   0b1111111111111111    20190531T151855778385
11      40     1.8180      0.0       0.0    -0.0008      0.0    0.0    -666.000   25.1   0b1111111111111111    20190531T151855778533
12      40     1.8086      0.4       0.8    -0.0022      0.4    0.8    -666.000   25.1   0b1111111111111111    20190531T151855778675
13      40     1.8150      0.0       0.0    -0.0022      0.4    0.8    -666.000   25.1   0b1111111111111111    20190531T151855778828
14      40     1.8278      0.0       0.0    -0.0008      0.0    0.0    -666.000   25.1   0b1111111111111111    20190531T151855778970
15      40     1.8322      0.0       0.0    -0.0008      0.0    0.0    -666.000   25.1   0b1111111111111111    20190531T151855779105
 0      30     1.7640      0.0       0.0    -0.0018      0.3    0.8    -666.000   25.0   0b1111111111111111    20190531T151859232053
 1      30     1.7715      0.0       0.0    -0.0013      0.4    0.8    -666.000   25.0   0b1111111111111111    20190531T151859232469
 2      30     1.7723      0.0       0.0     0.0000      0.0    0.0    -666.000   25.0   0b1111111111111111    20190531T151859232788
 3      30     1.7806      0.2       0.8    -0.0020      0.4    0.8    -666.000   25.0   0b1111111111111111    20190531T151859233231
 4      30     1.7535      0.0       0.0    -0.0017      0.2    0.8    -666.000   25.0   0b1111111111111111    20190531T151859233616
 5      30     1.7587      0.0       0.0    -0.0025      0.0    0.0    -666.000   25.0   0b1111111111111111    20190531T151859233924
 6      30     1.7708      0.0       0.0    -0.0018      0.3    0.8    -666.000   25.0   0b1111111111111111    20190531T151859234212
 7      30     1.7559      0.3       0.8    -0.0017      0.0    0.0    -666.000   25.0   0b1111111111111111    20190531T151859234521
 8      30     1.7708      0.0       0.0     0.0008      0.0    0.0    2124.900   25.0   0b1111111111111111    20190531T151859234862
 9      30     1.7812      0.0       0.0    -0.0025      0.0    0.0    -666.000   25.0   0b1111111111111111    20190531T151859235150
10      30     1.7670      0.0       0.0     0.0000      0.0    0.0    -666.000   25.0   0b1111111111111111    20190531T151859235442
11      30     1.7677      0.0       0.0    -0.0007      0.2    0.8    -666.000   25.0   0b1111111111111111    20190531T151859235736
12      30     1.7596      0.3       0.8    -0.0025      0.0    0.0    -666.000   25.0   0b1111111111111111    20190531T151859236019
13      30     1.7655      0.0       0.0    -0.0024      0.2    0.8    -666.000   25.0   0b1111111111111111    20190531T151859236300
14      30     1.7768      0.0       0.0    -0.0009      0.3    0.8    -666.000   25.0   0b1111111111111111    20190531T151859236600
15      30     1.7823      0.4       0.8    -0.0010      0.3    0.8    -666.000   25.0   0b1111111111111111    20190531T151859236895
 0      20     1.7145      0.0       0.0    -0.0021      0.4    0.8    -666.000   25.0   0b1111111111111111    20190531T151902690757
 1      20     1.7220      0.0       0.0    -0.0016      0.3    0.8    -666.000   25.0   0b1111111111111111    20190531T151902691175
 2      20     1.7220      0.0       0.0     0.0000      0.0    0.0    -666.000   25.0   0b1111111111111111    20190531T151902691514
 3      20     1.7310      0.0       0.0    -0.0024      0.2    0.8    -666.000   25.0   0b1111111111111111    20190531T151902691809
 4      20     1.7041      0.2       0.8    -0.0017      0.2    0.8    -666.000   25.0   0b1111111111111111    20190531T151902692093
 5      20     1.7093      0.0       0.0    -0.0025      0.0    0.0    -666.000   25.0   0b1111111111111111    20190531T151902692377
 6      20     1.7211      0.3       0.7    -0.0022      0.4    0.8    -666.000   25.0   0b1111111111111111    20190531T151902692684
 7      20     1.7070      0.0       0.0    -0.0020      0.4    0.8    -666.000   25.0   0b1111111111111111    20190531T151902692965
 8      20     1.7199      0.3       0.8     0.0008      0.0    0.0    2063.880   25.0   0b1111111111111111    20190531T151902693246
 9      20     1.7303      0.0       0.0    -0.0025      0.0    0.0    -666.000   25.0   0b1111111111111111    20190531T151902693595
10      20     1.7167      0.0       0.0    -0.0001      0.2    0.8    -666.000   25.0   0b1111111111111111    20190531T151902693885
11      20     1.7175      0.0       0.0    -0.0007      0.2    0.8    -666.000   25.0   0b1111111111111111    20190531T151902694165
12      20     1.7093      0.0       0.0    -0.0025      0.0    0.0    -666.000   25.0   0b1111111111111111    20190531T151902694471
13      20     1.7145      0.0       0.0    -0.0025      0.0    0.0    -666.000   25.0   0b1111111111111111    20190531T151902694753
14      20     1.7258      0.0       0.0    -0.0008      0.0    0.0    -666.000   25.0   0b1111111111111111    20190531T151902695032
15      20     1.7310      0.0       0.0    -0.0010      0.3    0.8    -666.000   25.0   0b1111111111111111    20190531T151902695309
 0      10     1.6650      0.0       0.0    -0.0024      0.2    0.8    -666.000   25.0   0b1111111111111111    20190531T151906142212
 1      10     1.6725      0.0       0.0    -0.0017      0.0    0.0    -666.000   25.0   0b1111111111111111    20190531T151906142651
 2      10     1.6725      0.0       0.0     0.0000      0.0    0.0    -666.000   25.0   0b1111111111111111    20190531T151906142973
 3      10     1.6809      0.3       0.8    -0.0022      0.4    0.8    -666.000   25.0   0b1111111111111111    20190531T151906143271
 4      10     1.6553      0.0       0.0    -0.0022      0.4    0.8    -666.000   25.0   0b1111111111111111    20190531T151906143584
 5      10     1.6598      0.0       0.0    -0.0026      0.3    0.8    -666.000   25.0   0b1111111111111111    20190531T151906143876
 6      10     1.6710      0.0       0.0    -0.0022      0.4    0.8    -666.000   25.0   0b1111111111111111    20190531T151906144163
 7      10     1.6576      0.2       0.7    -0.0023      0.3    0.8    -666.000   25.0   0b1111111111111111    20190531T151906144471
 8      10     1.6695      0.0       0.0     0.0007      0.2    0.8    2226.000   25.0   0b1111111111111111    20190531T151906144758
 9      10     1.6793      0.2       0.8    -0.0025      0.0    0.0    -666.000   25.0   0b1111111111111111    20190531T151906145042
10      10     1.6665      0.0       0.0    -0.0004      0.4    0.8    -666.000   25.0   0b1111111111111111    20190531T151906145379
11      10     1.6672      0.0       0.0    -0.0008      0.0    0.0    -666.000   25.0   0b1111111111111111    20190531T151906145690
12      10     1.6590      0.0       0.0    -0.0025      0.0    0.0    -666.000   25.0   0b1111111111111111    20190531T151906145972
13      10     1.6640      0.4       0.8    -0.0026      0.3    0.8    -666.000   25.0   0b1111111111111111    20190531T151906146251
14      10     1.6747      0.0       0.0    -0.0010      0.3    0.8    -666.000   25.0   0b1111111111111111    20190531T151906146555
15      10     1.6808      0.0       0.0    -0.0013      0.4    0.8    -666.000   25.0   0b1111111111111111    20190531T151906146837
 0       0     1.6151      0.4       0.8    -0.0022      0.4    0.8    -666.000   25.0   0b1111111111111111    20190531T151909596135
 1       0     1.6230      0.0       0.0    -0.0017      0.0    0.0    -666.000   25.0   0b1111111111111111    20190531T151909596576
 2       0     1.6230      0.0       0.0     0.0000      0.0    0.0    -666.000   25.0   0b1111111111111111    20190531T151909596904
 3       0     1.6305      0.0       0.0    -0.0025      0.0    0.0    -666.000   25.0   0b1111111111111111    20190531T151909597202
 4       0     1.6058      0.0       0.0    -0.0018      0.3    0.8    -666.000   25.0   0b1111111111111111    20190531T151909597524
 5       0     1.6100      0.4       0.8    -0.0027      0.4    0.8    -666.000   25.0   0b1111111111111111    20190531T151909597817
 6       0     1.6207      0.0       0.0    -0.0024      0.2    0.8    -666.000   25.0   0b1111111111111111    20190531T151909598104
 7       0     1.6088      0.0       0.0    -0.0022      0.4    0.8    -666.000   25.0   0b1111111111111111    20190531T151909598407
 8       0     1.6192      0.0       0.0     0.0004      0.4    0.8    3886.200   25.0   0b1111111111111111    20190531T151909598698
 9       0     1.6282      0.0       0.0    -0.0025      0.0    0.0    -666.000   25.0   0b1111111111111111    20190531T151909598982
10       0     1.6157      0.3       0.8    -0.0006      0.4    0.8    -666.000   25.0   0b1111111111111111    20190531T151909599321
11       0     1.6170      0.0       0.0    -0.0008      0.0    0.0    -666.000   25.0   0b1111111111111111    20190531T151909599636
12       0     1.6080      0.0       0.0    -0.0025      0.0    0.0    -666.000   25.0   0b1111111111111111    20190531T151909599918
13       0     1.6133      0.0       0.0    -0.0025      0.0    0.0    -666.000   25.0   0b1111111111111111    20190531T151909600198
14       0     1.6237      0.0       0.0    -0.0012      0.4    0.8    -666.000   25.0   0b1111111111111111    20190531T151909600499
15       0     1.6290      0.0       0.0    -0.0015      0.3    0.8    -666.000   25.0   0b1111111111111111    20190531T151909600906
