CH# Vset[DAC]   V[V]    dVRMS[mV] dVpp[mV]    I[A]  dIRMS[mA] dIpp[mA]   R[ohm]   T[C]   State                Timestamp
 0     250     2.8425      0.0       0.0     0.0001      0.2    0.8   34110.000   25.4   0b1111111111111111    20190521T161202293587
 1     250     2.8425      0.0       0.0     0.0007      0.4    1.7    3790.000   25.4   0b1111111111111111    20190521T161202294006
 2     250     2.8410      0.0       0.0     0.0015      0.3    0.8    1894.000   25.4   0b1111111111111111    20190521T161202294316
 3     250     2.8364      0.2       0.8     0.0013      0.4    0.8    2127.319   25.4   0b1111111111111111    20190521T161202294635
 4     250     2.8475      0.4       0.8     0.0010      0.3    0.8    2847.450   25.4   0b1111111111111111    20190521T161202294925
 5     250     2.8463      0.0       0.0     0.0020      0.4    0.8    1423.125   25.4   0b1111111111111111    20190521T161202295210
 6     250     2.8598      0.0       0.0    -0.0007      0.5    1.7    -666.000   25.4   0b1111111111111111    20190521T161202295517
 7     250     2.8568      0.0       0.0     0.0023      0.5    1.7    1224.321   25.4   0b1111111111111111    20190521T161202295804
 8     250     2.8665      0.0       0.0    -0.0012      0.4    0.8    -666.000   25.4   0b1111111111111111    20190521T161202296087
 9     250     2.8434      0.3       0.8     0.0021      0.4    0.8    1364.832   25.4   0b1111111111111111    20190521T161202296369
10     250     2.8642      0.0       0.0    -0.0001      0.2    0.8    -666.000   25.4   0b1111111111111111    20190521T161202296726
11     250     2.8563      0.4       0.8     0.0022      0.4    0.8    1318.292   25.4   0b1111111111111111    20190521T161202297018
12     250     2.8320      0.0       0.0     0.0033      0.4    1.7     849.600   25.4   0b1111111111111111    20190521T161202297300
13     250     2.8365      0.0       0.0     0.0046      0.4    0.8     618.873   25.4   0b1111111111111111    20190521T161202297587
14     250     2.8430      0.3       0.8     0.0019      0.4    0.8    1483.317   25.4   0b1111111111111111    20190521T161202297725
15     250     2.8320      0.0       0.0     0.0041      0.2    0.8     693.551   25.4   0b1111111111111111    20190521T161202297862
 0     240     2.7945      0.0       0.0     0.0003      0.4    0.8    8383.500   25.4   0b1111111111111111    20190521T161205782305
 1     240     2.7945      0.0       0.0     0.0011      0.4    0.8    2579.538   25.4   0b1111111111111111    20190521T161205782947
 2     240     2.7937      0.0       0.0     0.0012      0.4    0.8    2394.643   25.4   0b1111111111111111    20190521T161205783895
 3     240     2.7885      0.0       0.0     0.0012      0.4    0.8    2390.143   25.4   0b1111111111111111    20190521T161205784529
 4     240     2.7986      0.4       0.8     0.0008      0.4    1.7    3358.350   25.4   0b1111111111111111    20190521T161205785069
 5     240     2.7979      0.4       0.8     0.0017      0.0    0.0    1678.770   25.4   0b1111111111111111    20190521T161205785688
 6     240     2.8110      0.0       0.0    -0.0007      0.3    0.8    -666.000   25.4   0b1111111111111111    20190521T161205786205
 7     240     2.8080      0.0       0.0     0.0023      0.5    1.7    1203.429   25.4   0b1111111111111111    20190521T161205786741
 8     240     2.8178      0.2       0.7    -0.0011      0.4    0.8    -666.000   25.4   0b1111111111111111    20190521T161205787979
 9     240     2.7952      0.0       0.0     0.0020      0.4    0.8    1397.625   25.4   0b1111111111111111    20190521T161205788159
10     240     2.8155      0.0       0.0    -0.0001      0.4    1.7    -666.000   25.4   0b1111111111111111    20190521T161205788328
11     240     2.8074      0.3       0.8     0.0023      0.4    0.8    1247.733   25.4   0b1111111111111111    20190521T161205788479
12     240     2.7840      0.0       0.0     0.0033      0.4    1.7     835.200   25.4   0b1111111111111111    20190521T161205788627
13     240     2.7878      0.2       0.8     0.0043      0.3    0.8     643.344   25.4   0b1111111111111111    20190521T161205788769
14     240     2.7952      0.0       0.0     0.0022      0.4    0.8    1290.115   25.4   0b1111111111111111    20190521T161205788918
15     240     2.7844      0.4       0.8     0.0041      0.4    1.7     681.906   25.4   0b1111111111111111    20190521T161205789058
 0     230     2.7480      0.0       0.0     0.0003      0.4    0.8    8244.000   25.4   0b1111111111111111    20190521T161209238691
 1     230     2.7480      0.0       0.0     0.0008      0.0    0.0    3297.600   25.4   0b1111111111111111    20190521T161209239095
 2     230     2.7472      0.2       0.8     0.0009      0.3    0.8    2996.918   25.4   0b1111111111111111    20190521T161209239442
 3     230     2.7420      0.0       0.0     0.0010      0.3    0.8    2742.000   25.4   0b1111111111111111    20190521T161209239745
 4     230     2.7510      0.0       0.0     0.0007      0.3    0.8    4126.500   25.4   0b1111111111111111    20190521T161209240036
 5     230     2.7503      0.0       0.0     0.0018      0.3    0.8    1500.136   25.4   0b1111111111111111    20190521T161209240322
 6     230     2.7638      0.0       0.0    -0.0006      0.4    0.8    -666.000   25.4   0b1111111111111111    20190521T161209240628
 7     230     2.7608      0.0       0.0     0.0025      0.0    0.0    1104.300   25.4   0b1111111111111111    20190521T161209240984
 8     230     2.7705      0.0       0.0    -0.0013      0.4    0.8    -666.000   25.4   0b1111111111111111    20190521T161209241337
 9     230     2.7480      0.0       0.0     0.0018      0.2    0.8    1570.286   25.4   0b1111111111111111    20190521T161209241651
10     230     2.7682      0.2       0.8    -0.0002      0.3    0.8    -666.000   25.4   0b1111111111111111    20190521T161209241934
11     230     2.7600      0.0       0.0     0.0023      0.3    0.8    1182.857   25.4   0b1111111111111111    20190521T161209242216
12     230     2.7375      0.0       0.0     0.0032      0.3    0.8     864.474   25.4   0b1111111111111111    20190521T161209242522
13     230     2.7420      0.0       0.0     0.0043      0.3    0.8     632.769   25.4   0b1111111111111111    20190521T161209242805
14     230     2.7488      0.0       0.0     0.0019      0.4    0.8    1434.130   25.4   0b1111111111111111    20190521T161209243085
15     230     2.7382      0.2       0.8     0.0041      0.2    0.8     670.573   25.4   0b1111111111111111    20190521T161209243365
 0     220     2.6993      0.2       0.8     0.0001      0.2    0.8   32391.900   25.4   0b1111111111111111    20190521T161212718380
 1     220     2.7000      0.0       0.0     0.0009      0.3    0.8    2945.455   25.4   0b1111111111111111    20190521T161212718849
 2     220     2.6992      0.0       0.0     0.0010      0.3    0.8    2699.250   25.4   0b1111111111111111    20190521T161212719177
 3     220     2.6932      0.0       0.0     0.0008      0.0    0.0    3231.900   25.4   0b1111111111111111    20190521T161212719481
 4     220     2.7022      0.0       0.0     0.0007      0.2    0.8    3603.000   25.4   0b1111111111111111    20190521T161212719842
 5     220     2.7022      0.2       0.8     0.0018      0.2    0.8    1544.100   25.4   0b1111111111111111    20190521T161212720139
 6     220     2.7150      0.0       0.0    -0.0007      0.2    0.8    -666.000   25.4   0b1111111111111111    20190521T161212720429
 7     220     2.7112      0.0       0.0     0.0023      0.4    0.8    1205.000   25.4   0b1111111111111111    20190521T161212720757
 8     220     2.7218      0.0       0.0    -0.0016      0.3    0.8    -666.000   25.4   0b1111111111111111    20190521T161212721076
 9     220     2.6994      0.3       0.8     0.0018      0.3    0.8    1472.400   25.4   0b1111111111111111    20190521T161212721372
10     220     2.7195      0.0       0.0    -0.0001      0.2    0.8    -666.000   25.4   0b1111111111111111    20190521T161212721717
11     220     2.7109      0.4       0.7     0.0021      0.4    0.8    1301.256   25.4   0b1111111111111111    20190521T161212722008
12     220     2.6899      0.4       0.8     0.0032      0.3    0.8     849.434   25.4   0b1111111111111111    20190521T161212722308
13     220     2.6935      0.3       0.7     0.0042      0.4    1.7     633.759   25.4   0b1111111111111111    20190521T161212722672
14     220     2.6993      0.2       0.8     0.0019      0.4    0.8    1408.343   25.4   0b1111111111111111    20190521T161212722960
15     220     2.6895      0.0       0.0     0.0039      0.4    0.8     686.681   25.4   0b1111111111111111    20190521T161212723241
 0     210     2.6513      0.0       0.0     0.0002      0.3    0.8   15907.500   25.4   0b1111111111111111    20190521T161216205064
 1     210     2.6513      0.0       0.0     0.0008      0.0    0.0    3181.500   25.4   0b1111111111111111    20190521T161216205461
 2     210     2.6513      0.0       0.0     0.0009      0.3    0.8    2892.273   25.4   0b1111111111111111    20190521T161216205840
 3     210     2.6453      0.0       0.0     0.0008      0.0    0.0    3174.300   25.4   0b1111111111111111    20190521T161216206139
 4     210     2.6535      0.0       0.0     0.0008      0.0    0.0    3184.200   25.4   0b1111111111111111    20190521T161216206427
 5     210     2.6531      0.4       0.8     0.0017      0.0    0.0    1591.875   25.4   0b1111111111111111    20190521T161216206756
 6     210     2.6655      0.0       0.0    -0.0007      0.3    0.8    -666.000   25.4   0b1111111111111111    20190521T161216207045
 7     210     2.6619      0.3       0.8     0.0023      0.4    0.8    1183.067   25.4   0b1111111111111111    20190521T161216207328
 8     210     2.6730      0.0       0.0    -0.0015      0.3    0.8    -666.000   25.4   0b1111111111111111    20190521T161216207669
 9     210     2.6513      0.0       0.0     0.0018      0.2    0.8    1515.000   25.4   0b1111111111111111    20190521T161216207810
10     210     2.6701      0.2       0.7    -0.0001      0.2    0.8    -666.000   25.4   0b1111111111111111    20190521T161216207947
11     210     2.6618      0.0       0.0     0.0018      0.3    0.8    1451.864   25.4   0b1111111111111111    20190521T161216208086
12     210     2.6415      0.0       0.0     0.0028      0.4    0.8     932.294   25.4   0b1111111111111111    20190521T161216208222
13     210     2.6453      0.0       0.0     0.0041      0.2    0.8     647.816   25.4   0b1111111111111111    20190521T161216208357
14     210     2.6513      0.0       0.0     0.0018      0.2    0.8    1515.000   25.4   0b1111111111111111    20190521T161216208492
15     210     2.6415      0.0       0.0     0.0039      0.4    0.8     674.426   25.4   0b1111111111111111    20190521T161216208655
 0     200     2.6025      0.0       0.0    -0.0001      0.2    0.8    -666.000   25.4   0b1111111111111111    20190521T161219680267
 1     200     2.6032      0.0       0.0     0.0008      0.0    0.0    3123.900   25.4   0b1111111111111111    20190521T161219680762
 2     200     2.6025      0.0       0.0     0.0008      0.0    0.0    3123.000   25.4   0b1111111111111111    20190521T161219681091
 3     200     2.5972      0.2       0.8     0.0008      0.0    0.0    3116.610   25.4   0b1111111111111111    20190521T161219681391
 4     200     2.6040      0.0       0.0     0.0006      0.4    0.8    4464.000   25.4   0b1111111111111111    20190521T161219681738
 5     200     2.6040      0.0       0.0     0.0016      0.3    0.8    1644.632   25.4   0b1111111111111111    20190521T161219682034
 6     200     2.6162      0.3       0.7    -0.0008      0.0    0.0    -666.000   25.4   0b1111111111111111    20190521T161219682341
 7     200     2.6130      0.0       0.0     0.0023      0.4    0.8    1161.333   25.4   0b1111111111111111    20190521T161219682691
 8     200     2.6235      0.0       0.0    -0.0016      0.3    0.8    -666.000   25.4   0b1111111111111111    20190521T161219682987
 9     200     2.6017      0.0       0.0     0.0016      0.3    0.8    1643.211   25.4   0b1111111111111111    20190521T161219683271
10     200     2.6207      0.3       0.8    -0.0003      0.4    0.8    -666.000   25.4   0b1111111111111111    20190521T161219683613
11     200     2.6122      0.0       0.0     0.0017      0.0    0.0    1567.350   25.4   0b1111111111111111    20190521T161219683901
12     200     2.5935      0.0       0.0     0.0027      0.3    0.8     972.562   25.4   0b1111111111111111    20190521T161219684193
13     200     2.5966      0.2       0.8     0.0042      0.0    0.0     623.178   25.4   0b1111111111111111    20190521T161219684474
14     200     2.6025      0.0       0.0     0.0017      0.0    0.0    1561.500   25.4   0b1111111111111111    20190521T161219684807
15     200     2.5935      0.0       0.0     0.0037      0.4    0.8     691.600   25.4   0b1111111111111111    20190521T161219685088
 0     190     2.5560      0.0       0.0     0.0000      0.0    0.0    -666.000   25.4   0b1111111111111111    20190521T161223135748
 1     190     2.5576      0.2       0.8     0.0007      0.3    0.8    3836.363   25.4   0b1111111111111111    20190521T161223136147
 2     190     2.5560      0.0       0.0     0.0009      0.3    0.8    2788.364   25.4   0b1111111111111111    20190521T161223136485
 3     190     2.5508      0.0       0.0     0.0007      0.3    0.8    3826.125   25.4   0b1111111111111111    20190521T161223136798
 4     190     2.5575      0.0       0.0     0.0007      0.3    0.8    3836.250   25.4   0b1111111111111111    20190521T161223137089
 5     190     2.5568      0.0       0.0     0.0017      0.0    0.0    1534.050   25.4   0b1111111111111111    20190521T161223137376
 6     190     2.5680      0.0       0.0    -0.0007      0.2    0.8    -666.000   25.4   0b1111111111111111    20190521T161223137720
 7     190     2.5654      0.4       0.7     0.0020      0.4    0.8    1282.687   25.4   0b1111111111111111    20190521T161223138006
 8     190     2.5755      0.0       0.0    -0.0017      0.0    0.0    -666.000   25.4   0b1111111111111111    20190521T161223138287
 9     190     2.5545      0.0       0.0     0.0016      0.3    0.8    1613.368   25.4   0b1111111111111111    20190521T161223138564
10     190     2.5733      0.0       0.0    -0.0002      0.4    0.8    -666.000   25.4   0b1111111111111111    20190521T161223138739
11     190     2.5650      0.0       0.0     0.0017      0.0    0.0    1539.000   25.4   0b1111111111111111    20190521T161223138879
12     190     2.5471      0.2       0.8     0.0029      0.4    0.8     873.283   25.4   0b1111111111111111    20190521T161223139015
13     190     2.5514      0.2       0.8     0.0040      0.3    0.8     637.856   25.4   0b1111111111111111    20190521T161223139151
14     190     2.5568      0.0       0.0     0.0016      0.3    0.8    1614.789   25.4   0b1111111111111111    20190521T161223139287
15     190     2.5470      0.0       0.0     0.0037      0.4    0.8     679.200   25.4   0b1111111111111111    20190521T161223139436
 0     180     2.5079      0.2       0.8    -0.0001      0.2    0.8    -666.000   25.4   0b1111111111111111    20190521T161226591066
 1     180     2.5095      0.0       0.0     0.0007      0.3    0.8    3764.250   25.4   0b1111111111111111    20190521T161226591517
 2     180     2.5080      0.0       0.0     0.0008      0.0    0.0    3009.600   25.4   0b1111111111111111    20190521T161226591838
 3     180     2.5027      0.0       0.0     0.0007      0.3    0.8    3754.125   25.4   0b1111111111111111    20190521T161226592134
 4     180     2.5087      0.0       0.0     0.0003      0.4    0.8    7526.250   25.4   0b1111111111111111    20190521T161226592445
 5     180     2.5080      0.0       0.0     0.0015      0.3    0.8    1672.000   25.4   0b1111111111111111    20190521T161226592737
 6     180     2.5192      0.2       0.8    -0.0008      0.0    0.0    -666.000   25.4   0b1111111111111111    20190521T161226593022
 7     180     2.5162      0.0       0.0     0.0021      0.4    0.8    1207.800   25.4   0b1111111111111111    20190521T161226593305
 8     180     2.5262      0.3       0.8    -0.0016      0.3    0.8    -666.000   25.4   0b1111111111111111    20190521T161226593668
 9     180     2.5057      0.0       0.0     0.0015      0.3    0.8    1670.500   25.4   0b1111111111111111    20190521T161226593993
10     180     2.5242      0.4       0.8    -0.0004      0.4    0.8    -666.000   25.4   0b1111111111111111    20190521T161226594282
11     180     2.5162      0.0       0.0     0.0017      0.0    0.0    1509.750   25.4   0b1111111111111111    20190521T161226594603
12     180     2.4990      0.0       0.0     0.0028      0.4    0.8     908.727   25.4   0b1111111111111111    20190521T161226594888
13     180     2.5027      0.0       0.0     0.0039      0.4    0.8     639.000   25.4   0b1111111111111111    20190521T161226595169
14     180     2.5082      0.3       0.8     0.0017      0.0    0.0    1504.935   25.4   0b1111111111111111    20190521T161226595472
15     180     2.4990      0.0       0.0     0.0037      0.4    0.8     681.545   25.4   0b1111111111111111    20190521T161226595754
 0     170     2.4594      0.3       0.8    -0.0002      0.4    0.8    -666.000   25.4   0b1111111111111111    20190521T161230042860
 1     170     2.4615      0.0       0.0     0.0007      0.2    0.8    3282.000   25.4   0b1111111111111111    20190521T161230043259
 2     170     2.4600      0.0       0.0     0.0008      0.0    0.0    2952.000   25.4   0b1111111111111111    20190521T161230043574
 3     170     2.4548      0.0       0.0     0.0006      0.4    0.8    4208.143   25.4   0b1111111111111111    20190521T161230043895
 4     170     2.4600      0.0       0.0     0.0002      0.3    0.8   14760.000   25.4   0b1111111111111111    20190521T161230044187
 5     170     2.4593      0.0       0.0     0.0014      0.4    0.8    1735.941   25.4   0b1111111111111111    20190521T161230044474
 6     170     2.4698      0.0       0.0    -0.0009      0.3    0.8    -666.000   25.4   0b1111111111111111    20190521T161230044779
 7     170     2.4675      0.0       0.0     0.0018      0.2    0.8    1410.000   25.4   0b1111111111111111    20190521T161230045066
 8     170     2.4773      0.0       0.0    -0.0017      0.0    0.0    -666.000   25.4   0b1111111111111111    20190521T161230045359
 9     170     2.4570      0.0       0.0     0.0015      0.3    0.8    1638.000   25.4   0b1111111111111111    20190521T161230045756
10     170     2.4750      0.0       0.0    -0.0004      0.4    0.8    -666.000   25.4   0b1111111111111111    20190521T161230046048
11     170     2.4668      0.2       0.7     0.0017      0.0    0.0    1480.095   25.4   0b1111111111111111    20190521T161230046332
12     170     2.4512      0.3       0.8     0.0026      0.2    0.8     948.861   25.4   0b1111111111111111    20190521T161230046614
13     170     2.4548      0.0       0.0     0.0038      0.4    0.8     640.370   25.4   0b1111111111111111    20190521T161230046921
14     170     2.4600      0.0       0.0     0.0014      0.4    0.8    1736.471   25.4   0b1111111111111111    20190521T161230047203
15     170     2.4518      0.0       0.0     0.0034      0.2    0.8     717.585   25.4   0b1111111111111111    20190521T161230047482
 0     160     2.4112      0.0       0.0    -0.0002      0.3    0.8    -666.000   25.4   0b1111111111111111    20190521T161233494561
 1     160     2.4135      0.0       0.0     0.0007      0.3    0.8    3620.250   25.4   0b1111111111111111    20190521T161233494978
 2     160     2.4120      0.0       0.0     0.0005      0.4    0.8    4824.000   25.4   0b1111111111111111    20190521T161233495295
 3     160     2.4067      0.0       0.0     0.0003      0.4    0.8    7220.250   25.4   0b1111111111111111    20190521T161233495617
 4     160     2.4109      0.4       0.8     0.0000      0.0    0.0    -666.000   25.4   0b1111111111111111    20190521T161233495911
 5     160     2.4100      0.3       0.7     0.0012      0.4    0.8    2065.693   25.4   0b1111111111111111    20190521T161233496202
 6     160     2.4210      0.0       0.0    -0.0010      0.3    0.8    -666.000   25.4   0b1111111111111111    20190521T161233496511
 7     160     2.4184      0.4       0.8     0.0018      0.3    0.8    1319.114   25.4   0b1111111111111111    20190521T161233496800
 8     160     2.4277      0.0       0.0    -0.0017      0.0    0.0    -666.000   25.4   0b1111111111111111    20190521T161233497084
 9     160     2.4084      0.3       0.8     0.0011      0.4    0.8    2223.138   25.4   0b1111111111111111    20190521T161233497448
10     160     2.4261      0.3       0.8    -0.0007      0.3    0.8    -666.000   25.4   0b1111111111111111    20190521T161233497785
11     160     2.4180      0.0       0.0     0.0017      0.0    0.0    1450.800   25.4   0b1111111111111111    20190521T161233498077
12     160     2.4031      0.2       0.7     0.0025      0.0    0.0     961.230   25.4   0b1111111111111111    20190521T161233498360
13     160     2.4067      0.0       0.0     0.0036      0.4    0.8     671.651   25.4   0b1111111111111111    20190521T161233498666
14     160     2.4120      0.0       0.0     0.0017      0.0    0.0    1447.200   25.4   0b1111111111111111    20190521T161233498947
15     160     2.4035      0.3       0.7     0.0033      0.0    0.0     721.057   25.4   0b1111111111111111    20190521T161233499226
 0     150     2.3655      0.0       0.0    -0.0001      0.2    0.8    -666.000   25.3   0b1111111111111111    20190521T161236944589
 1     150     2.3678      0.0       0.0     0.0003      0.4    0.8    7103.250   25.3   0b1111111111111111    20190521T161236945078
 2     150     2.3666      0.4       0.8     0.0005      0.4    0.8    4733.100   25.3   0b1111111111111111    20190521T161236946589
 3     150     2.3618      0.0       0.0     0.0002      0.4    0.8    9447.000   25.3   0b1111111111111111    20190521T161236946912
 4     150     2.3640      0.0       0.0     0.0001      0.2    0.8   28368.000   25.3   0b1111111111111111    20190521T161236947270
 5     150     2.3633      0.2       0.8     0.0010      0.3    0.8    2363.325   25.3   0b1111111111111111    20190521T161236947580
 6     150     2.3745      0.0       0.0    -0.0010      0.3    0.8    -666.000   25.3   0b1111111111111111    20190521T161236947899
 7     150     2.3715      0.0       0.0     0.0018      0.2    0.8    1355.143   25.3   0b1111111111111111    20190521T161236948190
 8     150     2.3820      0.0       0.0    -0.0017      0.2    0.8    -666.000   25.3   0b1111111111111111    20190521T161236948510
 9     150     2.3618      0.0       0.0     0.0011      0.4    0.8    2180.077   25.3   0b1111111111111111    20190521T161236948683
10     150     2.3798      0.0       0.0    -0.0007      0.2    0.8    -666.000   25.3   0b1111111111111111    20190521T161236948822
11     150     2.3716      0.2       0.8     0.0015      0.3    0.8    1581.050   25.3   0b1111111111111111    20190521T161236948959
12     150     2.3580      0.0       0.0     0.0026      0.2    0.8     912.774   25.3   0b1111111111111111    20190521T161236949096
13     150     2.3615      0.4       0.8     0.0034      0.2    0.8     691.156   25.3   0b1111111111111111    20190521T161236949233
14     150     2.3663      0.0       0.0     0.0013      0.4    0.8    1774.687   25.3   0b1111111111111111    20190521T161236949369
15     150     2.3580      0.0       0.0     0.0034      0.2    0.8     690.146   25.3   0b1111111111111111    20190521T161236949535
 0     140     2.3182      0.0       0.0    -0.0003      0.4    0.8    -666.000   25.3   0b1111111111111111    20190521T161240394618
 1     140     2.3198      0.2       0.8     0.0000      0.0    0.0    -666.000   25.3   0b1111111111111111    20190521T161240395066
 2     140     2.3190      0.0       0.0     0.0005      0.4    0.8    4638.000   25.3   0b1111111111111111    20190521T161240395421
 3     140     2.3145      0.0       0.0     0.0002      0.3    0.8   13887.000   25.3   0b1111111111111111    20190521T161240395754
 4     140     2.3160      0.0       0.0     0.0001      0.2    0.8   27792.000   25.3   0b1111111111111111    20190521T161240396063
 5     140     2.3152      0.0       0.0     0.0009      0.3    0.8    2525.727   25.3   0b1111111111111111    20190521T161240396358
 6     140     2.3257      0.0       0.0    -0.0011      0.4    0.8    -666.000   25.3   0b1111111111111111    20190521T161240396670
 7     140     2.3227      0.0       0.0     0.0017      0.0    0.0    1393.650   25.3   0b1111111111111111    20190521T161240397003
 8     140     2.3332      0.2       0.7    -0.0017      0.2    0.8    -666.000   25.3   0b1111111111111111    20190521T161240397343
 9     140     2.3137      0.0       0.0     0.0008      0.0    0.0    2776.500   25.3   0b1111111111111111    20190521T161240397644
10     140     2.3310      0.0       0.0    -0.0008      0.0    0.0    -666.000   25.3   0b1111111111111111    20190521T161240397948
11     140     2.3235      0.0       0.0     0.0017      0.0    0.0    1394.100   25.3   0b1111111111111111    20190521T161240398230
12     140     2.3107      0.0       0.0     0.0025      0.0    0.0     924.300   25.3   0b1111111111111111    20190521T161240398519
13     140     2.3137      0.0       0.0     0.0033      0.0    0.0     694.125   25.3   0b1111111111111111    20190521T161240398833
14     140     2.3183      0.2       0.8     0.0013      0.4    0.8    1854.660   25.3   0b1111111111111111    20190521T161240399115
15     140     2.3100      0.0       0.0     0.0033      0.0    0.0     693.000   25.3   0b1111111111111111    20190521T161240399428
 0     130     2.2703      0.0       0.0    -0.0002      0.4    0.8    -666.000   25.3   0b1111111111111111    20190521T161243849770
 1     130     2.2725      0.0       0.0     0.0000      0.0    0.0    -666.000   25.3   0b1111111111111111    20190521T161243850183
 2     130     2.2717      0.2       0.8     0.0002      0.3    0.8   13630.050   25.3   0b1111111111111111    20190521T161243850535
 3     130     2.2665      0.0       0.0     0.0001      0.2    0.8   27198.000   25.3   0b1111111111111111    20190521T161243850841
 4     130     2.2673      0.0       0.0     0.0000      0.0    0.0    -666.000   25.3   0b1111111111111111    20190521T161243851301
 5     130     2.2665      0.0       0.0     0.0008      0.0    0.0    2719.800   25.3   0b1111111111111111    20190521T161243851810
 6     130     2.2770      0.0       0.0    -0.0014      0.4    0.8    -666.000   25.3   0b1111111111111111    20190521T161243852146
 7     130     2.2740      0.0       0.0     0.0017      0.0    0.0    1364.400   25.3   0b1111111111111111    20190521T161243852458
 8     130     2.2842      0.4       0.8    -0.0020      0.4    0.8    -666.000   25.3   0b1111111111111111    20190521T161243852748
 9     130     2.2658      0.0       0.0     0.0008      0.0    0.0    2718.900   25.3   0b1111111111111111    20190521T161243853120
10     130     2.2823      0.0       0.0    -0.0008      0.0    0.0    -666.000   25.3   0b1111111111111111    20190521T161243853437
11     130     2.2748      0.0       0.0     0.0013      0.4    0.8    1819.800   25.3   0b1111111111111111    20190521T161243853724
12     130     2.2628      0.0       0.0     0.0025      0.0    0.0     905.100   25.3   0b1111111111111111    20190521T161243854005
13     130     2.2661      0.4       0.8     0.0033      0.0    0.0     679.837   25.3   0b1111111111111111    20190521T161243854285
14     130     2.2710      0.0       0.0     0.0010      0.3    0.8    2271.000   25.3   0b1111111111111111    20190521T161243854584
15     130     2.2628      0.0       0.0     0.0033      0.0    0.0     678.825   25.3   0b1111111111111111    20190521T161243855041
 0     120     2.2230      0.0       0.0    -0.0007      0.2    0.8    -666.000   25.3   0b1111111111111111    20190521T161247298578
 1     120     2.2245      0.0       0.0     0.0001      0.2    0.8   26694.000   25.3   0b1111111111111111    20190521T161247298988
 2     120     2.2242      0.4       0.8     0.0002      0.4    0.8    8896.800   25.3   0b1111111111111111    20190521T161247299305
 3     120     2.2192      0.0       0.0     0.0000      0.0    0.0    -666.000   25.3   0b1111111111111111    20190521T161247299629
 4     120     2.2192      0.2       0.7     0.0000      0.0    0.0    -666.000   25.3   0b1111111111111111    20190521T161247299922
 5     120     2.2185      0.0       0.0     0.0008      0.0    0.0    2662.200   25.3   0b1111111111111111    20190521T161247300208
 6     120     2.2282      0.0       0.0    -0.0013      0.4    0.8    -666.000   25.3   0b1111111111111111    20190521T161247300514
 7     120     2.2260      0.0       0.0     0.0016      0.3    0.8    1405.895   25.3   0b1111111111111111    20190521T161247300813
 8     120     2.2364      0.2       0.8    -0.0018      0.3    0.8    -666.000   25.3   0b1111111111111111    20190521T161247301158
 9     120     2.2182      0.4       0.8     0.0008      0.0    0.0    2661.840   25.3   0b1111111111111111    20190521T161247301470
10     120     2.2335      0.0       0.0    -0.0008      0.0    0.0    -666.000   25.3   0b1111111111111111    20190521T161247301803
11     120     2.2260      0.0       0.0     0.0013      0.4    0.8    1669.500   25.3   0b1111111111111111    20190521T161247302255
12     120     2.2155      0.0       0.0     0.0023      0.4    0.8     984.667   25.3   0b1111111111111111    20190521T161247302778
13     120     2.2192      0.0       0.0     0.0033      0.0    0.0     665.775   25.3   0b1111111111111111    20190521T161247303256
14     120     2.2222      0.0       0.0     0.0009      0.3    0.8    2424.273   25.3   0b1111111111111111    20190521T161247303884
15     120     2.2147      0.0       0.0     0.0032      0.3    0.8     699.395   25.3   0b1111111111111111    20190521T161247304505
 0     110     2.1773      0.2       0.8    -0.0008      0.0    0.0    -666.000   25.3   0b1111111111111111    20190521T161250753664
 1     110     2.1795      0.0       0.0     0.0000      0.0    0.0    -666.000   25.3   0b1111111111111111    20190521T161250754076
 2     110     2.1788      0.0       0.0     0.0002      0.3    0.8   13072.500   25.3   0b1111111111111111    20190521T161250754414
 3     110     2.1735      0.0       0.0    -0.0001      0.2    0.8    -666.000   25.3   0b1111111111111111    20190521T161250754785
 4     110     2.1728      0.0       0.0     0.0000      0.0    0.0    -666.000   25.3   0b1111111111111111    20190521T161250755084
 5     110     2.1722      0.3       0.8     0.0008      0.0    0.0    2606.670   25.3   0b1111111111111111    20190521T161250755373
 6     110     2.1817      0.2       0.8    -0.0015      0.3    0.8    -666.000   25.3   0b1111111111111111    20190521T161250755683
 7     110     2.1795      0.0       0.0     0.0014      0.4    0.8    1538.471   25.3   0b1111111111111111    20190521T161250755968
 8     110     2.1900      0.0       0.0    -0.0020      0.4    0.8    -666.000   25.3   0b1111111111111111    20190521T161250756250
 9     110     2.1720      0.0       0.0     0.0007      0.2    0.8    2896.000   25.3   0b1111111111111111    20190521T161250756637
10     110     2.1870      0.0       0.0    -0.0008      0.0    0.0    -666.000   25.3   0b1111111111111111    20190521T161250756932
11     110     2.1800      0.3       0.8     0.0011      0.4    0.8    2012.331   25.3   0b1111111111111111    20190521T161250757215
12     110     2.1690      0.0       0.0     0.0022      0.4    0.8    1001.077   25.3   0b1111111111111111    20190521T161250757532
13     110     2.1713      0.0       0.0     0.0033      0.0    0.0     651.375   25.3   0b1111111111111111    20190521T161250757686
14     110     2.1749      0.3       0.8     0.0009      0.3    0.8    2372.564   25.3   0b1111111111111111    20190521T161250757823
15     110     2.1675      0.0       0.0     0.0033      0.2    0.8     666.923   25.3   0b1111111111111111    20190521T161250757958
 0     100     2.1292      0.0       0.0    -0.0008      0.0    0.0    -666.000   25.3   0b1111111111111111    20190521T161254238721
 1     100     2.1314      0.2       0.8     0.0000      0.0    0.0    -666.000   25.3   0b1111111111111111    20190521T161254239116
 2     100     2.1307      0.0       0.0     0.0000      0.0    0.0    -666.000   25.3   0b1111111111111111    20190521T161254239464
 3     100     2.1255      0.0       0.0     0.0000      0.0    0.0    -666.000   25.3   0b1111111111111111    20190521T161254239765
 4     100     2.1235      0.3       0.8    -0.0001      0.2    0.8    -666.000   25.3   0b1111111111111111    20190521T161254240054
 5     100     2.1232      0.0       0.0     0.0008      0.0    0.0    2547.900   25.3   0b1111111111111111    20190521T161254240340
 6     100     2.1322      0.0       0.0    -0.0013      0.4    0.8    -666.000   25.3   0b1111111111111111    20190521T161254240660
 7     100     2.1303      0.4       0.8     0.0015      0.3    0.8    1420.200   25.3   0b1111111111111111    20190521T161254240946
 8     100     2.1412      0.0       0.0    -0.0022      0.4    0.8    -666.000   25.3   0b1111111111111111    20190521T161254241228
 9     100     2.1240      0.0       0.0     0.0006      0.4    0.8    3641.143   25.3   0b1111111111111111    20190521T161254241571
10     100     2.1382      0.0       0.0    -0.0008      0.0    0.0    -666.000   25.3   0b1111111111111111    20190521T161254241858
11     100     2.1315      0.0       0.0     0.0009      0.3    0.8    2325.273   25.3   0b1111111111111111    20190521T161254242140
12     100     2.1193      0.3       0.8     0.0019      0.4    0.8    1105.709   25.3   0b1111111111111111    20190521T161254242441
13     100     2.1217      0.0       0.0     0.0033      0.2    0.8     652.846   25.3   0b1111111111111111    20190521T161254242724
14     100     2.1243      0.4       0.8     0.0008      0.0    0.0    2549.160   25.3   0b1111111111111111    20190521T161254243004
15     100     2.1180      0.0       0.0     0.0029      0.4    0.8     726.171   25.3   0b1111111111111111    20190521T161254243282
 0      90     2.0805      0.0       0.0    -0.0007      0.2    0.8    -666.000   25.2   0b1111111111111111    20190521T161257693629
 1      90     2.0835      0.0       0.0    -0.0001      0.2    0.8    -666.000   25.2   0b1111111111111111    20190521T161257694057
 2      90     2.0820      0.0       0.0     0.0000      0.0    0.0    -666.000   25.2   0b1111111111111111    20190521T161257694372
 3      90     2.0769      0.3       0.7    -0.0001      0.2    0.8    -666.000   25.2   0b1111111111111111    20190521T161257694744
 4      90     2.0737      0.0       0.0    -0.0002      0.4    0.8    -666.000   25.2   0b1111111111111111    20190521T161257695043
 5      90     2.0722      0.0       0.0     0.0008      0.0    0.0    2486.700   25.2   0b1111111111111111    20190521T161257695329
 6      90     2.0835      0.0       0.0    -0.0017      0.0    0.0    -666.000   25.2   0b1111111111111111    20190521T161257695672
 7      90     2.0798      0.0       0.0     0.0013      0.4    0.8    1559.812   25.2   0b1111111111111111    20190521T161257695960
 8      90     2.0925      0.0       0.0    -0.0022      0.4    0.8    -666.000   25.2   0b1111111111111111    20190521T161257696245
 9      90     2.0753      0.0       0.0     0.0004      0.4    0.8    4980.600   25.2   0b1111111111111111    20190521T161257696561
10      90     2.0895      0.0       0.0    -0.0010      0.3    0.8    -666.000   25.2   0b1111111111111111    20190521T161257696861
11      90     2.0820      0.0       0.0     0.0008      0.0    0.0    2498.400   25.2   0b1111111111111111    20190521T161257697142
12      90     2.0692      0.0       0.0     0.0018      0.2    0.8    1182.429   25.2   0b1111111111111111    20190521T161257697422
13      90     2.0715      0.0       0.0     0.0031      0.4    0.8     671.838   25.2   0b1111111111111111    20190521T161257697712
14      90     2.0737      0.0       0.0     0.0008      0.0    0.0    2488.500   25.2   0b1111111111111111    20190521T161257697850
15      90     2.0678      0.0       0.0     0.0027      0.3    0.8     775.406   25.2   0b1111111111111111    20190521T161257697986
 0      80     2.0302      0.0       0.0    -0.0008      0.0    0.0    -666.000   25.2   0b1111111111111111    20190521T161301175364
 1      80     2.0332      0.0       0.0    -0.0001      0.2    0.8    -666.000   25.2   0b1111111111111111    20190521T161301175829
 2      80     2.0317      0.0       0.0     0.0000      0.0    0.0    -666.000   25.2   0b1111111111111111    20190521T161301176148
 3      80     2.0272      0.0       0.0    -0.0004      0.4    0.8    -666.000   25.2   0b1111111111111111    20190521T161301176442
 4      80     2.0227      0.0       0.0    -0.0004      0.4    0.8    -666.000   25.2   0b1111111111111111    20190521T161301176779
 5      80     2.0220      0.0       0.0     0.0007      0.2    0.8    2696.000   25.2   0b1111111111111111    20190521T161301177080
 6      80     2.0325      0.0       0.0    -0.0016      0.3    0.8    -666.000   25.2   0b1111111111111111    20190521T161301177365
 7      80     2.0287      0.0       0.0     0.0013      0.4    0.8    1623.000   25.2   0b1111111111111111    20190521T161301177687
 8      80     2.0422      0.0       0.0    -0.0025      0.0    0.0    -666.000   25.2   0b1111111111111111    20190521T161301177830
 9      80     2.0248      0.3       0.8     0.0002      0.4    0.8    8099.400   25.2   0b1111111111111111    20190521T161301177967
10      80     2.0389      0.4       0.8    -0.0012      0.4    0.8    -666.000   25.2   0b1111111111111111    20190521T161301178106
11      80     2.0317      0.0       0.0     0.0008      0.0    0.0    2438.100   25.2   0b1111111111111111    20190521T161301178242
12      80     2.0176      0.2       0.8     0.0018      0.2    0.8    1152.900   25.2   0b1111111111111111    20190521T161301178379
13      80     2.0197      0.0       0.0     0.0031      0.4    0.8     655.054   25.2   0b1111111111111111    20190521T161301178526
14      80     2.0226      0.3       0.8     0.0008      0.0    0.0    2427.120   25.2   0b1111111111111111    20190521T161301178677
15      80     2.0168      0.0       0.0     0.0027      0.3    0.8     756.281   25.2   0b1111111111111111    20190521T161301178813
 0      70     1.9798      0.3       0.8    -0.0008      0.0    0.0    -666.000   25.2   0b1111111111111111    20190521T161304626712
 1      70     1.9830      0.0       0.0    -0.0002      0.4    0.8    -666.000   25.2   0b1111111111111111    20190521T161304627119
 2      70     1.9815      0.0       0.0     0.0000      0.0    0.0    -666.000   25.2   0b1111111111111111    20190521T161304627518
 3      70     1.9763      0.0       0.0    -0.0007      0.3    0.8    -666.000   25.2   0b1111111111111111    20190521T161304627826
 4      70     1.9718      0.0       0.0    -0.0005      0.4    0.8    -666.000   25.2   0b1111111111111111    20190521T161304628119
 5      70     1.9703      0.0       0.0     0.0003      0.4    0.8    5910.750   25.2   0b1111111111111111    20190521T161304628462
 6      70     1.9815      0.0       0.0    -0.0017      0.0    0.0    -666.000   25.2   0b1111111111111111    20190521T161304628756
 7      70     1.9777      0.0       0.0     0.0012      0.4    0.8    1695.214   25.2   0b1111111111111111    20190521T161304629042
 8      70     1.9913      0.0       0.0    -0.0025      0.0    0.0    -666.000   25.2   0b1111111111111111    20190521T161304629385
 9      70     1.9744      0.4       0.8     0.0000      0.0    0.0    -666.000   25.2   0b1111111111111111    20190521T161304629675
10      70     1.9883      0.0       0.0    -0.0012      0.4    0.8    -666.000   25.2   0b1111111111111111    20190521T161304629957
11      70     1.9808      0.0       0.0     0.0008      0.0    0.0    2376.900   25.2   0b1111111111111111    20190521T161304630239
12      70     1.9672      0.0       0.0     0.0017      0.0    0.0    1180.350   25.2   0b1111111111111111    20190521T161304630718
13      70     1.9688      0.2       0.8     0.0027      0.3    0.8     738.309   25.2   0b1111111111111111    20190521T161304631037
14      70     1.9718      0.0       0.0     0.0008      0.0    0.0    2366.100   25.2   0b1111111111111111    20190521T161304631388
15      70     1.9665      0.0       0.0     0.0027      0.3    0.8     737.437   25.2   0b1111111111111111    20190521T161304631680
 0      60     1.9282      0.0       0.0    -0.0009      0.3    0.8    -666.000   25.2   0b1111111111111111    20190521T161308072606
 1      60     1.9320      0.0       0.0    -0.0004      0.4    0.8    -666.000   25.2   0b1111111111111111    20190521T161308072980
 2      60     1.9305      0.0       0.0    -0.0001      0.2    0.8    -666.000   25.2   0b1111111111111111    20190521T161308073281
 3      60     1.9257      0.4       0.7    -0.0008      0.0    0.0    -666.000   25.2   0b1111111111111111    20190521T161308073612
 4      60     1.9200      0.0       0.0    -0.0006      0.4    0.8    -666.000   25.2   0b1111111111111111    20190521T161308073924
 5      60     1.9195      0.3       0.8     0.0002      0.4    0.8    7677.900   25.2   0b1111111111111111    20190521T161308074211
 6      60     1.9297      0.2       0.8    -0.0017      0.0    0.0    -666.000   25.2   0b1111111111111111    20190521T161308074516
 7      60     1.9264      0.4       0.8     0.0009      0.3    0.8    2101.500   25.2   0b1111111111111111    20190521T161308074803
 8      60     1.9403      0.0       0.0    -0.0024      0.2    0.8    -666.000   25.2   0b1111111111111111    20190521T161308075085
 9      60     1.9223      0.2       0.8     0.0000      0.0    0.0    -666.000   25.2   0b1111111111111111    20190521T161308075365
10      60     1.9365      0.0       0.0    -0.0011      0.4    0.8    -666.000   25.2   0b1111111111111111    20190521T161308075667
11      60     1.9291      0.3       0.8     0.0008      0.0    0.0    2314.980   25.2   0b1111111111111111    20190521T161308075992
12      60     1.9163      0.2       0.8     0.0017      0.0    0.0    1149.795   25.2   0b1111111111111111    20190521T161308076279
13      60     1.9186      0.2       0.7     0.0028      0.4    0.8     677.144   25.2   0b1111111111111111    20190521T161308076582
14      60     1.9215      0.0       0.0     0.0007      0.3    0.8    2882.250   25.2   0b1111111111111111    20190521T161308076865
15      60     1.9163      0.0       0.0     0.0027      0.3    0.8     718.594   25.2   0b1111111111111111    20190521T161308077186
 0      50     1.8773      0.0       0.0    -0.0008      0.0    0.0    -666.000   25.1   0b1111111111111111    20190521T161311513428
 1      50     1.8810      0.0       0.0    -0.0007      0.3    0.8    -666.000   25.1   0b1111111111111111    20190521T161311513862
 2      50     1.8803      0.0       0.0    -0.0002      0.3    0.8    -666.000   25.1   0b1111111111111111    20190521T161311514179
 3      50     1.8748      0.3       0.8    -0.0008      0.0    0.0    -666.000   25.1   0b1111111111111111    20190521T161311514477
 4      50     1.8690      0.0       0.0    -0.0008      0.0    0.0    -666.000   25.1   0b1111111111111111    20190521T161311514788
 5      50     1.8683      0.0       0.0     0.0000      0.0    0.0    -666.000   25.1   0b1111111111111111    20190521T161311515077
 6      50     1.8779      0.2       0.8    -0.0017      0.0    0.0    -666.000   25.1   0b1111111111111111    20190521T161311515358
 7      50     1.8750      0.0       0.0     0.0008      0.0    0.0    2250.000   25.1   0b1111111111111111    20190521T161311515659
 8      50     1.8885      0.0       0.0    -0.0025      0.0    0.0    -666.000   25.1   0b1111111111111111    20190521T161311515945
 9      50     1.8712      0.0       0.0     0.0000      0.0    0.0    -666.000   25.1   0b1111111111111111    20190521T161311516227
10      50     1.8847      0.0       0.0    -0.0015      0.3    0.8    -666.000   25.1   0b1111111111111111    20190521T161311516506
11      50     1.8773      0.0       0.0     0.0008      0.0    0.0    2252.700   25.1   0b1111111111111111    20190521T161311516846
12      50     1.8660      0.0       0.0     0.0017      0.0    0.0    1119.600   25.1   0b1111111111111111    20190521T161311517132
13      50     1.8682      0.2       0.8     0.0026      0.2    0.8     723.165   25.1   0b1111111111111111    20190521T161311517411
14      50     1.8705      0.0       0.0     0.0007      0.2    0.8    2494.000   25.1   0b1111111111111111    20190521T161311517725
15      50     1.8661      0.3       0.8     0.0025      0.0    0.0     746.460   25.1   0b1111111111111111    20190521T161311517904
 0      40     1.8263      0.0       0.0    -0.0009      0.3    0.8    -666.000   25.1   0b1111111111111111    20190521T161314956123
 1      40     1.8293      0.0       0.0    -0.0007      0.3    0.8    -666.000   25.1   0b1111111111111111    20190521T161314956546
 2      40     1.8289      0.4       0.8    -0.0002      0.4    0.8    -666.000   25.1   0b1111111111111111    20190521T161314956873
 3      40     1.8240      0.0       0.0    -0.0008      0.0    0.0    -666.000   25.1   0b1111111111111111    20190521T161314957170
 4      40     1.8173      0.0       0.0    -0.0008      0.0    0.0    -666.000   25.1   0b1111111111111111    20190521T161314957494
 5      40     1.8172      0.2       0.8     0.0000      0.0    0.0    -666.000   25.1   0b1111111111111111    20190521T161314957670
 6      40     1.8263      0.0       0.0    -0.0017      0.2    0.8    -666.000   25.1   0b1111111111111111    20190521T161314957809
 7      40     1.8233      0.0       0.0     0.0009      0.3    0.8    1989.000   25.1   0b1111111111111111    20190521T161314957946
 8      40     1.8360      0.0       0.0    -0.0025      0.0    0.0    -666.000   25.1   0b1111111111111111    20190521T161314958085
 9      40     1.8196      0.2       0.8    -0.0002      0.3    0.8    -666.000   25.1   0b1111111111111111    20190521T161314958221
10      40     1.8329      0.2       0.8    -0.0017      0.0    0.0    -666.000   25.1   0b1111111111111111    20190521T161314958357
11      40     1.8255      0.0       0.0     0.0007      0.3    0.8    2738.250   25.1   0b1111111111111111    20190521T161314958528
12      40     1.8157      0.0       0.0     0.0016      0.3    0.8    1146.789   25.1   0b1111111111111111    20190521T161314958666
13      40     1.8173      0.2       0.8     0.0025      0.0    0.0     726.930   25.1   0b1111111111111111    20190521T161314958801
14      40     1.8203      0.0       0.0     0.0006      0.4    0.8    3120.429   25.1   0b1111111111111111    20190521T161314958937
15      40     1.8157      0.0       0.0     0.0025      0.0    0.0     726.300   25.1   0b1111111111111111    20190521T161314959072
 0      30     1.7760      0.0       0.0    -0.0009      0.3    0.8    -666.000   25.1   0b1111111111111111    20190521T161318404575
 1      30     1.7800      0.4       0.8    -0.0008      0.0    0.0    -666.000   25.1   0b1111111111111111    20190521T161318404981
 2      30     1.7797      0.0       0.0    -0.0002      0.4    0.8    -666.000   25.1   0b1111111111111111    20190521T161318405296
 3      30     1.7749      0.4       0.8    -0.0008      0.0    0.0    -666.000   25.1   0b1111111111111111    20190521T161318405616
 4      30     1.7677      0.0       0.0    -0.0008      0.0    0.0    -666.000   25.1   0b1111111111111111    20190521T161318405908
 5      30     1.7674      0.4       0.8     0.0000      0.0    0.0    -666.000   25.1   0b1111111111111111    20190521T161318406195
 6      30     1.7767      0.2       0.8    -0.0017      0.2    0.8    -666.000   25.1   0b1111111111111111    20190521T161318406503
 7      30     1.7730      0.0       0.0     0.0007      0.2    0.8    2364.000   25.1   0b1111111111111111    20190521T161318406790
 8      30     1.7850      0.0       0.0    -0.0025      0.0    0.0    -666.000   25.1   0b1111111111111111    20190521T161318407071
 9      30     1.7700      0.0       0.0    -0.0002      0.3    0.8    -666.000   25.1   0b1111111111111111    20190521T161318407431
10      30     1.7812      0.0       0.0    -0.0016      0.3    0.8    -666.000   25.1   0b1111111111111111    20190521T161318407720
11      30     1.7760      0.0       0.0     0.0007      0.3    0.8    2664.000   25.1   0b1111111111111111    20190521T161318408002
12      30     1.7670      0.0       0.0     0.0016      0.3    0.8    1116.000   25.1   0b1111111111111111    20190521T161318408284
13      30     1.7687      0.3       0.7     0.0024      0.2    0.8     731.886   25.1   0b1111111111111111    20190521T161318408587
14      30     1.7708      0.0       0.0     0.0005      0.4    0.8    3541.500   25.1   0b1111111111111111    20190521T161318408870
15      30     1.7671      0.2       0.8     0.0024      0.2    0.8     731.203   25.1   0b1111111111111111    20190521T161318409148
 0      20     1.7259      0.3       0.8    -0.0010      0.3    0.8    -666.000   25.1   0b1111111111111111    20190521T161321854295
 1      20     1.7303      0.0       0.0    -0.0008      0.0    0.0    -666.000   25.1   0b1111111111111111    20190521T161321854744
 2      20     1.7303      0.0       0.0    -0.0004      0.4    0.8    -666.000   25.1   0b1111111111111111    20190521T161321855065
 3      20     1.7250      0.0       0.0    -0.0008      0.0    0.0    -666.000   25.1   0b1111111111111111    20190521T161321855360
 4      20     1.7175      0.0       0.0    -0.0009      0.3    0.8    -666.000   25.1   0b1111111111111111    20190521T161321855674
 5      20     1.7167      0.0       0.0     0.0000      0.0    0.0    -666.000   25.1   0b1111111111111111    20190521T161321855962
 6      20     1.7258      0.0       0.0    -0.0018      0.3    0.8    -666.000   25.1   0b1111111111111111    20190521T161321856245
 7      20     1.7221      0.2       0.8     0.0008      0.0    0.0    2066.490   25.1   0b1111111111111111    20190521T161321856548
 8      20     1.7348      0.0       0.0    -0.0026      0.3    0.8    -666.000   25.1   0b1111111111111111    20190521T161321856833
 9      20     1.7192      0.3       0.7    -0.0003      0.4    0.8    -666.000   25.1   0b1111111111111111    20190521T161321857115
10      20     1.7307      0.4       0.8    -0.0017      0.0    0.0    -666.000   25.1   0b1111111111111111    20190521T161321857471
11      20     1.7250      0.0       0.0     0.0004      0.4    0.8    4140.000   25.1   0b1111111111111111    20190521T161321857654
12      20     1.7175      0.0       0.0     0.0015      0.3    0.8    1145.000   25.1   0b1111111111111111    20190521T161321857792
13      20     1.7190      0.0       0.0     0.0024      0.2    0.8     711.310   25.1   0b1111111111111111    20190521T161321857928
14      20     1.7206      0.2       0.7     0.0002      0.4    0.8    6882.300   25.1   0b1111111111111111    20190521T161321858064
15      20     1.7176      0.2       0.8     0.0024      0.2    0.8     710.721   25.1   0b1111111111111111    20190521T161321858200
 0      10     1.6763      0.0       0.0    -0.0015      0.3    0.8    -666.000   25.1   0b1111111111111111    20190521T161325301682
 1      10     1.6800      0.0       0.0    -0.0008      0.0    0.0    -666.000   25.1   0b1111111111111111    20190521T161325302081
 2      10     1.6803      0.4       0.8    -0.0006      0.4    0.8    -666.000   25.1   0b1111111111111111    20190521T161325302441
 3      10     1.6754      0.2       0.7    -0.0008      0.0    0.0    -666.000   25.1   0b1111111111111111    20190521T161325302753
 4      10     1.6665      0.0       0.0    -0.0010      0.3    0.8    -666.000   25.1   0b1111111111111111    20190521T161325303052
 5      10     1.6665      0.0       0.0     0.0000      0.0    0.0    -666.000   25.1   0b1111111111111111    20190521T161325303350
 6      10     1.6747      0.0       0.0    -0.0021      0.4    0.8    -666.000   25.1   0b1111111111111111    20190521T161325303666
 7      10     1.6717      0.0       0.0     0.0007      0.3    0.8    2507.625   25.1   0b1111111111111111    20190521T161325303956
 8      10     1.6837      0.0       0.0    -0.0026      0.3    0.8    -666.000   25.1   0b1111111111111111    20190521T161325304297
 9      10     1.6690      0.4       0.8    -0.0007      0.3    0.8    -666.000   25.1   0b1111111111111111    20190521T161325304609
10      10     1.6800      0.0       0.0    -0.0017      0.0    0.0    -666.000   25.1   0b1111111111111111    20190521T161325304895
11      10     1.6740      0.0       0.0     0.0003      0.4    0.8    5022.000   25.1   0b1111111111111111    20190521T161325305179
12      10     1.6680      0.0       0.0     0.0015      0.3    0.8    1112.000   25.1   0b1111111111111111    20190521T161325305486
13      10     1.6695      0.0       0.0     0.0023      0.4    0.8     742.000   25.1   0b1111111111111111    20190521T161325305770
14      10     1.6711      0.2       0.8     0.0002      0.3    0.8   10026.450   25.1   0b1111111111111111    20190521T161325306051
15      10     1.6687      0.0       0.0     0.0024      0.2    0.8     690.517   25.1   0b1111111111111111    20190521T161325306333
 0       0     1.6260      0.0       0.0    -0.0016      0.3    0.8    -666.000   25.0   0b1111111111111111    20190521T161328751988
 1       0     1.6298      0.0       0.0    -0.0008      0.0    0.0    -666.000   25.0   0b1111111111111111    20190521T161328752427
 2       0     1.6305      0.0       0.0    -0.0007      0.3    0.8    -666.000   25.0   0b1111111111111111    20190521T161328752747
 3       0     1.6252      0.0       0.0    -0.0013      0.4    0.8    -666.000   25.0   0b1111111111111111    20190521T161328753043
 4       0     1.6163      0.0       0.0    -0.0009      0.3    0.8    -666.000   25.0   0b1111111111111111    20190521T161328753333
 5       0     1.6163      0.0       0.0    -0.0001      0.2    0.8    -666.000   25.0   0b1111111111111111    20190521T161328753642
 6       0     1.6245      0.0       0.0    -0.0023      0.3    0.8    -666.000   25.0   0b1111111111111111    20190521T161328753926
 7       0     1.6207      0.0       0.0     0.0007      0.2    0.8    2161.000   25.0   0b1111111111111111    20190521T161328754208
 8       0     1.6328      0.0       0.0    -0.0025      0.0    0.0    -666.000   25.0   0b1111111111111111    20190521T161328754510
 9       0     1.6185      0.0       0.0    -0.0008      0.0    0.0    -666.000   25.0   0b1111111111111111    20190521T161328754805
10       0     1.6290      0.0       0.0    -0.0017      0.2    0.8    -666.000   25.0   0b1111111111111111    20190521T161328755117
11       0     1.6237      0.0       0.0     0.0002      0.4    0.8    6495.000   25.0   0b1111111111111111    20190521T161328755421
12       0     1.6185      0.0       0.0     0.0013      0.4    0.8    1294.800   25.0   0b1111111111111111    20190521T161328755706
13       0     1.6200      0.0       0.0     0.0023      0.3    0.8     694.286   25.0   0b1111111111111111    20190521T161328755989
14       0     1.6215      0.0       0.0     0.0000      0.0    0.0    -666.000   25.0   0b1111111111111111    20190521T161328756266
15       0     1.6190      0.4       0.7     0.0020      0.4    0.8     809.475   25.0   0b1111111111111111    20190521T161328756564
