CH# Threshold[DAC] Vset[DAC]     V[V]     I[A]     R[ohm]     T[C]           LUstate          Timestamp
 0        806         0        1.6438    0.3233   5.0838    25.0476      0b101010101010100    20190530T153935802197
 1       2297         0        1.6258    1.5375   1.0575    25.0476     0b1111111111111101    20190530T153935845510
 2        804         0        1.6373    0.3208   5.1034    25.0476      0b100010101010000    20190530T153935888784
 3       2290         0        1.6357    1.5367   1.0645    25.0476     0b1111111111110101    20190530T153935932027
 4        798         0        1.6178    0.3191   5.0700    25.0476      0b100000000000000    20190530T153935975009
 5       2243         0        1.6065    1.5043   1.0679    25.0476     0b1101010101010101    20190530T153936018290
 6        801         0        1.6140    0.3167   5.0968    25.0476      0b100010100010000    20190530T153936061542
 7       2254         0        1.6110    1.5151   1.0633    25.0159     0b1101110101110101    20190530T153936104644
 8        799         0        1.6170    0.3158   5.1198    25.0476      0b100010000010000    20190530T153936147915
 9       2263         0        1.6169    1.5228   1.0618    25.0476     0b1101110111110101    20190530T153936191062
10        798         0        1.6073    0.3165   5.0782    25.0476      0b100000000000000    20190530T153936230932
11       2253         0        1.6088    1.5125   1.0637    25.0476     0b1101010101110101    20190530T153936274423
12        804         0        1.6170    0.3190   5.0690    25.0476      0b100010101010000    20190530T153936317882
13       2266         0        1.6155    1.5150   1.0663    25.0476     0b1101111111110101    20190530T153936361001
14        796         0        1.6133    0.3159   5.1066    25.0476       0b00000000000000    20190530T153936403930
15       2242         0        1.6050    1.5025   1.0682    25.0476      0b101010101010101    20190530T153936446744
 0        868        50        1.9058    0.3750   5.0820    25.2695      0b101010101010100    20190530T153948591881
 1       2586        50        1.8831    1.7808   1.0574    25.2695     0b1111111111110101    20190530T153948635357
 2        865        50        1.8975    0.3724   5.0951    25.2695      0b100010101010000    20190530T153948678292
 3       2589        50        1.8953    1.7810   1.0641    25.2695     0b1111111111110111    20190530T153948721179
 4        860        50        1.8758    0.3700   5.0698    25.2695      0b100010000000000    20190530T153948764064
 5       2495        50        1.8607    1.7432   1.0675    25.3012      0b101010101010101    20190530T153948806912
 6        862        50        1.8687    0.3674   5.0861    25.2695      0b100010100010000    20190530T153948849792
 7       2554        50        1.8668    1.7565   1.0628    25.2695     0b1101110101110101    20190530T153948892684
 8        860        50        1.8683    0.3658   5.1080    25.2695      0b100010000000000    20190530T153948935652
 9       2561        50        1.8690    1.7608   1.0614    25.2695     0b1111110111110101    20190530T153948978544
10        858        50        1.8570    0.3659   5.0749    25.2695       0b00000000000000    20190530T153949021419
11       2547        50        1.8592    1.7475   1.0639    25.2695      0b101010101110101    20190530T153949064239
12        866        50        1.8733    0.3700   5.0631    25.3012      0b100010101010100    20190530T153949107038
13       2559        50        1.8727    1.7568   1.0660    25.2695     0b1101110111110101    20190530T153949149935
14        859        50        1.8690    0.3667   5.0973    25.2695       0b00010000000000    20190530T153949192745
15       2547        50        1.8592    1.7408   1.0680    25.2695      0b101010101110101    20190530T153949235544
 0        931       100        2.1488    0.4233   5.0758    25.4280      0b101010101010100    20190530T154001401567
 1       2870       100        2.1247    2.0100   1.0571    25.4280     0b1111111111111101    20190530T154001444453
 2        927       100        2.1397    0.4201   5.0936    25.3963      0b100010101010000    20190530T154001487301
 3       2865       100        2.1367    2.0082   1.0640    25.4280     0b1111111111110101    20190530T154001530054
 4        922       100        2.1270    0.4200   5.0643    25.3963       0b00010100000000    20190530T154001572954
 5       2828       100        2.1105    1.9768   1.0676    25.4280      0b101010101010101    20190530T154001615787
 6        923       100        2.1217    0.4175   5.0819    25.3963      0b100010100010000    20190530T154001658687
 7       2849       100        2.1180    1.9929   1.0628    25.3963     0b1101110101110101    20190530T154001701581
 8        921       100        2.1217    0.4158   5.1024    25.4280       0b00010000000000    20190530T154001744432
 9       2854       100        2.1217    1.9989   1.0614    25.4280     0b1101110111110101    20190530T154001787293
10        920       100        2.1105    0.4159   5.0743    25.4280       0b00000000000000    20190530T154001830176
11       2834       100        2.1126    1.9859   1.0638    25.3963      0b101010101110101    20190530T154001873031
12        929       100        2.1226    0.4194   5.0608    25.4280      0b100010101010100    20190530T154001915927
13       2854       100        2.1225    1.9917   1.0657    25.3963     0b1101110111110101    20190530T154001958669
14        922       100        2.1180    0.4158   5.0934    25.4280       0b00010100000000    20190530T154002001538
15       2837       100        2.1090    1.9751   1.0678    25.4280      0b101110101110101    20190530T154002044303
 0        988       150        2.3880    0.4708   5.0719    25.4914      0b100010101010100    20190530T154014164791
 1       3137       150        2.3618    2.2343   1.0570    25.4597     0b1111111111111101    20190530T154014208057
 2        985       150        2.3776    0.4675   5.0857    25.4597      0b100010101010000    20190530T154014251584
 3       3135       150        2.3755    2.2334   1.0636    25.4597     0b1111111111110101    20190530T154014294341
 4        982       150        2.3685    0.4682   5.0591    25.4597      0b100010100000000    20190530T154014337235
 5       3104       150        2.3498    2.2014   1.0674    25.4597      0b101010101010101    20190530T154014380089
 6        984       150        2.3618    0.4650   5.0790    25.4914      0b100010100010000    20190530T154014422985
 7       3113       150        2.3580    2.2187   1.0628    25.4914     0b1101110101110101    20190530T154014465855
 8        981       150        2.3594    0.4625   5.1015    25.4914      0b100010000000000    20190530T154014508716
 9       3121       150        2.3595    2.2231   1.0614    25.4597     0b1111110111110101    20190530T154014551444
10        980       150        2.3478    0.4633   5.0681    25.4597      0b100000000000000    20190530T154014594352
11       3104       150        2.3490    2.2085   1.0636    25.4914      0b101010101010101    20190530T154014637225
12        988       150        2.3644    0.4676   5.0566    25.4597      0b100010101010100    20190530T154014680100
13       3119       150        2.3655    2.2203   1.0654    25.4597     0b1101110111110101    20190530T154014723116
14        979       150        2.3580    0.4633   5.0892    25.4597       0b00000000000000    20190530T154014765949
15       3108       150        2.3490    2.2003   1.0676    25.4597      0b101110101110101    20190530T154014808725
 0       1045       200        2.6303    0.5188   5.0704    25.4914      0b100010101010100    20190530T154026913437
 1       3402       200        2.5995    2.4594   1.0570    25.4597     0b1111111111110101    20190530T154026956419
 2       1043       200        2.6176    0.5147   5.0861    25.4914      0b100010101010000    20190530T154026999485
 3       3403       200        2.6115    2.4552   1.0636    25.4597     0b1111111111110111    20190530T154027042696
 4       1041       200        2.6118    0.5159   5.0624    25.4597      0b100010100000000    20190530T154027085866
 5       3372       200        2.5897    2.4267   1.0672    25.4597      0b101110101010101    20190530T154027129042
 6       1041       200        2.6040    0.5132   5.0744    25.4597      0b100010100000000    20190530T154027172291
 7       3392       200        2.5950    2.4410   1.0631    25.4914     0b1111110101110101    20190530T154027215129
 8       1038       200        2.5965    0.5090   5.1012    25.4914      0b100010000000000    20190530T154027257873
 9       3393       200        2.5943    2.4447   1.0612    25.4597     0b1111110111110101    20190530T154027300638
10       1037       200        2.5838    0.5098   5.0687    25.4914      0b100000000000000    20190530T154027343539
11       3368       200        2.5833    2.4292   1.0635    25.4597      0b101010101010101    20190530T154027386339
12       1048       200        2.6070    0.5156   5.0564    25.4914      0b100010101010101    20190530T154027429107
13       3391       200        2.6048    2.4457   1.0650    25.4597     0b1101110101110101    20190530T154027471907
14       1036       200        2.5995    0.5108   5.0887    25.4914       0b00000000000000    20190530T154027514718
15       3377       200        2.5885    2.4243   1.0677    25.4597      0b101110101110101    20190530T154027557481
 0       1103       250        2.8627    0.5650   5.0668    25.4597      0b100010101010100    20190530T154039673360
 1       3489       250        2.6790    2.5348   1.0569    25.4280      0b101010101010101    20190530T154039716842
 2       1099       250        2.8523    0.5603   5.0903    25.4280      0b100010100010000    20190530T154039759997
 3       3489       250        2.6776    2.5175   1.0636    25.4597      0b101010101010101    20190530T154039803251
 4       1098       250        2.8490    0.5647   5.0455    25.4597      0b100010100000000    20190530T154039846452
 5       3489       250        2.6809    2.5118   1.0673    25.4280      0b101010101010101    20190530T154039889285
 6       1102       250        2.8418    0.5581   5.0920    25.4597      0b100010100010100    20190530T154039932174
 7       3489       250        2.6531    2.4958   1.0630    25.4597      0b101010101010101    20190530T154039975073
 8       1092       250        2.8305    0.5547   5.1031    25.4597       0b00000000000000    20190530T154040017917
 9       3489       250        2.6678    2.5133   1.0615    25.4597      0b101010101010101    20190530T154040060682
10       1093       250        2.8180    0.5548   5.0790    25.4280       0b00000100000000    20190530T154040103557
11       3489       250        2.6672    2.5082   1.0634    25.4280      0b101010101010101    20190530T154040146376
12       1105       250        2.8418    0.5618   5.0580    25.4280      0b100010101010101    20190530T154040189298
13       3489       250        2.6678    2.5046   1.0652    25.4597      0b101010101010101    20190530T154040232162
14       1094       250        2.8350    0.5548   5.1096    25.4280       0b00010100000000    20190530T154040275030
15       3489       250        2.6687    2.4993   1.0678    25.4280      0b101010101010101    20190530T154040317769
