CH# Vset[DAC]   V[V]    dVRMS[mV] dVpp[mV]    I[A]  dIRMS[mA] dIpp[mA]   R[ohm]   T[C]   State                Timestamp
 0     250     2.8609      0.4       0.7     0.1305      0.6    1.7      21.923   23.3   0b1111111111111111    20191206T113711274347
 1     250     2.8572      0.4       0.8     0.5661      0.8    2.5       5.047   23.3   0b1111111111111111    20191206T113711274739
 2     250     2.8470      0.0       0.0     0.1326      0.6    1.7      21.473   23.3   0b1111111111111111    20191206T113711275124
 3     250     2.8514      0.2       0.8     0.5642      0.0    0.0       5.054   23.3   0b1111111111111111    20191206T113711275422
 4     250     2.8710      0.0       0.0     0.1318      0.3    0.8      21.777   23.3   0b1111111111111111    20191206T113711275711
 5     250     2.8568      0.0       0.0     0.5679      0.6    1.7       5.030   23.3   0b1111111111111111    20191206T113711275981
 6     250     2.8629      0.3       0.7     0.1333      0.7    1.7      21.485   23.3   0b1111111111111111    20191206T113711276120
 7     250     2.8498      0.3       0.8     0.5621      0.6    1.7       5.070   23.3   0b1111111111111111    20191206T113711276257
 8     250     2.8344      0.3       0.8     0.1303      0.5    1.7      21.761   23.3   0b1111111111111111    20191206T113711276394
 9     250     2.8440      0.0       0.0     0.5664      0.7    2.5       5.021   23.3   0b1111111111111111    20191206T113711276530
10     250     2.8520      0.3       0.8     0.1287      0.4    0.8      22.166   23.3   0b1111111111111111    20191206T113711276666
11     250     2.8304      0.2       0.7     0.5616      0.6    1.7       5.040   23.3   0b1111111111111111    20191206T113711276830
12     250     2.8785      0.0       0.0     0.1319      0.7    2.5      21.821   23.3   0b1111111111111111    20191206T113711276968
13     250     2.8575      0.0       0.0     0.5626      0.4    1.7       5.079   23.3   0b1111111111111111    20191206T113711277104
14     250     2.8627      0.0       0.0     0.1338      0.6    1.7      21.390   23.3   0b1111111111111111    20191206T113711277240
15     250     2.8540      0.3       0.8     0.5653      0.6    1.7       5.048   23.3   0b1111111111111111    20191206T113711277376
 0     240     2.8117      0.0       0.0     0.1285      0.3    0.8      21.881   23.3   0b1111111111111111    20191206T113714762240
 1     240     2.8087      0.2       0.8     0.5560      0.3    0.8       5.052   23.3   0b1111111111111111    20191206T113714762684
 2     240     2.7982      0.0       0.0     0.1303      0.4    0.8      21.470   23.3   0b1111111111111111    20191206T113714764191
 3     240     2.8027      0.0       0.0     0.5547      0.4    0.8       5.053   23.3   0b1111111111111111    20191206T113714764499
 4     240     2.8216      0.3       0.8     0.1298      0.3    0.8      21.733   23.3   0b1111111111111111    20191206T113714764844
 5     240     2.8073      0.2       0.8     0.5583      0.5    1.7       5.028   23.3   0b1111111111111111    20191206T113714765147
 6     240     2.8140      0.0       0.0     0.1313      0.4    0.8      21.426   23.3   0b1111111111111111    20191206T113714765452
 7     240     2.8009      0.4       0.8     0.5528      0.4    0.8       5.067   23.3   0b1111111111111111    20191206T113714765735
 8     240     2.7862      0.0       0.0     0.1278      0.4    0.8      21.796   23.3   0b1111111111111111    20191206T113714766114
 9     240     2.7960      0.0       0.0     0.5567      0.0    0.0       5.023   23.3   0b1111111111111111    20191206T113714766405
10     240     2.8035      0.0       0.0     0.1262      0.4    0.8      22.221   23.3   0b1111111111111111    20191206T113714766687
11     240     2.7817      0.0       0.0     0.5520      0.6    1.7       5.039   23.3   0b1111111111111111    20191206T113714766947
12     240     2.8290      0.0       0.0     0.1296      0.4    0.8      21.832   23.3   0b1111111111111111    20191206T113714767114
13     240     2.8088      0.0       0.0     0.5528      0.4    0.8       5.081   23.3   0b1111111111111111    20191206T113714767320
14     240     2.8140      0.0       0.0     0.1317      0.4    1.7      21.372   23.3   0b1111111111111111    20191206T113714767489
15     240     2.8054      0.4       0.8     0.5556      0.4    0.8       5.049   23.3   0b1111111111111111    20191206T113714767625
 0     230     2.7645      0.0       0.0     0.1263      0.4    0.8      21.897   23.4   0b1111111111111111    20191206T113718253305
 1     230     2.7608      0.0       0.0     0.5468      0.3    0.8       5.049   23.4   0b1111111111111111    20191206T113718253691
 2     230     2.7510      0.0       0.0     0.1280      0.4    0.8      21.492   23.4   0b1111111111111111    20191206T113718254071
 3     230     2.7555      0.0       0.0     0.5452      0.3    0.8       5.054   23.4   0b1111111111111111    20191206T113718254373
 4     230     2.7735      0.0       0.0     0.1276      0.4    1.7      21.739   23.4   0b1111111111111111    20191206T113718254664
 5     230     2.7597      0.4       0.8     0.5488      0.4    0.8       5.028   23.4   0b1111111111111111    20191206T113718255001
 6     230     2.7660      0.0       0.0     0.1288      0.4    0.8      21.470   23.4   0b1111111111111111    20191206T113718255292
 7     230     2.7533      0.0       0.0     0.5432      0.3    0.8       5.068   23.4   0b1111111111111111    20191206T113718255574
 8     230     2.7390      0.0       0.0     0.1258      0.4    1.7      21.767   23.4   0b1111111111111111    20191206T113718255917
 9     230     2.7488      0.0       0.0     0.5475      0.0    0.0       5.021   23.4   0b1111111111111111    20191206T113718256059
10     230     2.7563      0.0       0.0     0.1241      0.2    0.8      22.213   23.4   0b1111111111111111    20191206T113718256195
11     230     2.7350      0.3       0.8     0.5428      0.4    0.8       5.038   23.4   0b1111111111111111    20191206T113718256332
12     230     2.7810      0.0       0.0     0.1276      0.2    0.8      21.798   23.4   0b1111111111111111    20191206T113718256467
13     230     2.7611      0.4       0.8     0.5435      0.3    0.8       5.080   23.4   0b1111111111111111    20191206T113718256602
14     230     2.7660      0.0       0.0     0.1298      0.3    0.8      21.304   23.4   0b1111111111111111    20191206T113718256738
15     230     2.7578      0.0       0.0     0.5463      0.4    0.8       5.048   23.4   0b1111111111111111    20191206T113718256897
 0     220     2.7142      0.0       0.0     0.1242      0.0    0.0      21.860   23.4   0b1111111111111111    20191206T113721708905
 1     220     2.7128      0.0       0.0     0.5370      0.4    0.8       5.052   23.4   0b1111111111111111    20191206T113721709123
 2     220     2.7022      0.0       0.0     0.1258      0.0    0.0      21.475   23.4   0b1111111111111111    20191206T113721709269
 3     220     2.7060      0.0       0.0     0.5354      0.4    0.8       5.054   23.4   0b1111111111111111    20191206T113721709410
 4     220     2.7240      0.0       0.0     0.1251      0.2    0.8      21.777   23.4   0b1111111111111111    20191206T113721709548
 5     220     2.7116      0.4       0.8     0.5393      0.3    0.8       5.028   23.4   0b1111111111111111    20191206T113721709698
 6     220     2.7173      0.0       0.0     0.1267      0.0    0.0      21.452   23.4   0b1111111111111111    20191206T113721709836
 7     220     2.7045      0.0       0.0     0.5335      0.3    0.8       5.069   23.4   0b1111111111111111    20191206T113721709977
 8     220     2.6910      0.0       0.0     0.1234      0.2    0.8      21.804   23.4   0b1111111111111111    20191206T113721710113
 9     220     2.7000      0.0       0.0     0.5378      0.4    0.8       5.021   23.4   0b1111111111111111    20191206T113721710249
10     220     2.7067      0.0       0.0     0.1219      0.4    0.8      22.202   23.4   0b1111111111111111    20191206T113721710385
11     220     2.6866      0.3       0.7     0.5329      0.4    0.8       5.041   23.4   0b1111111111111111    20191206T113721710521
12     220     2.7315      0.0       0.0     0.1253      0.4    0.8      21.808   23.4   0b1111111111111111    20191206T113721710661
13     220     2.7120      0.0       0.0     0.5338      0.4    0.8       5.080   23.4   0b1111111111111111    20191206T113721710803
14     220     2.7168      0.4       0.8     0.1274      0.2    0.8      21.322   23.4   0b1111111111111111    20191206T113721710946
15     220     2.7098      0.0       0.0     0.5367      0.3    0.8       5.048   23.4   0b1111111111111111    20191206T113721711083
 0     210     2.6655      0.0       0.0     0.1217      0.2    0.8      21.893   23.4   0b1111111111111111    20191206T113725148953
 1     210     2.6633      0.0       0.0     0.5274      0.2    0.8       5.050   23.4   0b1111111111111111    20191206T113725149344
 2     210     2.6535      0.0       0.0     0.1233      0.0    0.0      21.515   23.4   0b1111111111111111    20191206T113725149650
 3     210     2.6567      0.3       0.7     0.5257      0.3    0.8       5.054   23.4   0b1111111111111111    20191206T113725149968
 4     210     2.6745      0.0       0.0     0.1227      0.3    0.8      21.803   23.4   0b1111111111111111    20191206T113725150257
 5     210     2.6624      0.3       0.8     0.5296      0.4    0.8       5.027   23.4   0b1111111111111111    20191206T113725150543
 6     210     2.6676      0.3       0.8     0.1243      0.3    0.8      21.455   23.4   0b1111111111111111    20191206T113725150827
 7     210     2.6550      0.0       0.0     0.5240      0.3    0.8       5.067   23.4   0b1111111111111111    20191206T113725151131
 8     210     2.6423      0.0       0.0     0.1208      0.0    0.0      21.867   23.4   0b1111111111111111    20191206T113725151414
 9     210     2.6513      0.0       0.0     0.5280      0.4    0.8       5.021   23.4   0b1111111111111111    20191206T113725151744
10     210     2.6573      0.0       0.0     0.1197      0.4    0.8      22.205   23.4   0b1111111111111111    20191206T113725152050
11     210     2.6378      0.0       0.0     0.5233      0.0    0.0       5.040   23.4   0b1111111111111111    20191206T113725152335
12     210     2.6820      0.0       0.0     0.1229      0.4    0.8      21.820   23.4   0b1111111111111111    20191206T113725152614
13     210     2.6625      0.0       0.0     0.5241      0.3    0.8       5.080   23.4   0b1111111111111111    20191206T113725152914
14     210     2.6676      0.3       0.8     0.1251      0.2    0.8      21.327   23.4   0b1111111111111111    20191206T113725153198
15     210     2.6603      0.0       0.0     0.5269      0.4    0.8       5.049   23.4   0b1111111111111111    20191206T113725153477
 0     200     2.6160      0.0       0.0     0.1192      0.3    0.8      21.937   23.5   0b1111111111111111    20191206T113728590482
 1     200     2.6138      0.0       0.0     0.5178      0.4    0.8       5.048   23.5   0b1111111111111111    20191206T113728590893
 2     200     2.6040      0.0       0.0     0.1208      0.0    0.0      21.550   23.5   0b1111111111111111    20191206T113728591194
 3     200     2.6077      0.0       0.0     0.5158      0.0    0.0       5.055   23.5   0b1111111111111111    20191206T113728591483
 4     200     2.6242      0.0       0.0     0.1203      0.4    0.8      21.808   23.5   0b1111111111111111    20191206T113728591789
 5     200     2.6123      0.2       0.8     0.5197      0.4    0.8       5.026   23.5   0b1111111111111111    20191206T113728592076
 6     200     2.6175      0.0       0.0     0.1217      0.2    0.8      21.499   23.5   0b1111111111111111    20191206T113728592358
 7     200     2.6055      0.0       0.0     0.5142      0.0    0.0       5.067   23.5   0b1111111111111111    20191206T113728592710
 8     200     2.5927      0.0       0.0     0.1187      0.4    0.8      21.849   23.5   0b1111111111111111    20191206T113728592998
 9     200     2.6025      0.0       0.0     0.5183      0.0    0.0       5.021   23.5   0b1111111111111111    20191206T113728593278
10     200     2.6085      0.0       0.0     0.1174      0.2    0.8      22.216   23.5   0b1111111111111111    20191206T113728593557
11     200     2.5890      0.0       0.0     0.5135      0.3    0.8       5.042   23.5   0b1111111111111111    20191206T113728593857
12     200     2.6318      0.0       0.0     0.1207      0.3    0.8      21.810   23.5   0b1111111111111111    20191206T113728594154
13     200     2.6130      0.0       0.0     0.5142      0.0    0.0       5.082   23.5   0b1111111111111111    20191206T113728594436
14     200     2.6175      0.0       0.0     0.1228      0.4    0.8      21.309   23.5   0b1111111111111111    20191206T113728594740
15     200     2.6107      0.0       0.0     0.5172      0.4    0.8       5.048   23.5   0b1111111111111111    20191206T113728595022
 0     190     2.5680      0.0       0.0     0.1173      0.4    0.8      21.902   23.5   0b1111111111111111    20191206T113732031291
 1     190     2.5665      0.0       0.0     0.5083      0.0    0.0       5.049   23.5   0b1111111111111111    20191206T113732031699
 2     190     2.5572      0.4       0.8     0.1187      0.4    0.8      21.534   23.5   0b1111111111111111    20191206T113732032000
 3     190     2.5604      0.2       0.8     0.5066      0.3    0.8       5.054   23.5   0b1111111111111111    20191206T113732032291
 4     190     2.5763      0.0       0.0     0.1182      0.3    0.8      21.802   23.5   0b1111111111111111    20191206T113732032575
 5     190     2.5650      0.0       0.0     0.5101      0.2    0.8       5.029   23.5   0b1111111111111111    20191206T113732032880
 6     190     2.5695      0.0       0.0     0.1198      0.4    0.8      21.457   23.5   0b1111111111111111    20191206T113732033164
 7     190     2.5582      0.2       0.8     0.5048      0.3    0.8       5.067   23.5   0b1111111111111111    20191206T113732033493
 8     190     2.5463      0.0       0.0     0.1167      0.0    0.0      21.825   23.5   0b1111111111111111    20191206T113732033798
 9     190     2.5545      0.0       0.0     0.5087      0.4    0.8       5.022   23.5   0b1111111111111111    20191206T113732034081
10     190     2.5613      0.0       0.0     0.1150      0.0    0.0      22.272   23.5   0b1111111111111111    20191206T113732034362
11     190     2.5425      0.0       0.0     0.5043      0.3    0.8       5.041   23.5   0b1111111111111111    20191206T113732034662
12     190     2.5848      0.4       0.8     0.1184      0.2    0.8      21.828   23.5   0b1111111111111111    20191206T113732034944
13     190     2.5656      0.3       0.7     0.5048      0.3    0.8       5.082   23.5   0b1111111111111111    20191206T113732035225
14     190     2.5703      0.0       0.0     0.1206      0.4    0.8      21.315   23.5   0b1111111111111111    20191206T113732035504
15     190     2.5631      0.4       0.7     0.5076      0.3    0.8       5.050   23.5   0b1111111111111111    20191206T113732035809
 0     180     2.5185      0.0       0.0     0.1150      0.0    0.0      21.900   23.5   0b1111111111111111    20191206T113735476513
 1     180     2.5172      0.3       0.8     0.4984      0.3    0.8       5.050   23.5   0b1111111111111111    20191206T113735476934
 2     180     2.5080      0.0       0.0     0.1166      0.3    0.8      21.513   23.5   0b1111111111111111    20191206T113735477234
 3     180     2.5111      0.3       0.8     0.4967      0.0    0.0       5.056   23.5   0b1111111111111111    20191206T113735477524
 4     180     2.5267      0.0       0.0     0.1158      0.0    0.0      21.814   23.5   0b1111111111111111    20191206T113735477830
 5     180     2.5161      0.3       0.7     0.5001      0.3    0.8       5.031   23.5   0b1111111111111111    20191206T113735478116
 6     180     2.5200      0.0       0.0     0.1174      0.2    0.8      21.462   23.5   0b1111111111111111    20191206T113735478397
 7     180     2.5087      0.0       0.0     0.4951      0.3    0.8       5.067   23.5   0b1111111111111111    20191206T113735478700
 8     180     2.4975      0.0       0.0     0.1142      0.0    0.0      21.876   23.5   0b1111111111111111    20191206T113735478981
 9     180     2.5057      0.0       0.0     0.4992      0.0    0.0       5.020   23.5   0b1111111111111111    20191206T113735479311
10     180     2.5117      0.0       0.0     0.1127      0.3    0.8      22.294   23.5   0b1111111111111111    20191206T113735479597
11     180     2.4937      0.0       0.0     0.4947      0.4    0.8       5.040   23.5   0b1111111111111111    20191206T113735479910
12     180     2.5350      0.0       0.0     0.1161      0.4    0.8      21.838   23.5   0b1111111111111111    20191206T113735480191
13     180     2.5162      0.0       0.0     0.4950      0.0    0.0       5.083   23.5   0b1111111111111111    20191206T113735480471
14     180     2.5208      0.0       0.0     0.1183      0.0    0.0      21.302   23.5   0b1111111111111111    20191206T113735480773
15     180     2.5140      0.0       0.0     0.4981      0.4    0.8       5.047   23.5   0b1111111111111111    20191206T113735481054
 0     170     2.4697      0.2       0.7     0.1126      0.2    0.8      21.936   23.6   0b1111111111111111    20191206T113738919529
 1     170     2.4683      0.0       0.0     0.4887      0.4    0.8       5.051   23.6   0b1111111111111111    20191206T113738919769
 2     170     2.4593      0.0       0.0     0.1143      0.2    0.8      21.525   23.6   0b1111111111111111    20191206T113738919941
 3     170     2.4623      0.0       0.0     0.4874      0.3    0.8       5.052   23.6   0b1111111111111111    20191206T113738920091
 4     170     2.4773      0.0       0.0     0.1135      0.3    0.8      21.826   23.6   0b1111111111111111    20191206T113738920237
 5     170     2.4668      0.0       0.0     0.4906      0.4    0.8       5.028   23.6   0b1111111111111111    20191206T113738920380
 6     170     2.4705      0.0       0.0     0.1150      0.0    0.0      21.483   23.6   0b1111111111111111    20191206T113738920520
 7     170     2.4600      0.0       0.0     0.4850      0.0    0.0       5.072   23.6   0b1111111111111111    20191206T113738920676
 8     170     2.4487      0.0       0.0     0.1119      0.4    0.8      21.880   23.6   0b1111111111111111    20191206T113738920816
 9     170     2.4570      0.0       0.0     0.4893      0.3    0.8       5.021   23.6   0b1111111111111111    20191206T113738920960
10     170     2.4630      0.0       0.0     0.1107      0.2    0.8      22.239   23.6   0b1111111111111111    20191206T113738921099
11     170     2.4450      0.0       0.0     0.4850      0.0    0.0       5.041   23.6   0b1111111111111111    20191206T113738921235
12     170     2.4855      0.0       0.0     0.1135      0.3    0.8      21.899   23.6   0b1111111111111111    20191206T113738921372
13     170     2.4669      0.3       0.7     0.4856      0.4    0.8       5.080   23.6   0b1111111111111111    20191206T113738921508
14     170     2.4713      0.0       0.0     0.1159      0.3    0.8      21.319   23.6   0b1111111111111111    20191206T113738921648
15     170     2.4646      0.2       0.7     0.4883      0.0    0.0       5.047   23.6   0b1111111111111111    20191206T113738921785
 0     160     2.4195      0.0       0.0     0.1103      0.4    0.8      21.929   23.6   0b1111111111111111    20191206T113742356277
 1     160     2.4187      0.0       0.0     0.4792      0.0    0.0       5.048   23.6   0b1111111111111111    20191206T113742356718
 2     160     2.4097      0.0       0.0     0.1117      0.3    0.8      21.564   23.6   0b1111111111111111    20191206T113742357040
 3     160     2.4134      0.2       0.8     0.4774      0.2    0.8       5.055   23.6   0b1111111111111111    20191206T113742357340
 4     160     2.4270      0.0       0.0     0.1110      0.3    0.8      21.865   23.6   0b1111111111111111    20191206T113742357631
 5     160     2.4172      0.0       0.0     0.4808      0.0    0.0       5.027   23.6   0b1111111111111111    20191206T113742357941
 6     160     2.4210      0.0       0.0     0.1125      0.0    0.0      21.520   23.6   0b1111111111111111    20191206T113742358227
 7     160     2.4105      0.0       0.0     0.4755      0.4    0.8       5.069   23.6   0b1111111111111111    20191206T113742358511
 8     160     2.4000      0.0       0.0     0.1098      0.4    0.8      21.868   23.6   0b1111111111111111    20191206T113742358813
 9     160     2.4082      0.0       0.0     0.4799      0.2    0.8       5.018   23.6   0b1111111111111111    20191206T113742359142
10     160     2.4139      0.4       0.8     0.1083      0.0    0.0      22.283   23.6   0b1111111111111111    20191206T113742359441
11     160     2.3962      0.0       0.0     0.4753      0.4    0.8       5.042   23.6   0b1111111111111111    20191206T113742359745
12     160     2.4352      0.0       0.0     0.1114      0.4    0.8      21.857   23.6   0b1111111111111111    20191206T113742360030
13     160     2.4178      0.3       0.8     0.4758      0.2    0.8       5.082   23.6   0b1111111111111111    20191206T113742360309
14     160     2.4217      0.0       0.0     0.1134      0.2    0.8      21.353   23.6   0b1111111111111111    20191206T113742360587
15     160     2.4157      0.0       0.0     0.4783      0.0    0.0       5.050   23.6   0b1111111111111111    20191206T113742360891
 0     150     2.3723      0.0       0.0     0.1082      0.2    0.8      21.915   23.7   0b1111111111111111    20191206T113745798859
 1     150     2.3715      0.0       0.0     0.4696      0.4    0.8       5.050   23.7   0b1111111111111111    20191206T113745799237
 2     150     2.3633      0.0       0.0     0.1100      0.0    0.0      21.484   23.7   0b1111111111111111    20191206T113745799535
 3     150     2.3663      0.0       0.0     0.4681      0.4    0.8       5.055   23.7   0b1111111111111111    20191206T113745799843
 4     150     2.3790      0.0       0.0     0.1091      0.3    0.8      21.809   23.7   0b1111111111111111    20191206T113745800131
 5     150     2.3700      0.0       0.0     0.4712      0.4    0.8       5.030   23.7   0b1111111111111111    20191206T113745800414
 6     150     2.3738      0.0       0.0     0.1103      0.4    0.8      21.514   23.7   0b1111111111111111    20191206T113745800718
 7     150     2.3633      0.0       0.0     0.4661      0.4    0.8       5.070   23.7   0b1111111111111111    20191206T113745801002
 8     150     2.3535      0.0       0.0     0.1075      0.0    0.0      21.893   23.7   0b1111111111111111    20191206T113745801281
 9     150     2.3618      0.0       0.0     0.4702      0.3    0.8       5.023   23.7   0b1111111111111111    20191206T113745801561
10     150     2.3670      0.0       0.0     0.1061      0.4    0.8      22.313   23.7   0b1111111111111111    20191206T113745801907
11     150     2.3513      0.0       0.0     0.4663      0.4    0.8       5.042   23.7   0b1111111111111111    20191206T113745802192
12     150     2.3875      0.3       0.7     0.1092      0.0    0.0      21.870   23.7   0b1111111111111111    20191206T113745802471
13     150     2.3700      0.0       0.0     0.4660      0.3    0.8       5.086   23.7   0b1111111111111111    20191206T113745802774
14     150     2.3746      0.2       0.8     0.1114      0.4    0.8      21.313   23.7   0b1111111111111111    20191206T113745803055
15     150     2.3685      0.0       0.0     0.4692      0.0    0.0       5.048   23.7   0b1111111111111111    20191206T113745803334
 0     140     2.3235      0.0       0.0     0.1058      0.0    0.0      21.954   23.7   0b1111111111111111    20191206T113749241185
 1     140     2.3227      0.0       0.0     0.4600      0.0    0.0       5.049   23.7   0b1111111111111111    20191206T113749241569
 2     140     2.3145      0.0       0.0     0.1075      0.0    0.0      21.530   23.7   0b1111111111111111    20191206T113749241866
 3     140     2.3175      0.0       0.0     0.4584      0.3    0.8       5.055   23.7   0b1111111111111111    20191206T113749242181
 4     140     2.3298      0.4       0.8     0.1066      0.2    0.8      21.859   23.7   0b1111111111111111    20191206T113749242467
 5     140     2.3212      0.0       0.0     0.4615      0.3    0.8       5.030   23.7   0b1111111111111111    20191206T113749242751
 6     140     2.3242      0.0       0.0     0.1079      0.4    0.8      21.537   23.7   0b1111111111111111    20191206T113749243052
 7     140     2.3145      0.0       0.0     0.4563      0.4    0.8       5.072   23.7   0b1111111111111111    20191206T113749243336
 8     140     2.3047      0.0       0.0     0.1052      0.3    0.8      21.915   23.7   0b1111111111111111    20191206T113749243628
 9     140     2.3130      0.0       0.0     0.4608      0.0    0.0       5.019   23.7   0b1111111111111111    20191206T113749243971
10     140     2.3182      0.0       0.0     0.1040      0.3    0.8      22.291   23.7   0b1111111111111111    20191206T113749244254
11     140     2.3032      0.0       0.0     0.4567      0.0    0.0       5.044   23.7   0b1111111111111111    20191206T113749244535
12     140     2.3381      0.4       0.7     0.1067      0.0    0.0      21.920   23.7   0b1111111111111111    20191206T113749244814
13     140     2.3212      0.0       0.0     0.4567      0.0    0.0       5.083   23.7   0b1111111111111111    20191206T113749245118
14     140     2.3257      0.0       0.0     0.1091      0.3    0.8      21.321   23.7   0b1111111111111111    20191206T113749245397
15     140     2.3197      0.0       0.0     0.4592      0.0    0.0       5.052   23.7   0b1111111111111111    20191206T113749245676
 0     130     2.2746      0.3       0.8     0.1034      0.2    0.8      21.995   23.7   0b1111111111111111    20191206T113752681105
 1     130     2.2740      0.0       0.0     0.4501      0.3    0.8       5.052   23.7   0b1111111111111111    20191206T113752681501
 2     130     2.2664      0.3       0.8     0.1050      0.0    0.0      21.584   23.7   0b1111111111111111    20191206T113752681832
 3     130     2.2692      0.4       0.8     0.4488      0.4    0.8       5.056   23.7   0b1111111111111111    20191206T113752682128
 4     130     2.2808      0.0       0.0     0.1042      0.0    0.0      21.895   23.7   0b1111111111111111    20191206T113752682415
 5     130     2.2725      0.0       0.0     0.4517      0.0    0.0       5.031   23.7   0b1111111111111111    20191206T113752682724
 6     130     2.2755      0.0       0.0     0.1058      0.3    0.8      21.518   23.7   0b1111111111111111    20191206T113752683010
 7     130     2.2658      0.0       0.0     0.4468      0.3    0.8       5.071   23.7   0b1111111111111111    20191206T113752683291
 8     130     2.2567      0.0       0.0     0.1031      0.4    0.8      21.892   23.7   0b1111111111111111    20191206T113752683610
 9     130     2.2650      0.0       0.0     0.4511      0.4    0.8       5.021   23.7   0b1111111111111111    20191206T113752683925
10     130     2.2700      0.4       0.8     0.1017      0.0    0.0      22.327   23.7   0b1111111111111111    20191206T113752684207
11     130     2.2545      0.0       0.0     0.4470      0.4    0.8       5.044   23.7   0b1111111111111111    20191206T113752684487
12     130     2.2890      0.0       0.0     0.1046      0.4    0.8      21.887   23.7   0b1111111111111111    20191206T113752684789
13     130     2.2725      0.0       0.0     0.4467      0.0    0.0       5.088   23.7   0b1111111111111111    20191206T113752685071
14     130     2.2770      0.0       0.0     0.1067      0.0    0.0      21.347   23.7   0b1111111111111111    20191206T113752685350
15     130     2.2710      0.0       0.0     0.4499      0.2    0.8       5.048   23.7   0b1111111111111111    20191206T113752685630
 0     120     2.2267      0.0       0.0     0.1012      0.4    0.8      22.011   23.7   0b1111111111111111    20191206T113756121469
 1     120     2.2260      0.0       0.0     0.4406      0.4    0.8       5.052   23.7   0b1111111111111111    20191206T113756121703
 2     120     2.2177      0.0       0.0     0.1027      0.3    0.8      21.601   23.7   0b1111111111111111    20191206T113756121852
 3     120     2.2200      0.0       0.0     0.4390      0.3    0.8       5.057   23.7   0b1111111111111111    20191206T113756121994
 4     120     2.2325      0.3       0.8     0.1017      0.3    0.8      21.941   23.7   0b1111111111111111    20191206T113756122132
 5     120     2.2237      0.0       0.0     0.4418      0.3    0.8       5.033   23.7   0b1111111111111111    20191206T113756122270
 6     120     2.2267      0.0       0.0     0.1033      0.0    0.0      21.549   23.7   0b1111111111111111    20191206T113756122407
 7     120     2.2175      0.3       0.8     0.4374      0.2    0.8       5.070   23.7   0b1111111111111111    20191206T113756122552
 8     120     2.2080      0.0       0.0     0.1008      0.0    0.0      21.898   23.7   0b1111111111111111    20191206T113756122743
 9     120     2.2170      0.0       0.0     0.4417      0.0    0.0       5.020   23.7   0b1111111111111111    20191206T113756122886
10     120     2.2215      0.0       0.0     0.0993      0.2    0.8      22.383   23.7   0b1111111111111111    20191206T113756123023
11     120     2.2065      0.0       0.0     0.4373      0.3    0.8       5.045   23.7   0b1111111111111111    20191206T113756123159
12     120     2.2395      0.0       0.0     0.1023      0.3    0.8      21.884   23.7   0b1111111111111111    20191206T113756123295
13     120     2.2237      0.0       0.0     0.4370      0.4    0.8       5.089   23.7   0b1111111111111111    20191206T113756123429
14     120     2.2282      0.0       0.0     0.1044      0.4    0.8      21.340   23.7   0b1111111111111111    20191206T113756123565
15     120     2.2222      0.0       0.0     0.4400      0.0    0.0       5.051   23.7   0b1111111111111111    20191206T113756123704
 0     110     2.1803      0.0       0.0     0.0990      0.3    0.8      22.023   23.7   0b1111111111111111    20191206T113759561481
 1     110     2.1795      0.0       0.0     0.4315      0.3    0.8       5.051   23.7   0b1111111111111111    20191206T113759561936
 2     110     2.1720      0.0       0.0     0.1008      0.2    0.8      21.558   23.7   0b1111111111111111    20191206T113759562241
 3     110     2.1735      0.0       0.0     0.4299      0.2    0.8       5.056   23.7   0b1111111111111111    20191206T113759562531
 4     110     2.1855      0.0       0.0     0.0998      0.3    0.8      21.891   23.7   0b1111111111111111    20191206T113759562865
 5     110     2.1773      0.0       0.0     0.4325      0.0    0.0       5.034   23.7   0b1111111111111111    20191206T113759563155
 6     110     2.1795      0.0       0.0     0.1010      0.3    0.8      21.579   23.7   0b1111111111111111    20191206T113759563438
 7     110     2.1711      0.3       0.7     0.4279      0.4    0.8       5.074   23.7   0b1111111111111111    20191206T113759563776
 8     110     2.1621      0.3       0.8     0.0985      0.3    0.8      21.950   23.7   0b1111111111111111    20191206T113759564060
 9     110     2.1705      0.0       0.0     0.4324      0.2    0.8       5.019   23.7   0b1111111111111111    20191206T113759564391
10     110     2.1750      0.0       0.0     0.0974      0.2    0.8      22.327   23.7   0b1111111111111111    20191206T113759564740
11     110     2.1608      0.0       0.0     0.4283      0.0    0.0       5.045   23.7   0b1111111111111111    20191206T113759565032
12     110     2.1923      0.0       0.0     0.1000      0.0    0.0      21.923   23.7   0b1111111111111111    20191206T113759565313
13     110     2.1773      0.0       0.0     0.4278      0.4    0.8       5.090   23.7   0b1111111111111111    20191206T113759565593
14     110     2.1818      0.0       0.0     0.1023      0.3    0.8      21.320   23.7   0b1111111111111111    20191206T113759565859
15     110     2.1761      0.4       0.8     0.4308      0.0    0.0       5.051   23.7   0b1111111111111111    20191206T113759565996
 0     100     2.1309      0.3       0.8     0.0967      0.0    0.0      22.044   23.8   0b1111111111111111    20191206T113802998061
 1     100     2.1307      0.0       0.0     0.4217      0.0    0.0       5.053   23.8   0b1111111111111111    20191206T113802998436
 2     100     2.1232      0.0       0.0     0.0983      0.0    0.0      21.592   23.8   0b1111111111111111    20191206T113802998824
 3     100     2.1247      0.0       0.0     0.4200      0.0    0.0       5.059   23.8   0b1111111111111111    20191206T113802999124
 4     100     2.1367      0.0       0.0     0.0975      0.0    0.0      21.915   23.8   0b1111111111111111    20191206T113802999411
 5     100     2.1285      0.0       0.0     0.4225      0.0    0.0       5.038   23.8   0b1111111111111111    20191206T113802999751
 6     100     2.1307      0.0       0.0     0.0990      0.3    0.8      21.523   23.8   0b1111111111111111    20191206T113803000051
 7     100     2.1225      0.0       0.0     0.4183      0.0    0.0       5.074   23.8   0b1111111111111111    20191206T113803000389
 8     100     2.1135      0.0       0.0     0.0962      0.4    0.8      21.977   23.8   0b1111111111111111    20191206T113803000739
 9     100     2.1225      0.0       0.0     0.4225      0.0    0.0       5.024   23.8   0b1111111111111111    20191206T113803001033
10     100     2.1262      0.0       0.0     0.0950      0.0    0.0      22.382   23.8   0b1111111111111111    20191206T113803001315
11     100     2.1126      0.3       0.8     0.4183      0.0    0.0       5.050   23.8   0b1111111111111111    20191206T113803001595
12     100     2.1435      0.0       0.0     0.0975      0.0    0.0      21.985   23.8   0b1111111111111111    20191206T113803001930
13     100     2.1285      0.0       0.0     0.4183      0.2    0.8       5.089   23.8   0b1111111111111111    20191206T113803002212
14     100     2.1330      0.0       0.0     0.1000      0.0    0.0      21.330   23.8   0b1111111111111111    20191206T113803002492
15     100     2.1277      0.0       0.0     0.4209      0.2    0.8       5.055   23.8   0b1111111111111111    20191206T113803002821
 0      90     2.0809      0.4       0.8     0.0942      0.0    0.0      22.098   23.8   0b1111111111111111    20191206T113806439515
 1      90     2.0820      0.0       0.0     0.4117      0.0    0.0       5.057   23.8   0b1111111111111111    20191206T113806439962
 2      90     2.0737      0.0       0.0     0.0959      0.2    0.8      21.620   23.8   0b1111111111111111    20191206T113806440266
 3      90     2.0753      0.0       0.0     0.4101      0.3    0.8       5.061   23.8   0b1111111111111111    20191206T113806440557
 4      90     2.0865      0.0       0.0     0.0950      0.0    0.0      21.963   23.8   0b1111111111111111    20191206T113806440888
 5      90     2.0798      0.0       0.0     0.4133      0.0    0.0       5.032   23.8   0b1111111111111111    20191206T113806441177
 6      90     2.0828      0.0       0.0     0.0967      0.0    0.0      21.546   23.8   0b1111111111111111    20191206T113806441461
 7      90     2.0737      0.0       0.0     0.4084      0.2    0.8       5.078   23.8   0b1111111111111111    20191206T113806441796
 8      90     2.0648      0.0       0.0     0.0941      0.2    0.8      21.946   23.8   0b1111111111111111    20191206T113806442134
 9      90     2.0737      0.2       0.8     0.4129      0.4    0.8       5.022   23.8   0b1111111111111111    20191206T113806442424
10      90     2.0783      0.0       0.0     0.0925      0.0    0.0      22.468   23.8   0b1111111111111111    20191206T113806442771
11      90     2.0648      0.0       0.0     0.4091      0.2    0.8       5.047   23.8   0b1111111111111111    20191206T113806443063
12      90     2.0948      0.0       0.0     0.0952      0.4    0.8      21.992   23.8   0b1111111111111111    20191206T113806443342
13      90     2.0798      0.0       0.0     0.4084      0.2    0.8       5.092   23.8   0b1111111111111111    20191206T113806443622
14      90     2.0849      0.3       0.8     0.0977      0.3    0.8      21.347   23.8   0b1111111111111111    20191206T113806443956
15      90     2.0790      0.0       0.0     0.4116      0.2    0.8       5.051   23.8   0b1111111111111111    20191206T113806444236
 0      80     2.0303      0.2       0.8     0.0918      0.3    0.8      22.109   23.8   0b1111111111111111    20191206T113809887465
 1      80     2.0311      0.3       0.7     0.4018      0.3    0.8       5.055   23.8   0b1111111111111111    20191206T113809887937
 2      80     2.0235      0.0       0.0     0.0934      0.2    0.8      21.661   23.8   0b1111111111111111    20191206T113809888259
 3      80     2.0250      0.0       0.0     0.4000      0.0    0.0       5.062   23.8   0b1111111111111111    20191206T113809888557
 4      80     2.0363      0.2       0.8     0.0925      0.0    0.0      22.014   23.8   0b1111111111111111    20191206T113809888897
 5      80     2.0302      0.0       0.0     0.4032      0.3    0.8       5.036   23.8   0b1111111111111111    20191206T113809889201
 6      80     2.0332      0.2       0.7     0.0942      0.0    0.0      21.591   23.8   0b1111111111111111    20191206T113809889486
 7      80     2.0242      0.0       0.0     0.3988      0.4    0.8       5.076   23.8   0b1111111111111111    20191206T113809889879
 8      80     2.0151      0.3       0.8     0.0917      0.0    0.0      21.983   23.8   0b1111111111111111    20191206T113809890173
 9      80     2.0235      0.0       0.0     0.4033      0.0    0.0       5.017   23.8   0b1111111111111111    20191206T113809890457
10      80     2.0287      0.0       0.0     0.0902      0.4    0.8      22.479   23.8   0b1111111111111111    20191206T113809890803
11      80     2.0145      0.0       0.0     0.3992      0.0    0.0       5.047   23.8   0b1111111111111111    20191206T113809891095
12      80     2.0446      0.2       0.8     0.0931      0.4    0.8      21.965   23.8   0b1111111111111111    20191206T113809891376
13      80     2.0302      0.0       0.0     0.3985      0.3    0.8       5.095   23.8   0b1111111111111111    20191206T113809891700
14      80     2.0347      0.0       0.0     0.0952      0.3    0.8      21.381   23.8   0b1111111111111111    20191206T113809891998
15      80     2.0295      0.0       0.0     0.4017      0.0    0.0       5.053   23.8   0b1111111111111111    20191206T113809892278
 0      70     1.9792      0.0       0.0     0.0894      0.4    0.8      22.135   23.8   0b1111111111111111    20191206T113813326259
 1      70     1.9808      0.0       0.0     0.3918      0.3    0.8       5.055   23.8   0b1111111111111111    20191206T113813326592
 2      70     1.9733      0.0       0.0     0.0912      0.4    0.8      21.644   23.8   0b1111111111111111    20191206T113813326866
 3      70     1.9742      0.3       0.8     0.3900      0.0    0.0       5.062   23.8   0b1111111111111111    20191206T113813327126
 4      70     1.9860      0.0       0.0     0.0902      0.4    0.8      22.006   23.8   0b1111111111111111    20191206T113813327385
 5      70     1.9800      0.0       0.0     0.3933      0.0    0.0       5.034   23.8   0b1111111111111111    20191206T113813327638
 6      70     1.9830      0.0       0.0     0.0917      0.0    0.0      21.633   23.8   0b1111111111111111    20191206T113813327899
 7      70     1.9740      0.0       0.0     0.3888      0.4    0.8       5.077   23.8   0b1111111111111111    20191206T113813328154
 8      70     1.9650      0.0       0.0     0.0892      0.0    0.0      22.037   23.8   0b1111111111111111    20191206T113813328410
 9      70     1.9734      0.3       0.8     0.3930      0.4    0.8       5.021   23.8   0b1111111111111111    20191206T113813328690
10      70     1.9779      0.3       0.8     0.0879      0.4    0.8      22.497   23.8   0b1111111111111111    20191206T113813328951
11      70     1.9650      0.0       0.0     0.3892      0.0    0.0       5.049   23.8   0b1111111111111111    20191206T113813329202
12      70     1.9950      0.0       0.0     0.0907      0.2    0.8      21.983   23.8   0b1111111111111111    20191206T113813329453
13      70     1.9804      0.4       0.8     0.3886      0.4    0.8       5.096   23.8   0b1111111111111111    20191206T113813329746
14      70     1.9853      0.0       0.0     0.0930      0.4    0.8      21.347   23.8   0b1111111111111111    20191206T113813329932
15      70     1.9800      0.0       0.0     0.3917      0.0    0.0       5.055   23.8   0b1111111111111111    20191206T113813330078
 0      60     1.9282      0.0       0.0     0.0870      0.4    0.8      22.164   23.8   0b1111111111111111    20191206T113816780918
 1      60     1.9290      0.0       0.0     0.3817      0.0    0.0       5.054   23.8   0b1111111111111111    20191206T113816781304
 2      60     1.9215      0.0       0.0     0.0888      0.4    0.8      21.651   23.8   0b1111111111111111    20191206T113816781603
 3      60     1.9222      0.0       0.0     0.3799      0.3    0.8       5.060   23.8   0b1111111111111111    20191206T113816781959
 4      60     1.9350      0.0       0.0     0.0878      0.4    0.8      22.051   23.8   0b1111111111111111    20191206T113816782262
 5      60     1.9290      0.0       0.0     0.3827      0.3    0.8       5.041   23.8   0b1111111111111111    20191206T113816782549
 6      60     1.9312      0.0       0.0     0.0895      0.4    0.8      21.578   23.8   0b1111111111111111    20191206T113816782875
 7      60     1.9222      0.0       0.0     0.3783      0.0    0.0       5.081   23.8   0b1111111111111111    20191206T113816783162
 8      60     1.9139      0.3       0.8     0.0867      0.2    0.8      22.062   23.8   0b1111111111111111    20191206T113816783443
 9      60     1.9222      0.0       0.0     0.3827      0.3    0.8       5.023   23.8   0b1111111111111111    20191206T113816783828
10      60     1.9267      0.0       0.0     0.0858      0.0    0.0      22.448   23.8   0b1111111111111111    20191206T113816784119
11      60     1.9133      0.0       0.0     0.3786      0.4    0.8       5.054   23.8   0b1111111111111111    20191206T113816784402
12      60     1.9439      0.3       0.8     0.0883      0.0    0.0      22.006   23.8   0b1111111111111111    20191206T113816784738
13      60     1.9282      0.2       0.8     0.3783      0.0    0.0       5.096   23.8   0b1111111111111111    20191206T113816785024
14      60     1.9336      0.2       0.8     0.0904      0.4    0.8      21.385   23.8   0b1111111111111111    20191206T113816785305
15      60     1.9282      0.0       0.0     0.3817      0.0    0.0       5.052   23.8   0b1111111111111111    20191206T113816785585
 0      50     1.8765      0.0       0.0     0.0849      0.3    0.8      22.098   23.9   0b1111111111111111    20191206T113820220353
 1      50     1.8776      0.4       0.8     0.3717      0.0    0.0       5.052   23.9   0b1111111111111111    20191206T113820220828
 2      50     1.8700      0.4       0.8     0.0863      0.4    0.8      21.661   23.9   0b1111111111111111    20191206T113820221150
 3      50     1.8712      0.0       0.0     0.3694      0.4    0.8       5.065   23.9   0b1111111111111111    20191206T113820221443
 4      50     1.8825      0.0       0.0     0.0853      0.4    0.8      22.061   23.9   0b1111111111111111    20191206T113820221792
 5      50     1.8766      0.2       0.8     0.3725      0.0    0.0       5.038   23.9   0b1111111111111111    20191206T113820222087
 6      50     1.8788      0.0       0.0     0.0868      0.2    0.8      21.657   23.9   0b1111111111111111    20191206T113820222421
 7      50     1.8705      0.0       0.0     0.3683      0.0    0.0       5.078   23.9   0b1111111111111111    20191206T113820222787
 8      50     1.8622      0.0       0.0     0.0842      0.0    0.0      22.126   23.9   0b1111111111111111    20191206T113820223079
 9      50     1.8712      0.0       0.0     0.3725      0.0    0.0       5.023   23.9   0b1111111111111111    20191206T113820223362
10      50     1.8750      0.0       0.0     0.0833      0.0    0.0      22.500   23.9   0b1111111111111111    20191206T113820223667
11      50     1.8620      0.3       0.8     0.3683      0.0    0.0       5.055   23.9   0b1111111111111111    20191206T113820223974
12      50     1.8915      0.0       0.0     0.0858      0.0    0.0      22.037   23.9   0b1111111111111111    20191206T113820224255
13      50     1.8758      0.0       0.0     0.3682      0.3    0.8       5.094   23.9   0b1111111111111111    20191206T113820224535
14      50     1.8817      0.0       0.0     0.0877      0.3    0.8      21.465   23.9   0b1111111111111111    20191206T113820224862
15      50     1.8760      0.4       0.8     0.3711      0.4    0.8       5.056   23.9   0b1111111111111111    20191206T113820225145
 0      40     1.8240      0.0       0.0     0.0825      0.0    0.0      22.109   23.9   0b1111111111111111    20191206T113823662963
 1      40     1.8255      0.0       0.0     0.3608      0.0    0.0       5.059   23.9   0b1111111111111111    20191206T113823663344
 2      40     1.8180      0.0       0.0     0.0841      0.2    0.8      21.621   23.9   0b1111111111111111    20191206T113823663729
 3      40     1.8195      0.0       0.0     0.3593      0.3    0.8       5.064   23.9   0b1111111111111111    20191206T113823664055
 4      40     1.8299      0.2       0.8     0.0829      0.4    0.8      22.069   23.9   0b1111111111111111    20191206T113823664346
 5      40     1.8248      0.0       0.0     0.3622      0.4    0.8       5.037   23.9   0b1111111111111111    20191206T113823664633
 6      40     1.8263      0.0       0.0     0.0842      0.3    0.8      21.677   23.9   0b1111111111111111    20191206T113823664973
 7      40     1.8188      0.0       0.0     0.3582      0.3    0.8       5.078   23.9   0b1111111111111111    20191206T113823665258
 8      40     1.8105      0.0       0.0     0.0819      0.4    0.8      22.102   23.9   0b1111111111111111    20191206T113823665587
 9      40     1.8196      0.2       0.8     0.3625      0.0    0.0       5.020   23.9   0b1111111111111111    20191206T113823665857
10      40     1.8233      0.2       0.8     0.0808      0.0    0.0      22.557   23.9   0b1111111111111111    20191206T113823665997
11      40     1.8105      0.0       0.0     0.3583      0.0    0.0       5.053   23.9   0b1111111111111111    20191206T113823666134
12      40     1.8382      0.0       0.0     0.0833      0.0    0.0      22.059   23.9   0b1111111111111111    20191206T113823666270
13      40     1.8240      0.0       0.0     0.3575      0.0    0.0       5.102   23.9   0b1111111111111111    20191206T113823666407
14      40     1.8293      0.0       0.0     0.0858      0.2    0.8      21.332   23.9   0b1111111111111111    20191206T113823666542
15      40     1.8240      0.0       0.0     0.3608      0.0    0.0       5.055   23.9   0b1111111111111111    20191206T113823666707
 0      30     1.7728      0.3       0.8     0.0800      0.0    0.0      22.160   23.9   0b1111111111111111    20191206T113827106444
 1      30     1.7755      0.4       0.7     0.3511      0.4    0.8       5.057   23.9   0b1111111111111111    20191206T113827106911
 2      30     1.7692      0.0       0.0     0.0816      0.3    0.8      21.686   23.9   0b1111111111111111    20191206T113827107231
 3      30     1.7685      0.0       0.0     0.3492      0.0    0.0       5.065   23.9   0b1111111111111111    20191206T113827107528
 4      30     1.7782      0.0       0.0     0.0804      0.4    0.8      22.113   23.9   0b1111111111111111    20191206T113827107870
 5      30     1.7738      0.0       0.0     0.3517      0.0    0.0       5.044   23.9   0b1111111111111111    20191206T113827108162
 6      30     1.7751      0.3       0.8     0.0819      0.4    0.8      21.670   23.9   0b1111111111111111    20191206T113827108447
 7      30     1.7677      0.0       0.0     0.3481      0.4    0.8       5.079   23.9   0b1111111111111111    20191206T113827108786
 8      30     1.7617      0.0       0.0     0.0796      0.4    0.8      22.137   23.9   0b1111111111111111    20191206T113827109074
 9      30     1.7692      0.0       0.0     0.3525      0.0    0.0       5.019   23.9   0b1111111111111111    20191206T113827109413
10      30     1.7730      0.0       0.0     0.0785      0.3    0.8      22.586   23.9   0b1111111111111111    20191206T113827109766
11      30     1.7617      0.0       0.0     0.3483      0.0    0.0       5.058   23.9   0b1111111111111111    20191206T113827110057
12      30     1.7865      0.0       0.0     0.0808      0.0    0.0      22.101   23.9   0b1111111111111111    20191206T113827110338
13      30     1.7730      0.0       0.0     0.3475      0.0    0.0       5.102   23.9   0b1111111111111111    20191206T113827110618
14      30     1.7782      0.0       0.0     0.0833      0.0    0.0      21.339   23.9   0b1111111111111111    20191206T113827110947
15      30     1.7738      0.0       0.0     0.3509      0.3    0.8       5.055   23.9   0b1111111111111111    20191206T113827111227
 0      20     1.7220      0.0       0.0     0.0775      0.0    0.0      22.219   23.9   0b1111111111111111    20191206T113830594021
 1      20     1.7250      0.0       0.0     0.3408      0.0    0.0       5.061   23.9   0b1111111111111111    20191206T113830594430
 2      20     1.7182      0.0       0.0     0.0792      0.0    0.0      21.704   23.9   0b1111111111111111    20191206T113830594746
 3      20     1.7175      0.0       0.0     0.3392      0.0    0.0       5.064   23.9   0b1111111111111111    20191206T113830595077
 4      20     1.7265      0.0       0.0     0.0782      0.3    0.8      22.087   23.9   0b1111111111111111    20191206T113830595372
 5      20     1.7228      0.0       0.0     0.3417      0.0    0.0       5.042   23.9   0b1111111111111111    20191206T113830595658
 6      20     1.7235      0.0       0.0     0.0796      0.4    0.8      21.657   23.9   0b1111111111111111    20191206T113830595948
 7      20     1.7167      0.0       0.0     0.3377      0.3    0.8       5.084   23.9   0b1111111111111111    20191206T113830596232
 8      20     1.7115      0.0       0.0     0.0775      0.0    0.0      22.084   23.9   0b1111111111111111    20191206T113830596513
 9      20     1.7185      0.3       0.8     0.3422      0.4    0.8       5.021   23.9   0b1111111111111111    20191206T113830596825
10      20     1.7220      0.0       0.0     0.0759      0.2    0.8      22.683   23.9   0b1111111111111111    20191206T113830597114
11      20     1.7115      0.0       0.0     0.3383      0.0    0.0       5.059   23.9   0b1111111111111111    20191206T113830597394
12      20     1.7348      0.0       0.0     0.0784      0.2    0.8      22.122   23.9   0b1111111111111111    20191206T113830597673
13      20     1.7218      0.3       0.8     0.3375      0.0    0.0       5.102   23.9   0b1111111111111111    20191206T113830597970
14      20     1.7273      0.0       0.0     0.0808      0.0    0.0      21.368   23.9   0b1111111111111111    20191206T113830598251
15      20     1.7228      0.0       0.0     0.3408      0.0    0.0       5.055   23.9   0b1111111111111111    20191206T113830598530
 0      10     1.6710      0.0       0.0     0.0750      0.0    0.0      22.280   23.9   0b1111111111111111    20191206T113834043827
 1      10     1.6740      0.0       0.0     0.3308      0.0    0.0       5.060   23.9   0b1111111111111111    20191206T113834044275
 2      10     1.6680      0.0       0.0     0.0767      0.0    0.0      21.757   23.9   0b1111111111111111    20191206T113834044577
 3      10     1.6672      0.0       0.0     0.3292      0.0    0.0       5.065   23.9   0b1111111111111111    20191206T113834044865
 4      10     1.6754      0.2       0.7     0.0758      0.2    0.8      22.118   23.9   0b1111111111111111    20191206T113834045200
 5      10     1.6717      0.0       0.0     0.3316      0.3    0.8       5.042   23.9   0b1111111111111111    20191206T113834045486
 6      10     1.6724      0.2       0.8     0.0771      0.4    0.8      21.696   23.9   0b1111111111111111    20191206T113834045819
 7      10     1.6657      0.0       0.0     0.3277      0.3    0.8       5.084   23.9   0b1111111111111111    20191206T113834046103
 8      10     1.6610      0.4       0.8     0.0750      0.0    0.0      22.146   23.9   0b1111111111111111    20191206T113834046242
 9      10     1.6680      0.0       0.0     0.3320      0.4    0.8       5.024   23.9   0b1111111111111111    20191206T113834046379
10      10     1.6712      0.3       0.8     0.0733      0.0    0.0      22.789   23.9   0b1111111111111111    20191206T113834046514
11      10     1.6613      0.0       0.0     0.3283      0.0    0.0       5.060   23.9   0b1111111111111111    20191206T113834046650
12      10     1.6830      0.0       0.0     0.0761      0.4    0.8      22.120   23.9   0b1111111111111111    20191206T113834046785
13      10     1.6710      0.0       0.0     0.3273      0.4    0.8       5.106   23.9   0b1111111111111111    20191206T113834046950
14      10     1.6760      0.3       0.8     0.0783      0.0    0.0      21.396   23.9   0b1111111111111111    20191206T113834047088
15      10     1.6717      0.0       0.0     0.3308      0.0    0.0       5.053   23.9   0b1111111111111111    20191206T113834047225
 0       0     1.6197      0.4       0.8     0.0725      0.0    0.0      22.341   23.9   0b1111111111111111    20191206T113837486040
 1       0     1.6230      0.0       0.0     0.3208      0.0    0.0       5.059   23.9   0b1111111111111111    20191206T113837486425
 2       0     1.6170      0.0       0.0     0.0742      0.0    0.0      21.802   23.9   0b1111111111111111    20191206T113837486736
 3       0     1.6163      0.0       0.0     0.3189      0.4    0.8       5.068   23.9   0b1111111111111111    20191206T113837487039
 4       0     1.6237      0.0       0.0     0.0733      0.0    0.0      22.142   23.9   0b1111111111111111    20191206T113837487330
 5       0     1.6200      0.0       0.0     0.3211      0.4    0.8       5.045   23.9   0b1111111111111111    20191206T113837487617
 6       0     1.6207      0.0       0.0     0.0749      0.3    0.8      21.634   23.9   0b1111111111111111    20191206T113837487941
 7       0     1.6148      0.2       0.8     0.3175      0.0    0.0       5.086   23.9   0b1111111111111111    20191206T113837488266
 8       0     1.6103      0.0       0.0     0.0725      0.0    0.0      22.210   23.9   0b1111111111111111    20191206T113837488549
 9       0     1.6178      0.0       0.0     0.3222      0.4    0.8       5.021   23.9   0b1111111111111111    20191206T113837488888
10       0     1.6207      0.0       0.0     0.0716      0.2    0.8      22.641   23.9   0b1111111111111111    20191206T113837489234
11       0     1.6109      0.3       0.8     0.3183      0.0    0.0       5.060   23.9   0b1111111111111111    20191206T113837489518
12       0     1.6313      0.0       0.0     0.0737      0.4    0.8      22.144   23.9   0b1111111111111111    20191206T113837489797
13       0     1.6200      0.0       0.0     0.3173      0.4    0.8       5.106   23.9   0b1111111111111111    20191206T113837490085
14       0     1.6245      0.0       0.0     0.0758      0.2    0.8      21.446   23.9   0b1111111111111111    20191206T113837490366
15       0     1.6207      0.0       0.0     0.3205      0.4    0.8       5.057   23.9   0b1111111111111111    20191206T113837490645
