CH# Threshold[DAC] Vset[DAC]     V[V]     I[A]     R[ohm]     T[C]           LUstate          Timestamp
 0        803         0        1.6357    0.3217   5.0852    30.8180       0b00010100010100    20190612T114815928602
 1       2262         0        1.6227    1.5179   1.0690    30.8497     0b1101110101011101    20190612T114815971734
 2        801         0        1.6276    0.3187   5.1075    30.8180       0b00000000000000    20190612T114816014823
 3       2251         0        1.6230    1.5152   1.0711    30.8180      0b101010101010101    20190612T114816058018
 4        801         0        1.6411    0.3225   5.0886    30.8497       0b00000000000000    20190612T114816101380
 5       2278         0        1.6425    1.5365   1.0690    30.8497     0b1101111101011111    20190612T114816144634
 6        803         0        1.6350    0.3207   5.0988    30.8497       0b00010100010100    20190612T114816187876
 7       2284         0        1.6275    1.5300   1.0637    30.8180     0b1111111101111111    20190612T114816231262
 8        801         0        1.6395    0.3208   5.1101    30.8180       0b00000000000000    20190612T114816274160
 9       2264         0        1.6199    1.5201   1.0656    30.8180     0b1101110101011111    20190612T114816316937
10        801         0        1.6328    0.3189   5.1197    30.8180       0b00000000000000    20190612T114816359848
11       2253         0        1.6166    1.5125   1.0688    30.8180      0b101010101011101    20190612T114816402678
12        804         0        1.6282    0.3183   5.1149    30.8180      0b100010101010101    20190612T114816445559
13       2280         0        1.6365    1.5291   1.0702    30.8180     0b1101111101111111    20190612T114816488455
14        803         0        1.6350    0.3178   5.1442    30.8497       0b00010100010100    20190612T114816531303
15       2255         0        1.6207    1.5186   1.0673    30.8497      0b101110101011101    20190612T114816574173
 0        865        50        1.8960    0.3731   5.0820    31.0082       0b00010100010100    20190612T114828682051
 1       2566        50        1.8789    1.7597   1.0678    31.0082     0b1101110101011101    20190612T114828725366
 2        863        50        1.8852    0.3699   5.0963    31.0082       0b00000000000000    20190612T114828768581
 3       2551        50        1.8795    1.7556   1.0706    31.0082      0b101010101010101    20190612T114828811842
 4        864        50        1.9030    0.3742   5.0861    31.0399       0b00000000000100    20190612T114828855037
 5       2583        50        1.9050    1.7828   1.0685    31.0082     0b1101111111011111    20190612T114828897855
 6        868        50        1.8968    0.3726   5.0908    31.0399      0b101010100010101    20190612T114828940753
 7       2578        50        1.8870    1.7742   1.0636    31.0082     0b1101111101011111    20190612T114828983651
 8        864        50        1.9044    0.3732   5.1033    31.0082       0b00000000000100    20190612T114829026467
 9       2569        50        1.8808    1.7653   1.0654    31.0082     0b1101110101011111    20190612T114829069466
10        864        50        1.8962    0.3708   5.1134    31.0082       0b00000000000100    20190612T114829112396
11       2552        50        1.8779    1.7573   1.0686    31.0082      0b101010101011101    20190612T114829155240
12        867        50        1.8893    0.3702   5.1028    31.0082      0b100010100010101    20190612T114829198117
13       2585        50        1.9013    1.7767   1.0701    31.0082     0b1101111111111111    20190612T114829240996
14        865        50        1.8975    0.3697   5.1330    31.0082       0b00010100010100    20190612T114829283897
15       2560        50        1.8803    1.7621   1.0671    31.0082      0b101110101011101    20190612T114829326741
 0        928       100        2.1449    0.4224   5.0777    31.1034       0b00010000010100    20190612T114841463120
 1       2852       100        2.1247    1.9904   1.0675    31.0717     0b1101010101011101    20190612T114841506367
 2        925       100        2.1330    0.4185   5.0968    31.0717       0b00000000000000    20190612T114841549174
 3       2845       100        2.1270    1.9874   1.0702    31.0717      0b101010101010101    20190612T114841591954
 4        927       100        2.1475    0.4228   5.0798    31.1034       0b00010000000100    20190612T114841634821
 5       2873       100        2.1504    2.0126   1.0685    31.1034     0b1111111111011111    20190612T114841677665
 6        930       100        2.1420    0.4210   5.0879    31.0717      0b101010100010101    20190612T114841720554
 7       2868       100        2.1315    2.0042   1.0635    31.0717     0b1101111101011111    20190612T114841763345
 8        928       100        2.1555    0.4229   5.0967    31.1034       0b00010000010100    20190612T114841806576
 9       2859       100        2.1322    2.0018   1.0651    31.1034     0b1101110101011111    20190612T114841849399
10        926       100        2.1480    0.4203   5.1102    31.0717       0b00000000000100    20190612T114841892338
11       2858       100        2.1277    1.9921   1.0681    31.1034     0b1101010101011111    20190612T114841935184
12        929       100        2.1375    0.4197   5.0923    31.0717      0b100010100010101    20190612T114841978049
13       2869       100        2.1494    2.0091   1.0699    31.1034     0b1101111111011111    20190612T114842020944
14        928       100        2.1458    0.4184   5.1283    31.0399       0b00010000010100    20190612T114842063793
15       2847       100        2.1262    1.9927   1.0670    31.0717      0b101010101011101    20190612T114842106555
 0        986       150        2.3850    0.4700   5.0745    31.1351       0b00000000010100    20190612T114854227146
 1       3119       150        2.3633    2.2146   1.0671    31.1034      0b101010101011101    20190612T114854270512
 2        983       150        2.3730    0.4658   5.0941    31.1034       0b00000000000000    20190612T114854313608
 3       3107       150        2.3657    2.2102   1.0704    31.1351      0b101010101010101    20190612T114854356347
 4        985       150        2.3895    0.4707   5.0768    31.1034       0b00000000000100    20190612T114854399271
 5       3134       150        2.3941    2.2411   1.0683    31.1034     0b1101111111011111    20190612T114854442114
 6        989       150        2.3841    0.4689   5.0843    31.1034      0b100010100010101    20190612T114854485002
 7       3133       150        2.3714    2.2295   1.0637    31.1351     0b1101111101011111    20190612T114854527907
 8        987       150        2.4022    0.4717   5.0931    31.1034       0b00010000010101    20190612T114854570716
 9       3131       150        2.3760    2.2318   1.0646    31.1034     0b1101110101011111    20190612T114854613518
10        986       150        2.3939    0.4688   5.1070    31.1351       0b00000000010100    20190612T114854656351
11       3123       150        2.3715    2.2208   1.0678    31.1034     0b1101010101011111    20190612T114854699109
12        990       150        2.3790    0.4677   5.0870    31.1034      0b100010101010101    20190612T114854741993
13       3140       150        2.3933    2.2381   1.0693    31.1034     0b1101111111111111    20190612T114854784795
14        988       150        2.3895    0.4668   5.1194    31.1034       0b00010100010101    20190612T114854827574
15       3119       150        2.3672    2.2188   1.0669    31.1034      0b101010101011101    20190612T114854870377
 0       1045       200        2.6288    0.5180   5.0748    31.0399       0b00000000010100    20190612T114907005870
 1       3394       200        2.5935    2.4311   1.0668    31.0399     0b1101110101011101    20190612T114907048984
 2       1043       200        2.6137    0.5133   5.0916    31.0399       0b00000000010000    20190612T114907092068
 3       3380       200        2.5946    2.4246   1.0701    31.0399      0b101010101010101    20190612T114907134941
 4       1042       200        2.6325    0.5185   5.0771    31.0399       0b00000000000000    20190612T114907177844
 5       3394       200        2.6146    2.4471   1.0684    31.0399     0b1101110101011101    20190612T114907220669
 6       1046       200        2.6265    0.5167   5.0835    31.0399       0b00010000010101    20190612T114907263571
 7       3394       200        2.5897    2.4349   1.0636    31.0399     0b1101110101011101    20190612T114907306468
 8       1046       200        2.6513    0.5209   5.0896    31.0399       0b00010000010101    20190612T114907349332
 9       3399       200        2.6058    2.4483   1.0643    31.0399     0b1111110111111111    20190612T114907392150
10       1045       200        2.6429    0.5177   5.1053    31.0399       0b00000000010100    20190612T114907435083
11       3393       200        2.6049    2.4395   1.0678    31.0399     0b1101010101011101    20190612T114907477919
12       1049       200        2.6234    0.5161   5.0833    31.0399      0b100010101010101    20190612T114907520820
13       3398       200        2.6154    2.4460   1.0693    31.0399     0b1101110111111111    20190612T114907563736
14       1046       200        2.6347    0.5151   5.1150    31.0399       0b00010000010101    20190612T114907606546
15       3388       200        2.5985    2.4354   1.0670    31.0399      0b101010101011101    20190612T114907649339
 0       1103       250        2.8478    0.5621   5.0664    31.0082       0b00010001010100    20190612T114919769000
 1       3456       250        2.6439    2.4793   1.0664    31.0082      0b101010101010101    20190612T114919812507
 2       1101       250        2.8380    0.5567   5.0982    31.0082       0b00000001010000    20190612T114919856146
 3       3456       250        2.6410    2.4683   1.0699    30.9765      0b101010101010101    20190612T114919899540
 4       1096       250        2.8515    0.5633   5.0618    31.0082       0b00000000000000    20190612T114919943652
 5       3456       250        2.6454    2.4759   1.0685    31.0082      0b101010101010101    20190612T114919987140
 6       1100       250        2.8470    0.5603   5.0809    30.9765       0b00000000010000    20190612T114920030189
 7       3456       250        2.6207    2.4638   1.0637    31.0082      0b101010101010101    20190612T114920073237
 8       1106       250        2.8627    0.5644   5.0721    31.0082      0b100010001010101    20190612T114920116129
 9       3456       250        2.6464    2.4864   1.0643    30.9765      0b101010101010101    20190612T114920159013
10       1102       250        2.8582    0.5593   5.1101    31.0082       0b00000001010100    20190612T114920201860
11       3456       250        2.6506    2.4830   1.0675    31.0082      0b101010101010101    20190612T114920244626
12       1109       250        2.8471    0.5627   5.0600    30.9765      0b100010101010101    20190612T114920287528
13       3456       250        2.6468    2.4752   1.0693    31.0082      0b101010101010101    20190612T114920330361
14       1104       250        2.8530    0.5584   5.1091    30.9765       0b00010001010101    20190612T114920373256
15       3456       250        2.6450    2.4791   1.0669    31.0082      0b101010101010101    20190612T114920416144
