CH# Vset[DAC]   V[V]    dVRMS[mV] dVpp[mV]    I[A]  dIRMS[mA] dIpp[mA]   R[ohm]   T[C]   State                Timestamp
 0     250     2.8393      0.5       1.5     0.1299      1.1    3.3      21.855   24.8   0b1111111111111111    20190529T135222571263
 1     250     2.8447      0.2       0.7     0.5654      1.4    5.0       5.031   24.8   0b1111111111111111    20190529T135222571699
 2     250     2.8300      0.5       1.5     0.1275      1.5    5.8      22.196   24.8   0b1111111111111111    20190529T135222571998
 3     250     2.8597      0.2       0.8     0.5661      1.6    5.8       5.052   24.8   0b1111111111111111    20190529T135222572287
 4     250     2.8481      0.5       1.5     0.1315      1.3    4.2      21.658   24.8   0b1111111111111111    20190529T135222572588
 5     250     2.8462      0.2       0.8     0.5638      1.2    4.2       5.048   24.8   0b1111111111111111    20190529T135222572873
 6     250     2.8448      0.4       1.5     0.1298      1.3    4.2      21.925   24.8   0b1111111111111111    20190529T135222573154
 7     250     2.8508      0.0       0.0     0.5631      1.5    5.0       5.063   24.8   0b1111111111111111    20190529T135222573489
 8     250     2.8262      0.3       0.8     0.1281      0.4    0.8      22.065   24.8   0b1111111111111111    20190529T135222573790
 9     250     2.8304      0.3       0.7     0.5622      0.5    1.7       5.034   24.8   0b1111111111111111    20190529T135222574073
10     250     2.8237      0.0       0.0     0.1297      0.6    1.7      21.777   24.8   0b1111111111111111    20190529T135222574353
11     250     2.8267      0.2       0.8     0.5594      0.5    1.7       5.053   24.8   0b1111111111111111    20190529T135222574695
12     250     2.8485      0.0       0.0     0.1299      0.4    1.7      21.926   24.8   0b1111111111111111    20190529T135222574979
13     250     2.8328      0.0       0.0     0.5588      0.4    0.8       5.069   24.8   0b1111111111111111    20190529T135222575258
14     250     2.8485      0.0       0.0     0.1296      0.8    2.5      21.982   24.8   0b1111111111111111    20190529T135222575583
15     250     2.8350      0.0       0.0     0.5585      0.6    1.7       5.076   24.8   0b1111111111111111    20190529T135222575869
 0     240     2.7909      0.3       0.8     0.1273      0.5    1.7      21.918   24.9   0b1111111111111111    20190529T135226021625
 1     240     2.7972      0.4       0.8     0.5557      1.2    4.2       5.033   24.9   0b1111111111111111    20190529T135226024828
 2     240     2.7819      0.3       0.8     0.1255      0.6    1.7      22.167   24.9   0b1111111111111111    20190529T135226025163
 3     240     2.8125      0.0       0.0     0.5566      1.2    3.3       5.053   24.9   0b1111111111111111    20190529T135226025492
 4     240     2.7994      0.4       0.7     0.1293      0.8    2.5      21.645   24.9   0b1111111111111111    20190529T135226025791
 5     240     2.7986      0.4       0.8     0.5548      1.0    3.3       5.044   24.9   0b1111111111111111    20190529T135226026079
 6     240     2.7960      0.0       0.0     0.1269      0.8    3.3      22.030   24.9   0b1111111111111111    20190529T135226026366
 7     240     2.8034      0.2       0.8     0.5533      0.8    2.5       5.067   24.9   0b1111111111111111    20190529T135226026773
 8     240     2.7787      0.0       0.0     0.1258      0.5    1.7      22.083   24.9   0b1111111111111111    20190529T135226027065
 9     240     2.7824      0.2       0.8     0.5530      0.4    0.8       5.032   24.9   0b1111111111111111    20190529T135226027353
10     240     2.7757      0.0       0.0     0.1275      0.4    1.7      21.771   24.9   0b1111111111111111    20190529T135226027670
11     240     2.7787      0.0       0.0     0.5502      0.5    1.7       5.051   24.9   0b1111111111111111    20190529T135226027955
12     240     2.7997      0.0       0.0     0.1274      0.4    1.7      21.973   24.9   0b1111111111111111    20190529T135226028243
13     240     2.7847      0.0       0.0     0.5492      0.4    1.7       5.071   24.9   0b1111111111111111    20190529T135226028752
14     240     2.7997      0.0       0.0     0.1271      0.4    0.8      22.031   24.9   0b1111111111111111    20190529T135226029059
15     240     2.7870      0.0       0.0     0.5493      0.5    1.7       5.073   24.9   0b1111111111111111    20190529T135226029344
 0     230     2.7431      0.4       0.8     0.1253      0.4    0.8      21.901   24.9   0b1111111111111111    20190529T135229477355
 1     230     2.7496      0.2       0.8     0.5467      0.4    1.7       5.030   24.9   0b1111111111111111    20190529T135229477828
 2     230     2.7344      0.2       0.7     0.1229      0.4    0.8      22.246   24.9   0b1111111111111111    20190529T135229478131
 3     230     2.7647      0.3       0.7     0.5468      0.6    1.7       5.056   24.9   0b1111111111111111    20190529T135229478478
 4     230     2.7509      0.2       0.7     0.1268      0.5    1.7      21.689   24.9   0b1111111111111111    20190529T135229478774
 5     230     2.7503      0.0       0.0     0.5459      0.4    1.7       5.038   24.9   0b1111111111111111    20190529T135229479060
 6     230     2.7482      0.3       0.7     0.1253      0.4    0.8      21.927   24.9   0b1111111111111111    20190529T135229479344
 7     230     2.7549      0.3       0.7     0.5436      0.7    1.7       5.068   24.9   0b1111111111111111    20190529T135229479676
 8     230     2.7323      0.0       0.0     0.1238      0.4    0.8      22.064   24.9   0b1111111111111111    20190529T135229479960
 9     230     2.7359      0.3       0.8     0.5437      0.4    0.8       5.032   24.9   0b1111111111111111    20190529T135229480303
10     230     2.7292      0.0       0.0     0.1253      0.4    0.8      21.776   24.9   0b1111111111111111    20190529T135229480644
11     230     2.7326      0.4       0.8     0.5408      0.3    0.8       5.053   24.9   0b1111111111111111    20190529T135229480932
12     230     2.7525      0.0       0.0     0.1256      0.4    0.8      21.918   24.9   0b1111111111111111    20190529T135229481213
13     230     2.7378      0.4       0.8     0.5402      0.3    0.8       5.068   24.9   0b1111111111111111    20190529T135229481553
14     230     2.7533      0.0       0.0     0.1251      0.2    0.8      22.011   24.9   0b1111111111111111    20190529T135229481838
15     230     2.7403      0.3       0.8     0.5400      0.0    0.0       5.075   24.9   0b1111111111111111    20190529T135229482121
 0     220     2.6947      0.0       0.0     0.1229      0.4    0.8      21.923   24.9   0b1111111111111111    20190529T135232928569
 1     220     2.7007      0.0       0.0     0.5369      0.4    0.8       5.030   24.9   0b1111111111111111    20190529T135232928982
 2     220     2.6866      0.2       0.7     0.1208      0.4    1.7      22.234   24.9   0b1111111111111111    20190529T135232929244
 3     220     2.7150      0.0       0.0     0.5373      0.4    0.8       5.054   24.9   0b1111111111111111    20190529T135232929493
 4     220     2.7022      0.0       0.0     0.1246      0.4    0.8      21.690   24.9   0b1111111111111111    20190529T135232929812
 5     220     2.7012      0.4       0.8     0.5359      0.4    1.7       5.040   24.9   0b1111111111111111    20190529T135232930032
 6     220     2.6992      0.0       0.0     0.1225      0.0    0.0      22.035   24.9   0b1111111111111111    20190529T135232930262
 7     220     2.7052      0.0       0.0     0.5334      0.4    1.7       5.072   24.9   0b1111111111111111    20190529T135232930506
 8     220     2.6842      0.0       0.0     0.1217      0.0    0.0      22.062   24.9   0b1111111111111111    20190529T135232930788
 9     220     2.6880      0.0       0.0     0.5342      0.0    0.0       5.032   24.9   0b1111111111111111    20190529T135232931034
10     220     2.6827      0.2       0.8     0.1229      0.4    0.8      21.825   24.9   0b1111111111111111    20190529T135232931268
11     220     2.6842      0.0       0.0     0.5314      0.4    0.8       5.051   24.9   0b1111111111111111    20190529T135232931479
12     220     2.7038      0.2       0.8     0.1233      0.0    0.0      21.923   24.9   0b1111111111111111    20190529T135232931675
13     220     2.6897      0.3       0.8     0.5308      0.3    0.8       5.068   24.9   0b1111111111111111    20190529T135232931833
14     220     2.7045      0.0       0.0     0.1227      0.3    0.8      22.048   24.9   0b1111111111111111    20190529T135232931974
15     220     2.6917      0.0       0.0     0.5303      0.4    0.8       5.076   24.9   0b1111111111111111    20190529T135232932114
 0     210     2.6460      0.0       0.0     0.1208      0.2    0.8      21.913   25.0   0b1111111111111111    20190529T135236373703
 1     210     2.6519      0.2       0.8     0.5275      0.4    1.7       5.027   25.0   0b1111111111111111    20190529T135236374106
 2     210     2.6384      0.2       0.7     0.1185      0.3    0.8      22.265   25.0   0b1111111111111111    20190529T135236374487
 3     210     2.6655      0.0       0.0     0.5274      0.4    1.7       5.054   25.0   0b1111111111111111    20190529T135236374812
 4     210     2.6535      0.0       0.0     0.1222      0.4    0.8      21.706   25.0   0b1111111111111111    20190529T135236375109
 5     210     2.6520      0.0       0.0     0.5263      0.4    0.8       5.039   25.0   0b1111111111111111    20190529T135236375432
 6     210     2.6502      0.4       0.8     0.1204      0.4    0.8      22.009   25.0   0b1111111111111111    20190529T135236375745
 7     210     2.6558      0.0       0.0     0.5241      0.3    0.8       5.067   25.0   0b1111111111111111    20190529T135236376078
 8     210     2.6360      0.4       0.7     0.1192      0.3    0.8      22.104   25.0   0b1111111111111111    20190529T135236376367
 9     210     2.6400      0.0       0.0     0.5246      0.4    0.8       5.033   25.0   0b1111111111111111    20190529T135236376760
10     210     2.6340      0.0       0.0     0.1207      0.3    0.8      21.829   25.0   0b1111111111111111    20190529T135236377052
11     210     2.6362      0.0       0.0     0.5217      0.0    0.0       5.054   25.0   0b1111111111111111    20190529T135236377337
12     210     2.6552      0.3       0.8     0.1208      0.0    0.0      21.974   25.0   0b1111111111111111    20190529T135236377615
13     210     2.6415      0.0       0.0     0.5210      0.3    0.8       5.070   25.0   0b1111111111111111    20190529T135236377757
14     210     2.6558      0.0       0.0     0.1204      0.4    0.8      22.055   25.0   0b1111111111111111    20190529T135236377896
15     210     2.6430      0.0       0.0     0.5208      0.3    0.8       5.075   25.0   0b1111111111111111    20190529T135236378034
 0     200     2.5965      0.0       0.0     0.1185      0.3    0.8      21.911   25.0   0b1111111111111111    20190529T135239822375
 1     200     2.6025      0.0       0.0     0.5176      0.3    0.8       5.028   25.0   0b1111111111111111    20190529T135239822852
 2     200     2.5894      0.4       0.8     0.1163      0.4    0.8      22.259   25.0   0b1111111111111111    20190529T135239823166
 3     200     2.6168      0.0       0.0     0.5179      0.4    0.8       5.052   25.0   0b1111111111111111    20190529T135239823528
 4     200     2.6038      0.3       0.8     0.1200      0.0    0.0      21.698   25.0   0b1111111111111111    20190529T135239823829
 5     200     2.6025      0.0       0.0     0.5163      0.4    0.8       5.040   25.0   0b1111111111111111    20190529T135239824118
 6     200     2.6010      0.0       0.0     0.1182      0.3    0.8      22.011   25.0   0b1111111111111111    20190529T135239824444
 7     200     2.6062      0.0       0.0     0.5141      0.3    0.8       5.070   25.0   0b1111111111111111    20190529T135239824765
 8     200     2.5875      0.0       0.0     0.1170      0.4    0.8      22.115   25.0   0b1111111111111111    20190529T135239825087
 9     200     2.5912      0.0       0.0     0.5151      0.2    0.8       5.031   25.0   0b1111111111111111    20190529T135239825372
10     200     2.5860      0.0       0.0     0.1185      0.3    0.8      21.823   25.0   0b1111111111111111    20190529T135239825717
11     200     2.5882      0.0       0.0     0.5120      0.4    0.8       5.055   25.0   0b1111111111111111    20190529T135239826002
12     200     2.6062      0.2       0.8     0.1188      0.4    0.8      21.931   25.0   0b1111111111111111    20190529T135239826293
13     200     2.5927      0.0       0.0     0.5115      0.3    0.8       5.069   25.0   0b1111111111111111    20190529T135239826625
14     200     2.6070      0.0       0.0     0.1183      0.0    0.0      22.031   25.0   0b1111111111111111    20190529T135239826911
15     200     2.5942      0.0       0.0     0.5109      0.3    0.8       5.078   25.0   0b1111111111111111    20190529T135239827193
 0     190     2.5494      0.3       0.8     0.1163      0.4    0.8      21.915   25.0   0b1111111111111111    20190529T135243266695
 1     190     2.5560      0.0       0.0     0.5082      0.3    0.8       5.029   25.0   0b1111111111111111    20190529T135243267094
 2     190     2.5425      0.0       0.0     0.1142      0.0    0.0      22.270   25.0   0b1111111111111111    20190529T135243267473
 3     190     2.5688      0.0       0.0     0.5081      0.4    0.8       5.056   25.0   0b1111111111111111    20190529T135243267809
 4     190     2.5575      0.0       0.0     0.1176      0.2    0.8      21.751   25.0   0b1111111111111111    20190529T135243268102
 5     190     2.5560      0.0       0.0     0.5071      0.4    0.8       5.041   25.0   0b1111111111111111    20190529T135243268420
 6     190     2.5526      0.4       0.8     0.1157      0.3    0.8      22.068   25.0   0b1111111111111111    20190529T135243268739
 7     190     2.5592      0.3       0.8     0.5048      0.3    0.8       5.069   25.0   0b1111111111111111    20190529T135243269026
 8     190     2.5410      0.0       0.0     0.1149      0.2    0.8      22.112   25.0   0b1111111111111111    20190529T135243269309
 9     190     2.5455      0.0       0.0     0.5058      0.3    0.8       5.033   25.0   0b1111111111111111    20190529T135243269698
10     190     2.5395      0.0       0.0     0.1162      0.4    0.8      21.845   25.0   0b1111111111111111    20190529T135243269991
11     190     2.5411      0.2       0.7     0.5028      0.4    0.8       5.054   25.0   0b1111111111111111    20190529T135243270273
12     190     2.5593      0.4       0.8     0.1166      0.3    0.8      21.953   25.0   0b1111111111111111    20190529T135243270616
13     190     2.5462      0.2       0.8     0.5023      0.3    0.8       5.069   25.0   0b1111111111111111    20190529T135243270907
14     190     2.5598      0.0       0.0     0.1158      0.0    0.0      22.099   25.0   0b1111111111111111    20190529T135243271187
15     190     2.5472      0.3       0.8     0.5018      0.3    0.8       5.076   25.0   0b1111111111111111    20190529T135243271523
 0     180     2.5012      0.0       0.0     0.1141      0.2    0.8      21.925   25.0   0b1111111111111111    20190529T135246715117
 1     180     2.5072      0.0       0.0     0.4985      0.3    0.8       5.030   25.0   0b1111111111111111    20190529T135246715608
 2     180     2.4939      0.3       0.8     0.1117      0.0    0.0      22.333   25.0   0b1111111111111111    20190529T135246715937
 3     180     2.5200      0.0       0.0     0.4985      0.3    0.8       5.055   25.0   0b1111111111111111    20190529T135246716238
 4     180     2.5087      0.2       0.8     0.1154      0.4    0.8      21.736   25.0   0b1111111111111111    20190529T135246716589
 5     180     2.5069      0.4       0.8     0.4975      0.0    0.0       5.039   25.0   0b1111111111111111    20190529T135246716886
 6     180     2.5035      0.0       0.0     0.1135      0.3    0.8      22.057   25.0   0b1111111111111111    20190529T135246717174
 7     180     2.5102      0.0       0.0     0.4950      0.0    0.0       5.071   25.0   0b1111111111111111    20190529T135246717564
 8     180     2.4930      0.0       0.0     0.1126      0.2    0.8      22.144   25.0   0b1111111111111111    20190529T135246717859
 9     180     2.4975      0.0       0.0     0.4965      0.3    0.8       5.030   25.0   0b1111111111111111    20190529T135246718143
10     180     2.4915      0.0       0.0     0.1142      0.0    0.0      21.823   25.0   0b1111111111111111    20190529T135246718492
11     180     2.4930      0.0       0.0     0.4932      0.3    0.8       5.055   25.0   0b1111111111111111    20190529T135246718796
12     180     2.5107      0.4       0.8     0.1143      0.3    0.8      21.959   25.0   0b1111111111111111    20190529T135246719078
13     180     2.4975      0.0       0.0     0.4926      0.3    0.8       5.070   25.0   0b1111111111111111    20190529T135246719360
14     180     2.5110      0.0       0.0     0.1135      0.3    0.8      22.123   25.0   0b1111111111111111    20190529T135246719706
15     180     2.4990      0.0       0.0     0.4924      0.2    0.8       5.075   25.0   0b1111111111111111    20190529T135246719989
 0     170     2.4525      0.0       0.0     0.1117      0.3    0.8      21.946   25.1   0b1111111111111111    20190529T135250165703
 1     170     2.4585      0.0       0.0     0.4891      0.3    0.8       5.027   25.1   0b1111111111111111    20190529T135250166032
 2     170     2.4457      0.0       0.0     0.1097      0.4    0.8      22.302   25.1   0b1111111111111111    20190529T135250166291
 3     170     2.4713      0.0       0.0     0.4890      0.3    0.8       5.054   25.1   0b1111111111111111    20190529T135250166566
 4     170     2.4593      0.0       0.0     0.1133      0.0    0.0      21.699   25.1   0b1111111111111111    20190529T135250166819
 5     170     2.4578      0.0       0.0     0.4875      0.0    0.0       5.042   25.1   0b1111111111111111    20190529T135250167066
 6     170     2.4548      0.0       0.0     0.1113      0.4    0.8      22.065   25.1   0b1111111111111111    20190529T135250167309
 7     170     2.4608      0.0       0.0     0.4857      0.3    0.8       5.067   25.1   0b1111111111111111    20190529T135250167638
 8     170     2.4450      0.0       0.0     0.1105      0.4    0.8      22.127   25.1   0b1111111111111111    20190529T135250167884
 9     170     2.4495      0.0       0.0     0.4868      0.3    0.8       5.031   25.1   0b1111111111111111    20190529T135250168122
10     170     2.4435      0.0       0.0     0.1118      0.3    0.8      21.849   25.1   0b1111111111111111    20190529T135250168374
11     170     2.4456      0.3       0.7     0.4838      0.4    0.8       5.056   25.1   0b1111111111111111    20190529T135250168669
12     170     2.4615      0.0       0.0     0.1119      0.4    0.8      21.994   25.1   0b1111111111111111    20190529T135250168916
13     170     2.4495      0.0       0.0     0.4831      0.4    0.8       5.071   25.1   0b1111111111111111    20190529T135250169163
14     170     2.4623      0.0       0.0     0.1115      0.3    0.8      22.083   25.1   0b1111111111111111    20190529T135250169482
15     170     2.4503      0.0       0.0     0.4827      0.3    0.8       5.076   25.1   0b1111111111111111    20190529T135250169736
 0     160     2.4037      0.0       0.0     0.1093      0.2    0.8      22.002   25.1   0b1111111111111111    20190529T135253614669
 1     160     2.4097      0.0       0.0     0.4793      0.2    0.8       5.028   25.1   0b1111111111111111    20190529T135253615068
 2     160     2.3970      0.0       0.0     0.1074      0.2    0.8      22.315   25.1   0b1111111111111111    20190529T135253615381
 3     160     2.4220      0.3       0.7     0.4792      0.0    0.0       5.055   25.1   0b1111111111111111    20190529T135253615709
 4     160     2.4105      0.0       0.0     0.1108      0.0    0.0      21.749   25.1   0b1111111111111111    20190529T135253616046
 5     160     2.4083      0.2       0.8     0.4780      0.4    0.8       5.038   25.1   0b1111111111111111    20190529T135253616345
 6     160     2.4053      0.2       0.7     0.1091      0.3    0.8      22.050   25.1   0b1111111111111111    20190529T135253616659
 7     160     2.4116      0.4       0.8     0.4758      0.0    0.0       5.068   25.1   0b1111111111111111    20190529T135253616946
 8     160     2.3970      0.0       0.0     0.1082      0.2    0.8      22.143   25.1   0b1111111111111111    20190529T135253617294
 9     160     2.4007      0.0       0.0     0.4772      0.4    0.8       5.031   25.1   0b1111111111111111    20190529T135253617617
10     160     2.3955      0.0       0.0     0.1094      0.4    0.8      21.893   25.1   0b1111111111111111    20190529T135253617918
11     160     2.3975      0.3       0.8     0.4742      0.0    0.0       5.056   25.1   0b1111111111111111    20190529T135253618202
12     160     2.4127      0.0       0.0     0.1098      0.3    0.8      21.967   25.1   0b1111111111111111    20190529T135253618512
13     160     2.4007      0.0       0.0     0.4733      0.0    0.0       5.072   25.1   0b1111111111111111    20190529T135253618797
14     160     2.4135      0.0       0.0     0.1092      0.0    0.0      22.108   25.1   0b1111111111111111    20190529T135253619078
15     160     2.4015      0.0       0.0     0.4730      0.4    0.8       5.077   25.1   0b1111111111111111    20190529T135253619360
 0     150     2.3562      0.4       0.8     0.1073      0.3    0.8      21.952   25.1   0b1111111111111111    20190529T135257057587
 1     150     2.3633      0.0       0.0     0.4701      0.3    0.8       5.027   25.1   0b1111111111111111    20190529T135257057990
 2     150     2.3520      0.0       0.0     0.1050      0.0    0.0      22.400   25.1   0b1111111111111111    20190529T135257058304
 3     150     2.3745      0.0       0.0     0.4698      0.3    0.8       5.054   25.1   0b1111111111111111    20190529T135257058627
 4     150     2.3625      0.0       0.0     0.1086      0.4    0.8      21.757   25.1   0b1111111111111111    20190529T135257058920
 5     150     2.3618      0.2       0.8     0.4683      0.0    0.0       5.043   25.1   0b1111111111111111    20190529T135257059207
 6     150     2.3595      0.0       0.0     0.1067      0.0    0.0      22.120   25.1   0b1111111111111111    20190529T135257059514
 7     150     2.3648      0.0       0.0     0.4665      0.3    0.8       5.069   25.1   0b1111111111111111    20190529T135257059801
 8     150     2.3510      0.3       0.8     0.1059      0.2    0.8      22.197   25.1   0b1111111111111111    20190529T135257060129
 9     150     2.3558      0.0       0.0     0.4683      0.3    0.8       5.031   25.1   0b1111111111111111    20190529T135257060439
10     150     2.3505      0.0       0.0     0.1075      0.0    0.0      21.865   25.1   0b1111111111111111    20190529T135257060725
11     150     2.3513      0.0       0.0     0.4649      0.3    0.8       5.057   25.1   0b1111111111111111    20190529T135257061007
12     150     2.3663      0.0       0.0     0.1075      0.0    0.0      22.012   25.1   0b1111111111111111    20190529T135257061288
13     150     2.3542      0.0       0.0     0.4642      0.3    0.8       5.071   25.1   0b1111111111111111    20190529T135257061591
14     150     2.3663      0.2       0.8     0.1069      0.4    0.8      22.132   25.1   0b1111111111111111    20190529T135257061873
15     150     2.3557      0.2       0.8     0.4640      0.3    0.8       5.077   25.1   0b1111111111111111    20190529T135257062155
 0     140     2.3077      0.0       0.0     0.1050      0.0    0.0      21.979   25.2   0b1111111111111111    20190529T135300507577
 1     140     2.3152      0.0       0.0     0.4603      0.4    0.8       5.030   25.2   0b1111111111111111    20190529T135300507982
 2     140     2.3040      0.0       0.0     0.1028      0.4    0.8      22.405   25.2   0b1111111111111111    20190529T135300508295
 3     140     2.3265      0.0       0.0     0.4601      0.2    0.8       5.057   25.2   0b1111111111111111    20190529T135300508617
 4     140     2.3137      0.0       0.0     0.1063      0.4    0.8      21.759   25.2   0b1111111111111111    20190529T135300508914
 5     140     2.3137      0.2       0.8     0.4588      0.4    0.8       5.043   25.2   0b1111111111111111    20190529T135300509205
 6     140     2.3109      0.3       0.8     0.1042      0.0    0.0      22.185   25.2   0b1111111111111111    20190529T135300509514
 7     140     2.3160      0.0       0.0     0.4568      0.2    0.8       5.071   25.2   0b1111111111111111    20190529T135300509821
 8     140     2.3033      0.2       0.8     0.1038      0.4    0.8      22.201   25.2   0b1111111111111111    20190529T135300510141
 9     140     2.3078      0.2       0.8     0.4586      0.4    0.8       5.033   25.2   0b1111111111111111    20190529T135300510450
10     140     2.3026      0.2       0.8     0.1050      0.0    0.0      21.929   25.2   0b1111111111111111    20190529T135300510736
11     140     2.3036      0.4       0.8     0.4555      0.4    0.8       5.057   25.2   0b1111111111111111    20190529T135300511018
12     140     2.3177      0.3       0.8     0.1051      0.3    0.8      22.056   25.2   0b1111111111111111    20190529T135300511298
13     140     2.3062      0.0       0.0     0.4548      0.3    0.8       5.071   25.2   0b1111111111111111    20190529T135300511603
14     140     2.3182      0.0       0.0     0.1048      0.3    0.8      22.114   25.2   0b1111111111111111    20190529T135300511887
15     140     2.3072      0.3       0.8     0.4542      0.0    0.0       5.080   25.2   0b1111111111111111    20190529T135300512167
 0     130     2.2601      0.4       0.8     0.1025      0.0    0.0      22.049   25.2   0b1111111111111111    20190529T135303957652
 1     130     2.2669      0.4       0.8     0.4508      0.3    0.8       5.029   25.2   0b1111111111111111    20190529T135303958072
 2     130     2.2560      0.0       0.0     0.1008      0.0    0.0      22.374   25.2   0b1111111111111111    20190529T135303958413
 3     130     2.2778      0.0       0.0     0.4505      0.4    0.8       5.056   25.2   0b1111111111111111    20190529T135303958721
 4     130     2.2650      0.0       0.0     0.1042      0.0    0.0      21.744   25.2   0b1111111111111111    20190529T135303959017
 5     130     2.2649      0.2       0.7     0.4492      0.0    0.0       5.043   25.2   0b1111111111111111    20190529T135303959308
 6     130     2.2626      0.3       0.8     0.1018      0.3    0.8      22.219   25.2   0b1111111111111111    20190529T135303959617
 7     130     2.2673      0.0       0.0     0.4470      0.4    0.8       5.072   25.2   0b1111111111111111    20190529T135303959906
 8     130     2.2560      0.0       0.0     0.1017      0.0    0.0      22.190   25.2   0b1111111111111111    20190529T135303960188
 9     130     2.2605      0.0       0.0     0.4492      0.0    0.0       5.033   25.2   0b1111111111111111    20190529T135303960494
10     130     2.2553      0.0       0.0     0.1029      0.4    0.8      21.913   25.2   0b1111111111111111    20190529T135303960832
11     130     2.2560      0.0       0.0     0.4459      0.2    0.8       5.059   25.2   0b1111111111111111    20190529T135303961119
12     130     2.2695      0.0       0.0     0.1030      0.4    0.8      22.034   25.2   0b1111111111111111    20190529T135303961426
13     130     2.2582      0.0       0.0     0.4451      0.2    0.8       5.074   25.2   0b1111111111111111    20190529T135303961712
14     130     2.2702      0.2       0.8     0.1024      0.3    0.8      22.166   25.2   0b1111111111111111    20190529T135303961993
15     130     2.2591      0.2       0.8     0.4450      0.0    0.0       5.077   25.2   0b1111111111111111    20190529T135303962276
 0     120     2.2122      0.4       0.8     0.1003      0.4    0.8      22.049   25.2   0b1111111111111111    20190529T135307401278
 1     120     2.2185      0.0       0.0     0.4410      0.3    0.8       5.031   25.2   0b1111111111111111    20190529T135307401942
 2     120     2.2075      0.4       0.8     0.0983      0.0    0.0      22.450   25.2   0b1111111111111111    20190529T135307402526
 3     120     2.2289      0.2       0.8     0.4408      0.0    0.0       5.056   25.2   0b1111111111111111    20190529T135307403092
 4     120     2.2177      0.0       0.0     0.1017      0.0    0.0      21.814   25.2   0b1111111111111111    20190529T135307403698
 5     120     2.2164      0.3       0.8     0.4393      0.3    0.8       5.045   25.2   0b1111111111111111    20190529T135307404235
 6     120     2.2132      0.0       0.0     0.0997      0.4    0.8      22.207   25.2   0b1111111111111111    20190529T135307404842
 7     120     2.2185      0.0       0.0     0.4375      0.0    0.0       5.071   25.2   0b1111111111111111    20190529T135307405381
 8     120     2.2087      0.0       0.0     0.0992      0.0    0.0      22.273   25.2   0b1111111111111111    20190529T135307405907
 9     120     2.2126      0.3       0.8     0.4393      0.3    0.8       5.036   25.2   0b1111111111111111    20190529T135307406574
10     120     2.2072      0.0       0.0     0.1008      0.0    0.0      21.890   25.2   0b1111111111111111    20190529T135307407100
11     120     2.2087      0.0       0.0     0.4365      0.3    0.8       5.060   25.2   0b1111111111111111    20190529T135307407634
12     120     2.2215      0.0       0.0     0.1008      0.0    0.0      22.031   25.2   0b1111111111111111    20190529T135307407963
13     120     2.2102      0.2       0.8     0.4358      0.0    0.0       5.071   25.2   0b1111111111111111    20190529T135307408206
14     120     2.2215      0.0       0.0     0.1000      0.0    0.0      22.215   25.2   0b1111111111111111    20190529T135307408476
15     120     2.2111      0.2       0.8     0.4351      0.2    0.8       5.082   25.2   0b1111111111111111    20190529T135307408729
 0     110     2.1662      0.3       0.8     0.0983      0.0    0.0      22.029   25.2   0b1111111111111111    20190529T135310898086
 1     110     2.1728      0.0       0.0     0.4318      0.3    0.8       5.031   25.2   0b1111111111111111    20190529T135310898612
 2     110     2.1623      0.0       0.0     0.0965      0.3    0.8      22.407   25.2   0b1111111111111111    20190529T135310898917
 3     110     2.1825      0.0       0.0     0.4317      0.0    0.0       5.056   25.2   0b1111111111111111    20190529T135310899210
 4     110     2.1713      0.0       0.0     0.0997      0.4    0.8      21.785   25.2   0b1111111111111111    20190529T135310899543
 5     110     2.1705      0.0       0.0     0.4300      0.0    0.0       5.048   25.2   0b1111111111111111    20190529T135310899832
 6     110     2.1675      0.0       0.0     0.0975      0.0    0.0      22.231   25.2   0b1111111111111111    20190529T135310900115
 7     110     2.1721      0.2       0.8     0.4282      0.3    0.8       5.073   25.2   0b1111111111111111    20190529T135310900618
 8     110     2.1635      0.4       0.8     0.0969      0.4    0.8      22.323   25.2   0b1111111111111111    20190529T135310901152
 9     110     2.1675      0.0       0.0     0.4304      0.4    0.8       5.036   25.2   0b1111111111111111    20190529T135310901635
10     110     2.1617      0.3       0.8     0.0985      0.3    0.8      21.946   25.2   0b1111111111111111    20190529T135310901933
11     110     2.1635      0.4       0.8     0.4275      0.0    0.0       5.061   25.2   0b1111111111111111    20190529T135310902219
12     110     2.1750      0.0       0.0     0.0986      0.4    0.8      22.063   25.2   0b1111111111111111    20190529T135310902566
13     110     2.1645      0.0       0.0     0.4267      0.0    0.0       5.073   25.2   0b1111111111111111    20190529T135310902854
14     110     2.1753      0.4       0.8     0.0977      0.3    0.8      22.273   25.2   0b1111111111111111    20190529T135310903209
15     110     2.1652      0.0       0.0     0.4259      0.3    0.8       5.084   25.2   0b1111111111111111    20190529T135310903614
 0     100     2.1187      0.0       0.0     0.0960      0.3    0.8      22.070   25.2   0b1111111111111111    20190529T135314362570
 1     100     2.1247      0.0       0.0     0.4225      0.0    0.0       5.029   25.2   0b1111111111111111    20190529T135314362969
 2     100     2.1149      0.2       0.7     0.0942      0.0    0.0      22.459   25.2   0b1111111111111111    20190529T135314363280
 3     100     2.1345      0.0       0.0     0.4219      0.4    0.8       5.059   25.2   0b1111111111111111    20190529T135314363603
 4     100     2.1232      0.0       0.0     0.0974      0.2    0.8      21.796   25.2   0b1111111111111111    20190529T135314363900
 5     100     2.1217      0.0       0.0     0.4203      0.4    0.8       5.048   25.2   0b1111111111111111    20190529T135314364216
 6     100     2.1193      0.3       0.8     0.0951      0.3    0.8      22.289   25.2   0b1111111111111111    20190529T135314364545
 7     100     2.1239      0.3       0.8     0.4185      0.3    0.8       5.075   25.2   0b1111111111111111    20190529T135314364837
 8     100     2.1157      0.0       0.0     0.0950      0.0    0.0      22.271   25.2   0b1111111111111111    20190529T135314365120
 9     100     2.1195      0.0       0.0     0.4208      0.0    0.0       5.036   25.2   0b1111111111111111    20190529T135314365474
10     100     2.1142      0.2       0.8     0.0964      0.4    0.8      21.927   25.2   0b1111111111111111    20190529T135314365765
11     100     2.1157      0.0       0.0     0.4176      0.2    0.8       5.067   25.2   0b1111111111111111    20190529T135314366048
12     100     2.1270      0.0       0.0     0.0966      0.2    0.8      22.022   25.2   0b1111111111111111    20190529T135314366330
13     100     2.1160      0.4       0.8     0.4169      0.4    0.8       5.075   25.2   0b1111111111111111    20190529T135314366637
14     100     2.1270      0.0       0.0     0.0958      0.3    0.8      22.214   25.2   0b1111111111111111    20190529T135314366920
15     100     2.1172      0.0       0.0     0.4167      0.0    0.0       5.081   25.2   0b1111111111111111    20190529T135314367202
 0      90     2.0714      0.2       0.8     0.0935      0.3    0.8      22.154   25.3   0b1111111111111111    20190529T135317810256
 1      90     2.0775      0.0       0.0     0.4129      0.4    0.8       5.031   25.3   0b1111111111111111    20190529T135317810694
 2      90     2.0676      0.3       0.8     0.0918      0.3    0.8      22.515   25.3   0b1111111111111111    20190529T135317811014
 3      90     2.0865      0.0       0.0     0.4125      0.0    0.0       5.058   25.3   0b1111111111111111    20190529T135317811316
 4      90     2.0753      0.0       0.0     0.0950      0.0    0.0      21.845   25.3   0b1111111111111111    20190529T135317811633
 5      90     2.0737      0.0       0.0     0.4107      0.3    0.8       5.049   25.3   0b1111111111111111    20190529T135317811925
 6      90     2.0716      0.2       0.8     0.0930      0.4    0.8      22.275   25.3   0b1111111111111111    20190529T135317812211
 7      90     2.0757      0.4       0.7     0.4092      0.0    0.0       5.073   25.3   0b1111111111111111    20190529T135317812519
 8      90     2.0671      0.2       0.8     0.0925      0.0    0.0      22.347   25.3   0b1111111111111111    20190529T135317812805
 9      90     2.0722      0.2       0.8     0.4115      0.3    0.8       5.036   25.3   0b1111111111111111    20190529T135317813132
10      90     2.0655      0.0       0.0     0.0942      0.0    0.0      21.935   25.3   0b1111111111111111    20190529T135317813449
11      90     2.0678      0.0       0.0     0.4082      0.3    0.8       5.066   25.3   0b1111111111111111    20190529T135317813735
12      90     2.0790      0.0       0.0     0.0942      0.0    0.0      22.078   25.3   0b1111111111111111    20190529T135317814015
13      90     2.0678      0.0       0.0     0.4075      0.0    0.0       5.074   25.3   0b1111111111111111    20190529T135317814296
14      90     2.0789      0.3       0.8     0.0933      0.0    0.0      22.273   25.3   0b1111111111111111    20190529T135317814600
15      90     2.0685      0.0       0.0     0.4068      0.3    0.8       5.084   25.3   0b1111111111111111    20190529T135317814882
 0      80     2.0227      0.2       0.8     0.0914      0.4    0.8      22.126   25.3   0b1111111111111111    20190529T135321266460
 1      80     2.0287      0.0       0.0     0.4033      0.0    0.0       5.030   25.3   0b1111111111111111    20190529T135321266862
 2      80     2.0190      0.0       0.0     0.0896      0.4    0.8      22.538   25.3   0b1111111111111111    20190529T135321267177
 3      80     2.0377      0.0       0.0     0.4025      0.0    0.0       5.063   25.3   0b1111111111111111    20190529T135321267507
 4      80     2.0265      0.0       0.0     0.0927      0.3    0.8      21.869   25.3   0b1111111111111111    20190529T135321267802
 5      80     2.0250      0.0       0.0     0.4009      0.2    0.8       5.051   25.3   0b1111111111111111    20190529T135321268103
 6      80     2.0227      0.0       0.0     0.0907      0.2    0.8      22.289   25.3   0b1111111111111111    20190529T135321268406
 7      80     2.0265      0.0       0.0     0.3992      0.0    0.0       5.077   25.3   0b1111111111111111    20190529T135321268697
 8      80     2.0179      0.4       0.8     0.0902      0.4    0.8      22.359   25.3   0b1111111111111111    20190529T135321269061
 9      80     2.0220      0.0       0.0     0.4017      0.0    0.0       5.034   25.3   0b1111111111111111    20190529T135321269361
10      80     2.0153      0.0       0.0     0.0917      0.0    0.0      21.985   25.3   0b1111111111111111    20190529T135321269668
11      80     2.0183      0.0       0.0     0.3982      0.2    0.8       5.068   25.3   0b1111111111111111    20190529T135321269953
12      80     2.0295      0.0       0.0     0.0917      0.0    0.0      22.140   25.3   0b1111111111111111    20190529T135321270235
13      80     2.0183      0.0       0.0     0.3975      0.0    0.0       5.077   25.3   0b1111111111111111    20190529T135321270541
14      80     2.0294      0.2       0.8     0.0908      0.0    0.0      22.342   25.3   0b1111111111111111    20190529T135321270825
15      80     2.0194      0.4       0.7     0.3972      0.4    0.8       5.083   25.3   0b1111111111111111    20190529T135321271134
 0      70     1.9739      0.2       0.8     0.0892      0.0    0.0      22.137   25.3   0b1111111111111111    20190529T135324723626
 1      70     1.9808      0.0       0.0     0.3934      0.3    0.8       5.035   25.3   0b1111111111111111    20190529T135324723970
 2      70     1.9703      0.0       0.0     0.0874      0.2    0.8      22.539   25.3   0b1111111111111111    20190529T135324724247
 3      70     1.9896      0.3       0.8     0.3928      0.4    0.8       5.066   25.3   0b1111111111111111    20190529T135324724497
 4      70     1.9770      0.0       0.0     0.0903      0.4    0.8      21.886   25.3   0b1111111111111111    20190529T135324724760
 5      70     1.9755      0.0       0.0     0.3912      0.4    0.8       5.050   25.3   0b1111111111111111    20190529T135324725014
 6      70     1.9737      0.4       0.8     0.0883      0.0    0.0      22.344   25.3   0b1111111111111111    20190529T135324725227
 7      70     1.9770      0.0       0.0     0.3893      0.3    0.8       5.078   25.3   0b1111111111111111    20190529T135324725458
 8      70     1.9680      0.0       0.0     0.0880      0.4    0.8      22.364   25.3   0b1111111111111111    20190529T135324725720
 9      70     1.9725      0.0       0.0     0.3917      0.0    0.0       5.036   25.3   0b1111111111111111    20190529T135324725952
10      70     1.9657      0.0       0.0     0.0893      0.2    0.8      22.025   25.3   0b1111111111111111    20190529T135324726193
11      70     1.9681      0.2       0.8     0.3883      0.0    0.0       5.068   25.3   0b1111111111111111    20190529T135324726417
12      70     1.9792      0.0       0.0     0.0892      0.0    0.0      22.197   25.3   0b1111111111111111    20190529T135324726737
13      70     1.9688      0.0       0.0     0.3875      0.0    0.0       5.081   25.3   0b1111111111111111    20190529T135324726956
14      70     1.9800      0.0       0.0     0.0886      0.4    0.8      22.352   25.3   0b1111111111111111    20190529T135324727161
15      70     1.9695      0.0       0.0     0.3874      0.2    0.8       5.084   25.3   0b1111111111111111    20190529T135324727307
 0      60     1.9230      0.0       0.0     0.0868      0.2    0.8      22.167   25.3   0b1111111111111111    20190529T135328174582
 1      60     1.9297      0.0       0.0     0.3835      0.3    0.8       5.032   25.3   0b1111111111111111    20190529T135328174992
 2      60     1.9201      0.2       0.7     0.0850      0.0    0.0      22.589   25.3   0b1111111111111111    20190529T135328175306
 3      60     1.9383      0.4       0.8     0.3827      0.3    0.8       5.065   25.3   0b1111111111111111    20190529T135328175607
 4      60     1.9261      0.2       0.8     0.0880      0.4    0.8      21.887   25.3   0b1111111111111111    20190529T135328176008
 5      60     1.9251      0.3       0.8     0.3810      0.3    0.8       5.053   25.3   0b1111111111111111    20190529T135328176308
 6      60     1.9222      0.0       0.0     0.0858      0.0    0.0      22.395   25.3   0b1111111111111111    20190529T135328176596
 7      60     1.9252      0.0       0.0     0.3792      0.0    0.0       5.078   25.3   0b1111111111111111    20190529T135328176947
 8      60     1.9175      0.3       0.8     0.0858      0.2    0.8      22.362   25.3   0b1111111111111111    20190529T135328177235
 9      60     1.9215      0.0       0.0     0.3815      0.3    0.8       5.037   25.3   0b1111111111111111    20190529T135328177518
10      60     1.9155      0.0       0.0     0.0868      0.2    0.8      22.081   25.3   0b1111111111111111    20190529T135328177837
11      60     1.9178      0.0       0.0     0.3783      0.0    0.0       5.069   25.3   0b1111111111111111    20190529T135328178029
12      60     1.9282      0.0       0.0     0.0868      0.2    0.8      22.228   25.3   0b1111111111111111    20190529T135328178171
13      60     1.9178      0.0       0.0     0.3776      0.3    0.8       5.079   25.3   0b1111111111111111    20190529T135328178309
14      60     1.9282      0.0       0.0     0.0862      0.4    0.8      22.378   25.3   0b1111111111111111    20190529T135328178445
15      60     1.9184      0.3       0.8     0.3770      0.4    0.8       5.088   25.3   0b1111111111111111    20190529T135328178581
 0      50     1.8720      0.0       0.0     0.0842      0.3    0.8      22.220   25.3   0b1111111111111111    20190529T135331634925
 1      50     1.8788      0.0       0.0     0.3733      0.0    0.0       5.032   25.3   0b1111111111111111    20190529T135331635327
 2      50     1.8697      0.0       0.0     0.0825      0.0    0.0      22.664   25.3   0b1111111111111111    20190529T135331635718
 3      50     1.8871      0.2       0.8     0.3725      0.0    0.0       5.066   25.3   0b1111111111111111    20190529T135331636022
 4      50     1.8750      0.0       0.0     0.0858      0.0    0.0      21.845   25.3   0b1111111111111111    20190529T135331636314
 5      50     1.8735      0.0       0.0     0.3708      0.0    0.0       5.052   25.3   0b1111111111111111    20190529T135331636652
 6      50     1.8712      0.0       0.0     0.0833      0.0    0.0      22.455   25.3   0b1111111111111111    20190529T135331636942
 7      50     1.8742      0.0       0.0     0.3692      0.0    0.0       5.077   25.3   0b1111111111111111    20190529T135331637227
 8      50     1.8668      0.0       0.0     0.0833      0.0    0.0      22.401   25.3   0b1111111111111111    20190529T135331637569
 9      50     1.8707      0.3       0.7     0.3712      0.4    0.8       5.040   25.3   0b1111111111111111    20190529T135331637713
10      50     1.8647      0.3       0.8     0.0844      0.4    0.8      22.090   25.3   0b1111111111111111    20190529T135331637851
11      50     1.8668      0.0       0.0     0.3682      0.3    0.8       5.069   25.3   0b1111111111111111    20190529T135331637989
12      50     1.8773      0.0       0.0     0.0848      0.4    0.8      22.150   25.3   0b1111111111111111    20190529T135331638125
13      50     1.8674      0.2       0.8     0.3675      0.0    0.0       5.081   25.3   0b1111111111111111    20190529T135331638261
14      50     1.8773      0.0       0.0     0.0839      0.4    0.8      22.370   25.3   0b1111111111111111    20190529T135331638428
15      50     1.8675      0.0       0.0     0.3668      0.2    0.8       5.092   25.3   0b1111111111111111    20190529T135331638572
 0      40     1.8203      0.0       0.0     0.0818      0.3    0.8      22.243   25.3   0b1111111111111111    20190529T135335089880
 1      40     1.8268      0.3       0.7     0.3633      0.0    0.0       5.028   25.3   0b1111111111111111    20190529T135335090351
 2      40     1.8180      0.0       0.0     0.0800      0.0    0.0      22.725   25.3   0b1111111111111111    20190529T135335090766
 3      40     1.8352      0.0       0.0     0.3624      0.3    0.8       5.064   25.3   0b1111111111111111    20190529T135335091096
 4      40     1.8226      0.2       0.8     0.0833      0.2    0.8      21.893   25.3   0b1111111111111111    20190529T135335091428
 5      40     1.8218      0.0       0.0     0.3604      0.4    0.8       5.055   25.3   0b1111111111111111    20190529T135335091750
 6      40     1.8194      0.3       0.8     0.0809      0.3    0.8      22.484   25.3   0b1111111111111111    20190529T135335092039
 7      40     1.8218      0.2       0.8     0.3587      0.4    0.8       5.079   25.3   0b1111111111111111    20190529T135335092323
 8      40     1.8157      0.0       0.0     0.0808      0.0    0.0      22.463   25.3   0b1111111111111111    20190529T135335092690
 9      40     1.8195      0.0       0.0     0.3608      0.0    0.0       5.042   25.3   0b1111111111111111    20190529T135335092979
10      40     1.8135      0.0       0.0     0.0823      0.4    0.8      22.049   25.3   0b1111111111111111    20190529T135335093261
11      40     1.8165      0.0       0.0     0.3582      0.3    0.8       5.072   25.3   0b1111111111111111    20190529T135335093653
12      40     1.8255      0.0       0.0     0.0823      0.3    0.8      22.172   25.3   0b1111111111111111    20190529T135335093946
13      40     1.8158      0.2       0.8     0.3575      0.0    0.0       5.079   25.3   0b1111111111111111    20190529T135335094229
14      40     1.8255      0.0       0.0     0.0815      0.3    0.8      22.399   25.3   0b1111111111111111    20190529T135335094568
15      40     1.8157      0.0       0.0     0.3567      0.0    0.0       5.091   25.3   0b1111111111111111    20190529T135335094860
 0      30     1.7700      0.0       0.0     0.0795      0.4    0.8      22.264   25.3   0b1111111111111111    20190529T135338562499
 1      30     1.7761      0.3       0.8     0.3532      0.3    0.8       5.029   25.3   0b1111111111111111    20190529T135338562942
 2      30     1.7677      0.0       0.0     0.0777      0.4    0.8      22.736   25.3   0b1111111111111111    20190529T135338563320
 3      30     1.7846      0.4       0.8     0.3523      0.3    0.8       5.065   25.3   0b1111111111111111    20190529T135338563687
 4      30     1.7737      0.2       0.8     0.0808      0.0    0.0      21.942   25.3   0b1111111111111111    20190529T135338563986
 5      30     1.7721      0.3       0.8     0.3504      0.4    0.8       5.057   25.3   0b1111111111111111    20190529T135338564277
 6      30     1.7692      0.0       0.0     0.0785      0.3    0.8      22.538   25.3   0b1111111111111111    20190529T135338564613
 7      30     1.7715      0.0       0.0     0.3485      0.3    0.8       5.083   25.3   0b1111111111111111    20190529T135338564904
 8      30     1.7666      0.4       0.7     0.0783      0.0    0.0      22.553   25.3   0b1111111111111111    20190529T135338565196
 9      30     1.7711      0.4       0.8     0.3515      0.3    0.8       5.039   25.3   0b1111111111111111    20190529T135338565582
10      30     1.7647      0.0       0.0     0.0800      0.0    0.0      22.059   25.3   0b1111111111111111    20190529T135338565874
11      30     1.7669      0.2       0.7     0.3481      0.4    0.8       5.076   25.3   0b1111111111111111    20190529T135338566158
12      30     1.7755      0.4       0.7     0.0798      0.3    0.8      22.241   25.3   0b1111111111111111    20190529T135338566501
13      30     1.7655      0.0       0.0     0.3474      0.2    0.8       5.082   25.3   0b1111111111111111    20190529T135338566789
14      30     1.7753      0.0       0.0     0.0792      0.0    0.0      22.424   25.3   0b1111111111111111    20190529T135338567070
15      30     1.7662      0.0       0.0     0.3468      0.3    0.8       5.093   25.3   0b1111111111111111    20190529T135338567351
 0      20     1.7197      0.0       0.0     0.0772      0.4    0.8      22.286   25.4   0b1111111111111111    20190529T135342024957
 1      20     1.7258      0.0       0.0     0.3428      0.4    0.8       5.034   25.4   0b1111111111111111    20190529T135342025334
 2      20     1.7175      0.0       0.0     0.0757      0.3    0.8      22.698   25.4   0b1111111111111111    20190529T135342026839
 3      20     1.7340      0.0       0.0     0.3422      0.4    0.8       5.068   25.4   0b1111111111111111    20190529T135342027123
 4      20     1.7228      0.0       0.0     0.0783      0.0    0.0      21.993   25.4   0b1111111111111111    20190529T135342027401
 5      20     1.7212      0.0       0.0     0.3404      0.4    0.8       5.056   25.4   0b1111111111111111    20190529T135342027668
 6      20     1.7189      0.2       0.8     0.0760      0.3    0.8      22.617   25.4   0b1111111111111111    20190529T135342027931
 7      20     1.7212      0.2       0.7     0.3386      0.4    0.8       5.083   25.4   0b1111111111111111    20190529T135342028190
 8      20     1.7167      0.0       0.0     0.0760      0.3    0.8      22.589   25.4   0b1111111111111111    20190529T135342028464
 9      20     1.7212      0.0       0.0     0.3415      0.3    0.8       5.040   25.4   0b1111111111111111    20190529T135342028723
10      20     1.7152      0.0       0.0     0.0775      0.0    0.0      22.132   25.4   0b1111111111111111    20190529T135342028979
11      20     1.7167      0.0       0.0     0.3383      0.0    0.0       5.074   25.4   0b1111111111111111    20190529T135342029233
12      20     1.7250      0.0       0.0     0.0775      0.0    0.0      22.258   25.4   0b1111111111111111    20190529T135342029493
13      20     1.7154      0.3       0.8     0.3375      0.0    0.0       5.083   25.4   0b1111111111111111    20190529T135342029751
14      20     1.7250      0.0       0.0     0.0767      0.0    0.0      22.500   25.4   0b1111111111111111    20190529T135342030061
15      20     1.7164      0.4       0.8     0.3370      0.4    0.8       5.093   25.4   0b1111111111111111    20190529T135342030332
 0      10     1.6695      0.0       0.0     0.0749      0.3    0.8      22.285   25.3   0b1111111111111111    20190529T135345497738
 1      10     1.6753      0.3       0.7     0.3328      0.4    0.8       5.034   25.3   0b1111111111111111    20190529T135345498140
 2      10     1.6675      0.4       0.8     0.0733      0.0    0.0      22.739   25.3   0b1111111111111111    20190529T135345498551
 3      10     1.6836      0.3       0.7     0.3322      0.4    0.8       5.069   25.3   0b1111111111111111    20190529T135345498863
 4      10     1.6717      0.0       0.0     0.0760      0.3    0.8      21.997   25.3   0b1111111111111111    20190529T135345499157
 5      10     1.6702      0.0       0.0     0.3300      0.0    0.0       5.061   25.3   0b1111111111111111    20190529T135345499507
 6      10     1.6680      0.0       0.0     0.0740      0.3    0.8      22.541   25.3   0b1111111111111111    20190529T135345499802
 7      10     1.6702      0.0       0.0     0.3287      0.4    0.8       5.082   25.3   0b1111111111111111    20190529T135345500090
 8      10     1.6672      0.0       0.0     0.0737      0.4    0.8      22.632   25.3   0b1111111111111111    20190529T135345500373
 9      10     1.6717      0.0       0.0     0.3317      0.0    0.0       5.040   25.3   0b1111111111111111    20190529T135345500713
10      10     1.6657      0.0       0.0     0.0750      0.0    0.0      22.210   25.3   0b1111111111111111    20190529T135345501048
11      10     1.6672      0.0       0.0     0.3283      0.0    0.0       5.078   25.3   0b1111111111111111    20190529T135345501340
12      10     1.6747      0.2       0.8     0.0751      0.2    0.8      22.304   25.3   0b1111111111111111    20190529T135345501687
13      10     1.6657      0.2       0.8     0.3275      0.0    0.0       5.086   25.3   0b1111111111111111    20190529T135345501974
14      10     1.6747      0.0       0.0     0.0742      0.3    0.8      22.556   25.3   0b1111111111111111    20190529T135345502255
15      10     1.6662      0.4       0.8     0.3270      0.4    0.8       5.095   25.3   0b1111111111111111    20190529T135345502590
 0       0     1.6191      0.3       0.7     0.0725      0.0    0.0      22.332   25.4   0b1111111111111111    20190529T135348949615
 1       0     1.6245      0.0       0.0     0.3226      0.2    0.8       5.036   25.4   0b1111111111111111    20190529T135348950026
 2       0     1.6170      0.0       0.0     0.0708      0.0    0.0      22.828   25.4   0b1111111111111111    20190529T135348950342
 3       0     1.6328      0.0       0.0     0.3221      0.4    0.8       5.069   25.4   0b1111111111111111    20190529T135348950697
 4       0     1.6213      0.3       0.8     0.0734      0.2    0.8      22.084   25.4   0b1111111111111111    20190529T135348950992
 5       0     1.6193      0.2       0.8     0.3200      0.0    0.0       5.060   25.4   0b1111111111111111    20190529T135348951280
 6       0     1.6170      0.0       0.0     0.0717      0.0    0.0      22.563   25.4   0b1111111111111111    20190529T135348951617
 7       0     1.6192      0.0       0.0     0.3184      0.2    0.8       5.085   25.4   0b1111111111111111    20190529T135348951961
 8       0     1.6170      0.0       0.0     0.0717      0.0    0.0      22.563   25.4   0b1111111111111111    20190529T135348952252
 9       0     1.6207      0.0       0.0     0.3217      0.0    0.0       5.039   25.4   0b1111111111111111    20190529T135348952599
10       0     1.6155      0.0       0.0     0.0726      0.2    0.8      22.257   25.4   0b1111111111111111    20190529T135348952890
11       0     1.6178      0.0       0.0     0.3183      0.0    0.0       5.082   25.4   0b1111111111111111    20190529T135348953174
12       0     1.6237      0.0       0.0     0.0725      0.0    0.0      22.397   25.4   0b1111111111111111    20190529T135348953516
13       0     1.6150      0.3       0.8     0.3175      0.0    0.0       5.087   25.4   0b1111111111111111    20190529T135348953804
14       0     1.6237      0.0       0.0     0.0718      0.3    0.8      22.604   25.4   0b1111111111111111    20190529T135348954086
15       0     1.6157      0.3       0.8     0.3172      0.4    0.8       5.094   25.4   0b1111111111111111    20190529T135348954368
