CH# Vset[DAC]   V[V]    dVRMS[mV] dVpp[mV]    I[A]  dIRMS[mA] dIpp[mA]   R[ohm]   T[C]   State                Timestamp
 0     250     2.8800      0.0       0.0    -0.0025      0.4    1.7    -666.000   25.6   0b1111111111111111    20190412T162021636851
 1     250     2.8500      0.0       0.0     0.0002      0.3    0.8   17100.000   25.6   0b1111111111111111    20190412T162021637254
 2     250     2.8612      0.0       0.0     0.0013      0.4    0.8    2289.000   25.6   0b1111111111111111    20190412T162021637632
 3     250     2.8620      0.0       0.0     0.0002      0.5    1.7   11448.000   25.6   0b1111111111111111    20190412T162021637931
 4     250     2.8568      0.0       0.0     0.0032      0.5    1.7     902.132   25.6   0b1111111111111111    20190412T162021638219
 5     250     2.8631      0.4       0.7     0.0027      0.5    1.7    1073.672   25.6   0b1111111111111111    20190412T162021638558
 6     250     2.8934      0.2       0.7     0.0032      0.6    1.7     913.713   25.6   0b1111111111111111    20190412T162021638847
 7     250     2.8912      0.0       0.0     0.0005      0.6    1.7    5782.500   25.6   0b1111111111111111    20190412T162021639171
 8     250     2.8627      0.0       0.0     0.0014      0.4    0.8    2020.765   25.6   0b1111111111111111    20190412T162021639525
 9     250     2.8425      0.0       0.0     0.0011      0.5    1.7    2623.846   25.6   0b1111111111111111    20190412T162021639816
10     250     2.8535      0.3       0.8    -0.0026      0.4    1.7    -666.000   25.6   0b1111111111111111    20190412T162021640095
11     250     2.8486      0.2       0.7     0.0006      0.4    0.8    4883.271   25.6   0b1111111111111111    20190412T162021640423
12     250     2.8545      0.0       0.0     0.0014      0.4    0.8    2014.941   25.6   0b1111111111111111    20190412T162021640716
13     250     2.8680      0.0       0.0     0.0018      0.3    0.8    1564.364   25.6   0b1111111111111111    20190412T162021640995
14     250     2.8731      0.3       0.8     0.0018      0.4    1.7    1641.771   25.6   0b1111111111111111    20190412T162021641273
15     250     2.8723      0.3       0.8     0.0011      0.5    1.7    2651.331   25.6   0b1111111111111111    20190412T162021641593
 0     240     2.8305      0.0       0.0    -0.0023      0.5    1.7    -666.000   25.6   0b1111111111111111    20190412T162025074736
 1     240     2.8013      0.0       0.0    -0.0001      0.4    1.7    -666.000   25.6   0b1111111111111111    20190412T162025075179
 2     240     2.8117      0.0       0.0     0.0015      0.3    0.8    1874.500   25.6   0b1111111111111111    20190412T162025075511
 3     240     2.8125      0.0       0.0     0.0003      0.6    1.7    8437.500   25.6   0b1111111111111111    20190412T162025075803
 4     240     2.8072      0.0       0.0     0.0031      0.4    0.8     910.459   25.6   0b1111111111111111    20190412T162025076089
 5     240     2.8133      0.0       0.0     0.0027      0.3    0.8    1054.969   25.6   0b1111111111111111    20190412T162025076427
 6     240     2.8433      0.0       0.0     0.0033      0.4    1.7     852.975   25.6   0b1111111111111111    20190412T162025076710
 7     240     2.8410      0.0       0.0     0.0007      0.2    0.8    3788.000   25.6   0b1111111111111111    20190412T162025076991
 8     240     2.8136      0.4       0.8     0.0015      0.3    0.8    1875.700   25.6   0b1111111111111111    20190412T162025077322
 9     240     2.7937      0.0       0.0     0.0012      0.4    0.8    2394.643   25.6   0b1111111111111111    20190412T162025077607
10     240     2.8050      0.0       0.0    -0.0028      0.4    0.8    -666.000   25.6   0b1111111111111111    20190412T162025077892
11     240     2.7997      0.0       0.0     0.0003      0.4    0.8    8399.250   25.6   0b1111111111111111    20190412T162025078284
12     240     2.8050      0.0       0.0     0.0011      0.5    1.7    2589.231   25.6   0b1111111111111111    20190412T162025078573
13     240     2.8185      0.0       0.0     0.0019      0.4    0.8    1470.522   25.6   0b1111111111111111    20190412T162025078853
14     240     2.8236      0.3       0.7     0.0014      0.4    0.8    1993.129   25.6   0b1111111111111111    20190412T162025079197
15     240     2.8226      0.4       0.7     0.0011      0.4    0.8    2605.500   25.6   0b1111111111111111    20190412T162025079482
 0     230     2.7817      0.0       0.0    -0.0024      0.4    1.7    -666.000   25.6   0b1111111111111111    20190412T162028512812
 1     230     2.7533      0.0       0.0     0.0000      0.0    0.0    -666.000   25.6   0b1111111111111111    20190412T162028513198
 2     230     2.7645      0.0       0.0     0.0012      0.4    0.8    2369.571   25.6   0b1111111111111111    20190412T162028513529
 3     230     2.7645      0.0       0.0     0.0000      0.0    0.0    -666.000   25.6   0b1111111111111111    20190412T162028513820
 4     230     2.7593      0.0       0.0     0.0032      0.3    0.8     871.342   25.6   0b1111111111111111    20190412T162028514133
 5     230     2.7652      0.0       0.0     0.0026      0.2    0.8    1070.419   25.6   0b1111111111111111    20190412T162028514491
 6     230     2.7945      0.0       0.0     0.0032      0.3    0.8     882.474   25.6   0b1111111111111111    20190412T162028514780
 7     230     2.7922      0.0       0.0     0.0005      0.4    0.8    5584.500   25.6   0b1111111111111111    20190412T162028515062
 8     230     2.7662      0.3       0.7     0.0017      0.4    1.7    1659.735   25.6   0b1111111111111111    20190412T162028515364
 9     230     2.7465      0.0       0.0     0.0010      0.3    0.8    2746.500   25.6   0b1111111111111111    20190412T162028515645
10     230     2.7577      0.2       0.8    -0.0024      0.2    0.8    -666.000   25.6   0b1111111111111111    20190412T162028516014
11     230     2.7525      0.0       0.0     0.0004      0.4    0.8    6606.000   25.6   0b1111111111111111    20190412T162028516374
12     230     2.7575      0.3       0.8     0.0011      0.4    0.8    2545.408   25.6   0b1111111111111111    20190412T162028516661
13     230     2.7704      0.2       0.8     0.0018      0.2    0.8    1583.100   25.6   0b1111111111111111    20190412T162028516941
14     230     2.7750      0.0       0.0     0.0014      0.4    0.8    1958.824   25.6   0b1111111111111111    20190412T162028517228
15     230     2.7749      0.2       0.8     0.0010      0.3    0.8    2774.925   25.6   0b1111111111111111    20190412T162028517507
 0     220     2.7323      0.0       0.0    -0.0025      0.4    1.7    -666.000   25.6   0b1111111111111111    20190412T162031951597
 1     220     2.7045      0.0       0.0    -0.0002      0.4    0.8    -666.000   25.6   0b1111111111111111    20190412T162031951971
 2     220     2.7150      0.0       0.0     0.0011      0.4    0.8    2506.154   25.6   0b1111111111111111    20190412T162031952350
 3     220     2.7150      0.0       0.0     0.0001      0.2    0.8   32580.000   25.6   0b1111111111111111    20190412T162031952649
 4     220     2.7098      0.0       0.0     0.0030      0.4    0.8     903.250   25.6   0b1111111111111111    20190412T162031952934
 5     220     2.7157      0.0       0.0     0.0026      0.2    0.8    1051.258   25.6   0b1111111111111111    20190412T162031953273
 6     220     2.7443      0.0       0.0     0.0030      0.4    0.8     914.750   25.6   0b1111111111111111    20190412T162031953559
 7     220     2.7420      0.0       0.0     0.0004      0.4    0.8    6580.800   25.6   0b1111111111111111    20190412T162031953839
 8     220     2.7178      0.3       0.7     0.0013      0.4    0.8    2174.220   25.6   0b1111111111111111    20190412T162031954162
 9     220     2.6981      0.4       0.8     0.0008      0.0    0.0    3237.750   25.6   0b1111111111111111    20190412T162031954353
10     220     2.7090      0.0       0.0    -0.0025      0.0    0.0    -666.000   25.6   0b1111111111111111    20190412T162031954488
11     220     2.7037      0.0       0.0     0.0002      0.4    0.8   10815.000   25.6   0b1111111111111111    20190412T162031954642
12     220     2.7085      0.4       0.7     0.0009      0.3    0.8    2954.782   25.6   0b1111111111111111    20190412T162031954784
13     220     2.7218      0.0       0.0     0.0017      0.0    0.0    1633.050   25.6   0b1111111111111111    20190412T162031954928
14     220     2.7255      0.0       0.0     0.0015      0.3    0.8    1817.000   25.6   0b1111111111111111    20190412T162031955062
15     220     2.7247      0.2       0.7     0.0011      0.4    0.8    2515.085   25.6   0b1111111111111111    20190412T162031955227
 0     210     2.6824      0.4       0.8    -0.0023      0.3    0.8    -666.000   25.6   0b1111111111111111    20190412T162035386337
 1     210     2.6549      0.2       0.7    -0.0002      0.4    0.8    -666.000   25.6   0b1111111111111111    20190412T162035386719
 2     210     2.6655      0.0       0.0     0.0009      0.3    0.8    2907.818   25.6   0b1111111111111111    20190412T162035387015
 3     210     2.6650      0.3       0.8     0.0000      0.4    1.7    -666.000   25.6   0b1111111111111111    20190412T162035387351
 4     210     2.6600      0.3       0.8     0.0028      0.4    0.8     967.282   25.6   0b1111111111111111    20190412T162035387641
 5     210     2.6660      0.3       0.8     0.0025      0.0    0.0    1066.410   25.6   0b1111111111111111    20190412T162035387925
 6     210     2.6935      0.3       0.7     0.0029      0.4    0.8     923.477   25.6   0b1111111111111111    20190412T162035388265
 7     210     2.6917      0.2       0.7     0.0003      0.4    0.8    8075.025   25.6   0b1111111111111111    20190412T162035388595
 8     210     2.6685      0.0       0.0     0.0015      0.3    0.8    1779.000   25.6   0b1111111111111111    20190412T162035388881
 9     210     2.6491      0.2       0.8     0.0009      0.3    0.8    2889.900   25.6   0b1111111111111111    20190412T162035389228
10     210     2.6603      0.0       0.0    -0.0026      0.3    0.8    -666.000   25.6   0b1111111111111111    20190412T162035389517
11     210     2.6545      0.3       0.7     0.0002      0.3    0.8   15926.850   25.6   0b1111111111111111    20190412T162035389798
12     210     2.6594      0.2       0.7     0.0009      0.3    0.8    2901.191   25.6   0b1111111111111111    20190412T162035390078
13     210     2.6715      0.0       0.0     0.0016      0.3    0.8    1687.263   25.6   0b1111111111111111    20190412T162035390421
14     210     2.6752      0.0       0.0     0.0013      0.4    0.8    2006.437   25.6   0b1111111111111111    20190412T162035390702
15     210     2.6745      0.0       0.0     0.0010      0.3    0.8    2674.500   25.6   0b1111111111111111    20190412T162035390981
 0     200     2.6318      0.2       0.8    -0.0025      0.0    0.0    -666.000   25.6   0b1111111111111111    20190412T162038820154
 1     200     2.6050      0.3       0.8    -0.0002      0.4    0.8    -666.000   25.6   0b1111111111111111    20190412T162038820533
 2     200     2.6153      0.2       0.8     0.0009      0.3    0.8    2853.082   25.6   0b1111111111111111    20190412T162038820831
 3     200     2.6152      0.0       0.0     0.0000      0.0    0.0    -666.000   25.6   0b1111111111111111    20190412T162038821167
 4     200     2.6100      0.0       0.0     0.0030      0.4    0.8     870.000   25.6   0b1111111111111111    20190412T162038821487
 5     200     2.6160      0.0       0.0     0.0025      0.0    0.0    1046.400   25.6   0b1111111111111111    20190412T162038821773
 6     200     2.6430      0.0       0.0     0.0026      0.2    0.8    1023.097   25.6   0b1111111111111111    20190412T162038822056
 7     200     2.6408      0.0       0.0     0.0000      0.0    0.0    -666.000   25.6   0b1111111111111111    20190412T162038822344
 8     200     2.6190      0.0       0.0     0.0011      0.4    0.8    2417.538   25.6   0b1111111111111111    20190412T162038822625
 9     200     2.6002      0.0       0.0     0.0008      0.0    0.0    3120.300   25.6   0b1111111111111111    20190412T162038822905
10     200     2.6107      0.0       0.0    -0.0028      0.4    0.8    -666.000   25.6   0b1111111111111111    20190412T162038823241
11     200     2.6055      0.0       0.0     0.0000      0.0    0.0    -666.000   25.6   0b1111111111111111    20190412T162038823571
12     200     2.6092      0.0       0.0     0.0008      0.0    0.0    3131.100   25.6   0b1111111111111111    20190412T162038823865
13     200     2.6216      0.4       0.7     0.0015      0.3    0.8    1747.700   25.6   0b1111111111111111    20190412T162038824154
14     200     2.6254      0.4       0.8     0.0013      0.4    0.8    2100.360   25.6   0b1111111111111111    20190412T162038824433
15     200     2.6246      0.4       0.8     0.0008      0.0    0.0    3149.460   25.6   0b1111111111111111    20190412T162038824714
 0     190     2.5830      0.0       0.0    -0.0026      0.3    0.8    -666.000   25.6   0b1111111111111111    20190412T162042254192
 1     190     2.5568      0.0       0.0    -0.0007      0.2    0.8    -666.000   25.6   0b1111111111111111    20190412T162042254639
 2     190     2.5679      0.3       0.7     0.0008      0.0    0.0    3081.420   25.6   0b1111111111111111    20190412T162042254942
 3     190     2.5665      0.0       0.0     0.0000      0.0    0.0    -666.000   25.6   0b1111111111111111    20190412T162042255230
 4     190     2.5613      0.2       0.8     0.0028      0.4    0.8     903.997   25.6   0b1111111111111111    20190412T162042255569
 5     190     2.5680      0.0       0.0     0.0024      0.2    0.8    1062.621   25.6   0b1111111111111111    20190412T162042255858
 6     190     2.5939      0.4       0.8     0.0026      0.2    0.8    1004.110   25.6   0b1111111111111111    20190412T162042256142
 7     190     2.5912      0.0       0.0     0.0000      0.0    0.0    -666.000   25.6   0b1111111111111111    20190412T162042256479
 8     190     2.5724      0.2       0.8     0.0010      0.3    0.8    2572.425   25.6   0b1111111111111111    20190412T162042256764
 9     190     2.5538      0.0       0.0     0.0007      0.2    0.8    3405.000   25.6   0b1111111111111111    20190412T162042257044
10     190     2.5640      0.4       0.8    -0.0031      0.4    0.8    -666.000   25.6   0b1111111111111111    20190412T162042257419
11     190     2.5590      0.0       0.0     0.0000      0.0    0.0    -666.000   25.6   0b1111111111111111    20190412T162042257715
12     190     2.5613      0.0       0.0     0.0008      0.0    0.0    3073.500   25.6   0b1111111111111111    20190412T162042257994
13     190     2.5740      0.0       0.0     0.0014      0.4    0.8    1816.941   25.6   0b1111111111111111    20190412T162042258272
14     190     2.5771      0.2       0.7     0.0010      0.3    0.8    2577.075   25.6   0b1111111111111111    20190412T162042258595
15     190     2.5766      0.4       0.7     0.0008      0.0    0.0    3091.950   25.6   0b1111111111111111    20190412T162042258876
 0     180     2.5335      0.0       0.0    -0.0026      0.3    0.8    -666.000   25.5   0b1111111111111111    20190412T162045689400
 1     180     2.5072      0.0       0.0    -0.0007      0.3    0.8    -666.000   25.5   0b1111111111111111    20190412T162045689734
 2     180     2.5179      0.3       0.7     0.0007      0.2    0.8    3357.200   25.5   0b1111111111111111    20190412T162045689994
 3     180     2.5170      0.0       0.0    -0.0002      0.4    0.8    -666.000   25.5   0b1111111111111111    20190412T162045690267
 4     180     2.5117      0.0       0.0     0.0027      0.3    0.8     941.906   25.5   0b1111111111111111    20190412T162045690523
 5     180     2.5185      0.0       0.0     0.0023      0.3    0.8    1079.357   25.5   0b1111111111111111    20190412T162045690783
 6     180     2.5433      0.0       0.0     0.0027      0.3    0.8     953.719   25.5   0b1111111111111111    20190412T162045691040
 7     180     2.5410      0.0       0.0     0.0000      0.0    0.0    -666.000   25.5   0b1111111111111111    20190412T162045691387
 8     180     2.5230      0.0       0.0     0.0008      0.0    0.0    3027.600   25.5   0b1111111111111111    20190412T162045691643
 9     180     2.5050      0.0       0.0     0.0006      0.4    0.8    4294.286   25.5   0b1111111111111111    20190412T162045691898
10     180     2.5147      0.0       0.0    -0.0032      0.3    0.8    -666.000   25.5   0b1111111111111111    20190412T162045692218
11     180     2.5101      0.3       0.8     0.0000      0.0    0.0    -666.000   25.5   0b1111111111111111    20190412T162045692481
12     180     2.5117      0.0       0.0     0.0008      0.0    0.0    3014.100   25.5   0b1111111111111111    20190412T162045692734
13     180     2.5237      0.0       0.0     0.0013      0.4    0.8    1892.812   25.5   0b1111111111111111    20190412T162045692989
14     180     2.5275      0.0       0.0     0.0009      0.3    0.8    2757.273   25.5   0b1111111111111111    20190412T162045693265
15     180     2.5267      0.0       0.0     0.0008      0.0    0.0    3032.100   25.5   0b1111111111111111    20190412T162045693438
 0     170     2.4832      0.0       0.0    -0.0026      0.3    0.8    -666.000   25.5   0b1111111111111111    20190412T162049160104
 1     170     2.4580      0.3       0.8    -0.0007      0.2    0.8    -666.000   25.5   0b1111111111111111    20190412T162049160507
 2     170     2.4689      0.2       0.8     0.0007      0.2    0.8    3291.900   25.5   0b1111111111111111    20190412T162049160812
 3     170     2.4675      0.0       0.0    -0.0004      0.4    0.8    -666.000   25.5   0b1111111111111111    20190412T162049161102
 4     170     2.4623      0.0       0.0     0.0026      0.2    0.8     953.129   25.5   0b1111111111111111    20190412T162049161389
 5     170     2.4683      0.0       0.0     0.0023      0.4    0.8    1097.000   25.5   0b1111111111111111    20190412T162049161695
 6     170     2.4930      0.0       0.0     0.0025      0.0    0.0     997.200   25.5   0b1111111111111111    20190412T162049161981
 7     170     2.4907      0.0       0.0     0.0000      0.0    0.0    -666.000   25.5   0b1111111111111111    20190412T162049162261
 8     170     2.4743      0.0       0.0     0.0008      0.0    0.0    2969.100   25.5   0b1111111111111111    20190412T162049162564
 9     170     2.4563      0.0       0.0     0.0003      0.4    0.8    7368.750   25.5   0b1111111111111111    20190412T162049162848
10     170     2.4660      0.0       0.0    -0.0033      0.3    0.8    -666.000   25.5   0b1111111111111111    20190412T162049163128
11     170     2.4614      0.3       0.8     0.0000      0.0    0.0    -666.000   25.5   0b1111111111111111    20190412T162049163407
12     170     2.4625      0.3       0.8     0.0008      0.0    0.0    2954.970   25.5   0b1111111111111111    20190412T162049163710
13     170     2.4743      0.0       0.0     0.0009      0.3    0.8    2699.182   25.5   0b1111111111111111    20190412T162049163991
14     170     2.4773      0.0       0.0     0.0008      0.0    0.0    2972.700   25.5   0b1111111111111111    20190412T162049164269
15     170     2.4773      0.0       0.0     0.0007      0.2    0.8    3303.000   25.5   0b1111111111111111    20190412T162049164579
 0     160     2.4330      0.0       0.0    -0.0027      0.4    0.8    -666.000   25.5   0b1111111111111111    20190412T162052629604
 1     160     2.4087      0.4       0.8    -0.0006      0.4    0.8    -666.000   25.5   0b1111111111111111    20190412T162052629989
 2     160     2.4193      0.3       0.8     0.0005      0.4    0.8    4838.550   25.5   0b1111111111111111    20190412T162052630324
 3     160     2.4180      0.0       0.0    -0.0001      0.2    0.8    -666.000   25.5   0b1111111111111111    20190412T162052630617
 4     160     2.4124      0.4       0.7     0.0025      0.0    0.0     964.950   25.5   0b1111111111111111    20190412T162052630903
 5     160     2.4187      0.0       0.0     0.0023      0.4    0.8    1075.000   25.5   0b1111111111111111    20190412T162052631187
 6     160     2.4422      0.3       0.8     0.0025      0.0    0.0     976.860   25.5   0b1111111111111111    20190412T162052631494
 7     160     2.4398      0.0       0.0     0.0000      0.0    0.0    -666.000   25.5   0b1111111111111111    20190412T162052631775
 8     160     2.4253      0.3       0.8     0.0008      0.0    0.0    2910.330   25.5   0b1111111111111111    20190412T162052632054
 9     160     2.4075      0.0       0.0     0.0004      0.4    0.8    5778.000   25.5   0b1111111111111111    20190412T162052632356
10     160     2.4172      0.2       0.8    -0.0033      0.3    0.8    -666.000   25.5   0b1111111111111111    20190412T162052632650
11     160     2.4120      0.0       0.0     0.0000      0.0    0.0    -666.000   25.5   0b1111111111111111    20190412T162052632931
12     160     2.4127      0.0       0.0     0.0007      0.2    0.8    3217.000   25.5   0b1111111111111111    20190412T162052633208
13     160     2.4247      0.0       0.0     0.0010      0.3    0.8    2424.750   25.5   0b1111111111111111    20190412T162052633506
14     160     2.4277      0.0       0.0     0.0008      0.0    0.0    2913.300   25.5   0b1111111111111111    20190412T162052633783
15     160     2.4277      0.2       0.7     0.0007      0.2    0.8    3236.900   25.5   0b1111111111111111    20190412T162052634060
 0     150     2.3858      0.0       0.0    -0.0029      0.4    0.8    -666.000   25.5   0b1111111111111111    20190412T162056096508
 1     150     2.3610      0.0       0.0    -0.0008      0.0    0.0    -666.000   25.5   0b1111111111111111    20190412T162056096894
 2     150     2.3715      0.0       0.0     0.0004      0.4    0.8    5691.600   25.5   0b1111111111111111    20190412T162056097193
 3     150     2.3705      0.3       0.8    -0.0002      0.3    0.8    -666.000   25.5   0b1111111111111111    20190412T162056097521
 4     150     2.3648      0.0       0.0     0.0025      0.0    0.0     945.900   25.5   0b1111111111111111    20190412T162056097809
 5     150     2.3708      0.0       0.0     0.0020      0.4    0.8    1185.375   25.5   0b1111111111111111    20190412T162056098095
 6     150     2.3940      0.0       0.0     0.0025      0.0    0.0     957.600   25.5   0b1111111111111111    20190412T162056098401
 7     150     2.3918      0.0       0.0    -0.0002      0.3    0.8    -666.000   25.5   0b1111111111111111    20190412T162056098683
 8     150     2.3790      0.0       0.0     0.0007      0.3    0.8    3568.500   25.5   0b1111111111111111    20190412T162056098964
 9     150     2.3618      0.0       0.0     0.0001      0.2    0.8   28341.000   25.5   0b1111111111111111    20190412T162056099264
10     150     2.3708      0.0       0.0    -0.0033      0.0    0.0    -666.000   25.5   0b1111111111111111    20190412T162056099546
11     150     2.3655      0.0       0.0    -0.0002      0.3    0.8    -666.000   25.5   0b1111111111111111    20190412T162056099827
12     150     2.3670      0.0       0.0     0.0008      0.0    0.0    2840.400   25.5   0b1111111111111111    20190412T162056100105
13     150     2.3761      0.2       0.8     0.0009      0.3    0.8    2592.082   25.5   0b1111111111111111    20190412T162056100408
14     150     2.3798      0.0       0.0     0.0008      0.0    0.0    2855.700   25.5   0b1111111111111111    20190412T162056100691
15     150     2.3795      0.4       0.7     0.0007      0.3    0.8    3569.175   25.5   0b1111111111111111    20190412T162056100969
 0     140     2.3363      0.0       0.0    -0.0032      0.3    0.8    -666.000   25.5   0b1111111111111111    20190412T162059534711
 1     140     2.3122      0.0       0.0    -0.0008      0.0    0.0    -666.000   25.5   0b1111111111111111    20190412T162059535135
 2     140     2.3227      0.0       0.0     0.0004      0.4    0.8    5574.600   25.5   0b1111111111111111    20190412T162059535482
 3     140     2.3212      0.0       0.0    -0.0005      0.4    0.8    -666.000   25.5   0b1111111111111111    20190412T162059535772
 4     140     2.3160      0.0       0.0     0.0024      0.2    0.8     958.345   25.5   0b1111111111111111    20190412T162059536057
 5     140     2.3215      0.3       0.8     0.0018      0.3    0.8    1266.259   25.5   0b1111111111111111    20190412T162059536391
 6     140     2.3438      0.0       0.0     0.0025      0.0    0.0     937.500   25.5   0b1111111111111111    20190412T162059536677
 7     140     2.3416      0.2       0.7    -0.0005      0.4    0.8    -666.000   25.5   0b1111111111111111    20190412T162059536955
 8     140     2.3302      0.0       0.0     0.0007      0.2    0.8    3107.000   25.5   0b1111111111111111    20190412T162059537295
 9     140     2.3130      0.0       0.0     0.0001      0.2    0.8   27756.000   25.5   0b1111111111111111    20190412T162059537629
10     140     2.3220      0.0       0.0    -0.0033      0.0    0.0    -666.000   25.5   0b1111111111111111    20190412T162059537911
11     140     2.3175      0.0       0.0    -0.0003      0.4    0.8    -666.000   25.5   0b1111111111111111    20190412T162059538256
12     140     2.3182      0.0       0.0     0.0006      0.4    0.8    3974.143   25.5   0b1111111111111111    20190412T162059538545
13     140     2.3272      0.0       0.0     0.0008      0.0    0.0    2792.700   25.5   0b1111111111111111    20190412T162059538824
14     140     2.3302      0.0       0.0     0.0008      0.0    0.0    2796.300   25.5   0b1111111111111111    20190412T162059539103
15     140     2.3302      0.0       0.0     0.0006      0.4    0.8    3994.714   25.5   0b1111111111111111    20190412T162059539435
 0     130     2.2868      0.0       0.0    -0.0031      0.4    0.8    -666.000   25.5   0b1111111111111111    20190412T162102974900
 1     130     2.2631      0.4       0.7    -0.0009      0.3    0.8    -666.000   25.5   0b1111111111111111    20190412T162102975121
 2     130     2.2733      0.0       0.0     0.0003      0.4    0.8    6819.750   25.5   0b1111111111111111    20190412T162102975268
 3     130     2.2724      0.2       0.8    -0.0007      0.2    0.8    -666.000   25.5   0b1111111111111111    20190412T162102975416
 4     130     2.2665      0.0       0.0     0.0024      0.2    0.8     937.862   25.5   0b1111111111111111    20190412T162102975556
 5     130     2.2718      0.2       0.8     0.0018      0.2    0.8    1298.186   25.5   0b1111111111111111    20190412T162102975694
 6     130     2.2942      0.0       0.0     0.0025      0.0    0.0     917.700   25.5   0b1111111111111111    20190412T162102975831
 7     130     2.2913      0.0       0.0    -0.0006      0.4    0.8    -666.000   25.5   0b1111111111111111    20190412T162102975966
 8     130     2.2823      0.0       0.0     0.0003      0.4    0.8    6846.750   25.5   0b1111111111111111    20190412T162102976102
 9     130     2.2650      0.0       0.0     0.0000      0.0    0.0    -666.000   25.5   0b1111111111111111    20190412T162102976290
10     130     2.2734      0.3       0.8    -0.0033      0.0    0.0    -666.000   25.5   0b1111111111111111    20190412T162102976435
11     130     2.2688      0.0       0.0    -0.0005      0.4    0.8    -666.000   25.5   0b1111111111111111    20190412T162102976572
12     130     2.2694      0.2       0.8     0.0004      0.4    0.8    5446.620   25.5   0b1111111111111111    20190412T162102976708
13     130     2.2778      0.0       0.0     0.0008      0.0    0.0    2733.300   25.5   0b1111111111111111    20190412T162102976843
14     130     2.2808      0.0       0.0     0.0007      0.3    0.8    3421.125   25.5   0b1111111111111111    20190412T162102976978
15     130     2.2808      0.0       0.0     0.0002      0.4    0.8    9123.000   25.5   0b1111111111111111    20190412T162102977136
 0     120     2.2372      0.0       0.0    -0.0033      0.3    0.8    -666.000   25.4   0b1111111111111111    20190412T162106405955
 1     120     2.2140      0.0       0.0    -0.0008      0.0    0.0    -666.000   25.4   0b1111111111111111    20190412T162106406343
 2     120     2.2235      0.3       0.8     0.0002      0.3    0.8   13341.150   25.4   0b1111111111111111    20190412T162106406730
 3     120     2.2230      0.0       0.0    -0.0007      0.2    0.8    -666.000   25.4   0b1111111111111111    20190412T162106407025
 4     120     2.2170      0.0       0.0     0.0023      0.3    0.8     950.143   25.4   0b1111111111111111    20190412T162106407312
 5     120     2.2230      0.0       0.0     0.0017      0.0    0.0    1333.800   25.4   0b1111111111111111    20190412T162106407647
 6     120     2.2434      0.3       0.8     0.0025      0.0    0.0     897.360   25.4   0b1111111111111111    20190412T162106407934
 7     120     2.2409      0.2       0.8    -0.0007      0.3    0.8    -666.000   25.4   0b1111111111111111    20190412T162106408225
 8     120     2.2341      0.3       0.8     0.0001      0.2    0.8   26809.200   25.4   0b1111111111111111    20190412T162106408559
 9     120     2.2170      0.0       0.0     0.0000      0.0    0.0    -666.000   25.4   0b1111111111111111    20190412T162106408844
10     120     2.2245      0.0       0.0    -0.0033      0.0    0.0    -666.000   25.4   0b1111111111111111    20190412T162106409159
11     120     2.2207      0.0       0.0    -0.0005      0.4    0.8    -666.000   25.4   0b1111111111111111    20190412T162106409527
12     120     2.2200      0.0       0.0     0.0002      0.4    0.8    8880.000   25.4   0b1111111111111111    20190412T162106409816
13     120     2.2290      0.0       0.0     0.0008      0.0    0.0    2674.800   25.4   0b1111111111111111    20190412T162106410096
14     120     2.2305      0.0       0.0     0.0002      0.4    0.8    8922.000   25.4   0b1111111111111111    20190412T162106410415
15     120     2.2320      0.0       0.0     0.0003      0.4    0.8    6696.000   25.4   0b1111111111111111    20190412T162106410708
 0     110     2.1893      0.0       0.0    -0.0033      0.0    0.0    -666.000   25.4   0b1111111111111111    20190412T162109852603
 1     110     2.1667      0.0       0.0    -0.0009      0.3    0.8    -666.000   25.4   0b1111111111111111    20190412T162109852985
 2     110     2.1758      0.0       0.0     0.0000      0.0    0.0    -666.000   25.4   0b1111111111111111    20190412T162109853356
 3     110     2.1750      0.0       0.0    -0.0008      0.0    0.0    -666.000   25.4   0b1111111111111111    20190412T162109853656
 4     110     2.1690      0.0       0.0     0.0022      0.4    0.8    1001.077   25.4   0b1111111111111111    20190412T162109853945
 5     110     2.1743      0.0       0.0     0.0017      0.0    0.0    1304.550   25.4   0b1111111111111111    20190412T162109854273
 6     110     2.1950      0.4       0.8     0.0020      0.4    0.8    1097.475   25.4   0b1111111111111111    20190412T162109854414
 7     110     2.1923      0.0       0.0    -0.0008      0.0    0.0    -666.000   25.4   0b1111111111111111    20190412T162109854551
 8     110     2.1866      0.4       0.8     0.0002      0.3    0.8   13119.300   25.4   0b1111111111111111    20190412T162109854687
 9     110     2.1698      0.0       0.0    -0.0002      0.3    0.8    -666.000   25.4   0b1111111111111111    20190412T162109854822
10     110     2.1773      0.0       0.0    -0.0034      0.2    0.8    -666.000   25.4   0b1111111111111111    20190412T162109854984
11     110     2.1735      0.0       0.0    -0.0008      0.0    0.0    -666.000   25.4   0b1111111111111111    20190412T162109855162
12     110     2.1731      0.4       0.8     0.0000      0.0    0.0    -666.000   25.4   0b1111111111111111    20190412T162109855302
13     110     2.1818      0.0       0.0     0.0007      0.3    0.8    3272.625   25.4   0b1111111111111111    20190412T162109855437
14     110     2.1833      0.0       0.0     0.0002      0.4    0.8    8733.000   25.4   0b1111111111111111    20190412T162109855572
15     110     2.1848      0.0       0.0     0.0004      0.4    0.8    5243.400   25.4   0b1111111111111111    20190412T162109855707
 0     100     2.1383      0.2       0.8    -0.0033      0.0    0.0    -666.000   25.4   0b1111111111111111    20190412T162113284954
 1     100     2.1165      0.0       0.0    -0.0009      0.3    0.8    -666.000   25.4   0b1111111111111111    20190412T162113285419
 2     100     2.1258      0.4       0.8     0.0000      0.0    0.0    -666.000   25.4   0b1111111111111111    20190412T162113285743
 3     100     2.1247      0.0       0.0    -0.0008      0.0    0.0    -666.000   25.4   0b1111111111111111    20190412T162113286041
 4     100     2.1180      0.0       0.0     0.0022      0.4    0.8     977.538   25.4   0b1111111111111111    20190412T162113286377
 5     100     2.1232      0.0       0.0     0.0017      0.0    0.0    1273.950   25.4   0b1111111111111111    20190412T162113286669
 6     100     2.1435      0.0       0.0     0.0021      0.4    0.8    1028.880   25.4   0b1111111111111111    20190412T162113286967
 7     100     2.1412      0.2       0.8    -0.0008      0.0    0.0    -666.000   25.4   0b1111111111111111    20190412T162113287302
 8     100     2.1374      0.2       0.8     0.0000      0.0    0.0    -666.000   25.4   0b1111111111111111    20190412T162113287589
 9     100     2.1195      0.0       0.0    -0.0004      0.4    0.8    -666.000   25.4   0b1111111111111111    20190412T162113287927
10     100     2.1270      0.0       0.0    -0.0035      0.3    0.8    -666.000   25.4   0b1111111111111111    20190412T162113288281
11     100     2.1237      0.4       0.8    -0.0007      0.2    0.8    -666.000   25.4   0b1111111111111111    20190412T162113288572
12     100     2.1232      0.0       0.0     0.0001      0.2    0.8   25479.000   25.4   0b1111111111111111    20190412T162113288853
13     100     2.1322      0.0       0.0     0.0008      0.0    0.0    2558.700   25.4   0b1111111111111111    20190412T162113289189
14     100     2.1331      0.2       0.8     0.0000      0.0    0.0    -666.000   25.4   0b1111111111111111    20190412T162113289474
15     100     2.1351      0.3       0.8     0.0001      0.2    0.8   25621.200   25.4   0b1111111111111111    20190412T162113289752
 0      90     2.0875      0.3       0.8    -0.0033      0.0    0.0    -666.000   25.4   0b1111111111111111    20190412T162116723641
 1      90     2.0651      0.4       0.8    -0.0011      0.4    0.8    -666.000   25.4   0b1111111111111111    20190412T162116724033
 2      90     2.0737      0.0       0.0     0.0000      0.0    0.0    -666.000   25.4   0b1111111111111111    20190412T162116724423
 3      90     2.0736      0.3       0.8    -0.0008      0.0    0.0    -666.000   25.4   0b1111111111111111    20190412T162116724726
 4      90     2.0670      0.0       0.0     0.0020      0.4    0.8    1033.500   25.4   0b1111111111111111    20190412T162116725017
 5      90     2.0722      0.0       0.0     0.0017      0.0    0.0    1243.350   25.4   0b1111111111111111    20190412T162116725351
 6      90     2.0903      0.0       0.0     0.0019      0.4    0.8    1090.565   25.4   0b1111111111111111    20190412T162116725641
 7      90     2.0882      0.3       0.8    -0.0008      0.0    0.0    -666.000   25.4   0b1111111111111111    20190412T162116725924
 8      90     2.0879      0.3       0.8     0.0000      0.0    0.0    -666.000   25.4   0b1111111111111111    20190412T162116726263
 9      90     2.0685      0.0       0.0    -0.0005      0.4    0.8    -666.000   25.4   0b1111111111111111    20190412T162116726550
10      90     2.0768      0.0       0.0    -0.0039      0.4    0.8    -666.000   25.4   0b1111111111111111    20190412T162116726880
11      90     2.0732      0.3       0.8    -0.0008      0.0    0.0    -666.000   25.4   0b1111111111111111    20190412T162116727230
12      90     2.0730      0.0       0.0     0.0000      0.0    0.0    -666.000   25.4   0b1111111111111111    20190412T162116727518
13      90     2.0818      0.3       0.8     0.0007      0.2    0.8    2775.700   25.4   0b1111111111111111    20190412T162116727796
14      90     2.0835      0.0       0.0     0.0001      0.2    0.8   25002.000   25.4   0b1111111111111111    20190412T162116728076
15      90     2.0836      0.2       0.8     0.0001      0.2    0.8   25002.900   25.4   0b1111111111111111    20190412T162116728419
 0      80     2.0355      0.0       0.0    -0.0034      0.2    0.8    -666.000   25.3   0b1111111111111111    20190412T162120159044
 1      80     2.0130      0.0       0.0    -0.0011      0.4    0.8    -666.000   25.3   0b1111111111111111    20190412T162120159388
 2      80     2.0220      0.0       0.0     0.0000      0.0    0.0    -666.000   25.3   0b1111111111111111    20190412T162120159651
 3      80     2.0212      0.0       0.0    -0.0008      0.0    0.0    -666.000   25.3   0b1111111111111111    20190412T162120159908
 4      80     2.0145      0.0       0.0     0.0018      0.2    0.8    1151.143   25.3   0b1111111111111111    20190412T162120160254
 5      80     2.0197      0.0       0.0     0.0015      0.3    0.8    1346.500   25.3   0b1111111111111111    20190412T162120160519
 6      80     2.0376      0.3       0.8     0.0017      0.0    0.0    1222.560   25.3   0b1111111111111111    20190412T162120160766
 7      80     2.0355      0.0       0.0    -0.0010      0.3    0.8    -666.000   25.3   0b1111111111111111    20190412T162120161013
 8      80     2.0355      0.0       0.0     0.0000      0.0    0.0    -666.000   25.3   0b1111111111111111    20190412T162120161263
 9      80     2.0168      0.0       0.0    -0.0004      0.4    0.8    -666.000   25.3   0b1111111111111111    20190412T162120161557
10      80     2.0250      0.0       0.0    -0.0038      0.4    0.8    -666.000   25.3   0b1111111111111111    20190412T162120161815
11      80     2.0212      0.0       0.0    -0.0008      0.0    0.0    -666.000   25.3   0b1111111111111111    20190412T162120162068
12      80     2.0212      0.0       0.0     0.0000      0.0    0.0    -666.000   25.3   0b1111111111111111    20190412T162120162377
13      80     2.0295      0.0       0.0     0.0007      0.3    0.8    3044.250   25.3   0b1111111111111111    20190412T162120162627
14      80     2.0317      0.0       0.0     0.0000      0.0    0.0    -666.000   25.3   0b1111111111111111    20190412T162120162873
15      80     2.0318      0.2       0.8     0.0000      0.0    0.0    -666.000   25.3   0b1111111111111111    20190412T162120163166
 0      70     1.9832      0.3       0.7    -0.0033      0.0    0.0    -666.000   25.3   0b1111111111111111    20190412T162123593929
 1      70     1.9625      0.4       0.8    -0.0011      0.4    0.8    -666.000   25.3   0b1111111111111111    20190412T162123594388
 2      70     1.9710      0.0       0.0    -0.0002      0.3    0.8    -666.000   25.3   0b1111111111111111    20190412T162123594691
 3      70     1.9703      0.0       0.0    -0.0010      0.3    0.8    -666.000   25.3   0b1111111111111111    20190412T162123594978
 4      70     1.9635      0.0       0.0     0.0017      0.0    0.0    1178.100   25.3   0b1111111111111111    20190412T162123595315
 5      70     1.9680      0.0       0.0     0.0016      0.3    0.8    1242.947   25.3   0b1111111111111111    20190412T162123595603
 6      70     1.9860      0.0       0.0     0.0017      0.0    0.0    1191.600   25.3   0b1111111111111111    20190412T162123595886
 7      70     1.9838      0.0       0.0    -0.0009      0.3    0.8    -666.000   25.3   0b1111111111111111    20190412T162123596220
 8      70     1.9845      0.0       0.0     0.0000      0.0    0.0    -666.000   25.3   0b1111111111111111    20190412T162123596559
 9      70     1.9657      0.0       0.0    -0.0008      0.0    0.0    -666.000   25.3   0b1111111111111111    20190412T162123596848
10      70     1.9740      0.0       0.0    -0.0040      0.3    0.8    -666.000   25.3   0b1111111111111111    20190412T162123597181
11      70     1.9703      0.0       0.0    -0.0008      0.0    0.0    -666.000   25.3   0b1111111111111111    20190412T162123597473
12      70     1.9703      0.0       0.0     0.0000      0.0    0.0    -666.000   25.3   0b1111111111111111    20190412T162123597753
13      70     1.9778      0.2       0.8     0.0003      0.4    0.8    5933.475   25.3   0b1111111111111111    20190412T162123598030
14      70     1.9799      0.2       0.8    -0.0001      0.2    0.8    -666.000   25.3   0b1111111111111111    20190412T162123598351
15      70     1.9808      0.0       0.0     0.0000      0.0    0.0    -666.000   25.3   0b1111111111111111    20190412T162123598632
 0      60     1.9306      0.2       0.8    -0.0034      0.2    0.8    -666.000   25.3   0b1111111111111111    20190412T162127029891
 1      60     1.9103      0.0       0.0    -0.0014      0.4    0.8    -666.000   25.3   0b1111111111111111    20190412T162127030277
 2      60     1.9192      0.2       0.7    -0.0003      0.4    0.8    -666.000   25.3   0b1111111111111111    20190412T162127030648
 3      60     1.9178      0.0       0.0    -0.0012      0.4    0.8    -666.000   25.3   0b1111111111111111    20190412T162127030943
 4      60     1.9110      0.0       0.0     0.0017      0.0    0.0    1146.600   25.3   0b1111111111111111    20190412T162127031239
 5      60     1.9164      0.3       0.8     0.0013      0.4    0.8    1437.300   25.3   0b1111111111111111    20190412T162127031578
 6      60     1.9328      0.2       0.8     0.0017      0.0    0.0    1159.695   25.3   0b1111111111111111    20190412T162127031866
 7      60     1.9312      0.0       0.0    -0.0012      0.4    0.8    -666.000   25.3   0b1111111111111111    20190412T162127032147
 8      60     1.9335      0.0       0.0    -0.0003      0.4    0.8    -666.000   25.3   0b1111111111111111    20190412T162127032535
 9      60     1.9148      0.0       0.0    -0.0008      0.0    0.0    -666.000   25.3   0b1111111111111111    20190412T162127032823
10      60     1.9222      0.0       0.0    -0.0042      0.0    0.0    -666.000   25.3   0b1111111111111111    20190412T162127033102
11      60     1.9200      0.0       0.0    -0.0008      0.0    0.0    -666.000   25.3   0b1111111111111111    20190412T162127033431
12      60     1.9185      0.0       0.0    -0.0001      0.2    0.8    -666.000   25.3   0b1111111111111111    20190412T162127033717
13      60     1.9251      0.3       0.8     0.0002      0.3    0.8   11550.600   25.3   0b1111111111111111    20190412T162127033995
14      60     1.9275      0.0       0.0     0.0000      0.0    0.0    -666.000   25.3   0b1111111111111111    20190412T162127034274
15      60     1.9282      0.0       0.0     0.0000      0.0    0.0    -666.000   25.3   0b1111111111111111    20190412T162127034550
 0      50     1.8788      0.2       0.8    -0.0033      0.0    0.0    -666.000   25.3   0b1111111111111111    20190412T162130465429
 1      50     1.8592      0.0       0.0    -0.0016      0.3    0.8    -666.000   25.3   0b1111111111111111    20190412T162130465809
 2      50     1.8675      0.0       0.0    -0.0004      0.4    0.8    -666.000   25.3   0b1111111111111111    20190412T162130466142
 3      50     1.8660      0.0       0.0    -0.0011      0.4    0.8    -666.000   25.3   0b1111111111111111    20190412T162130466485
 4      50     1.8595      0.3       0.8     0.0017      0.0    0.0    1115.685   25.3   0b1111111111111111    20190412T162130466775
 5      50     1.8645      0.0       0.0     0.0011      0.4    0.8    1721.077   25.3   0b1111111111111111    20190412T162130467059
 6      50     1.8803      0.0       0.0     0.0017      0.0    0.0    1128.150   25.3   0b1111111111111111    20190412T162130467389
 7      50     1.8788      0.0       0.0    -0.0012      0.4    0.8    -666.000   25.3   0b1111111111111111    20190412T162130467673
 8      50     1.8817      0.0       0.0    -0.0002      0.3    0.8    -666.000   25.3   0b1111111111111111    20190412T162130467952
 9      50     1.8638      0.0       0.0    -0.0008      0.0    0.0    -666.000   25.3   0b1111111111111111    20190412T162130468334
10      50     1.8712      0.0       0.0    -0.0042      0.0    0.0    -666.000   25.3   0b1111111111111111    20190412T162130468624
11      50     1.8689      0.3       0.8    -0.0009      0.3    0.8    -666.000   25.3   0b1111111111111111    20190412T162130468902
12      50     1.8670      0.3       0.8    -0.0002      0.4    0.8    -666.000   25.3   0b1111111111111111    20190412T162130469240
13      50     1.8727      0.0       0.0     0.0001      0.2    0.8   22473.000   25.3   0b1111111111111111    20190412T162130469526
14      50     1.8753      0.4       0.8    -0.0001      0.2    0.8    -666.000   25.3   0b1111111111111111    20190412T162130469804
15      50     1.8758      0.0       0.0     0.0000      0.0    0.0    -666.000   25.3   0b1111111111111111    20190412T162130470079
 0      40     1.8265      0.3       0.7    -0.0037      0.4    0.8    -666.000   25.3   0b1111111111111111    20190412T162133901258
 1      40     1.8075      0.0       0.0    -0.0017      0.0    0.0    -666.000   25.3   0b1111111111111111    20190412T162133901696
 2      40     1.8157      0.0       0.0    -0.0008      0.0    0.0    -666.000   25.3   0b1111111111111111    20190412T162133902008
 3      40     1.8148      0.3       0.7    -0.0015      0.3    0.8    -666.000   25.3   0b1111111111111111    20190412T162133902298
 4      40     1.8075      0.0       0.0     0.0017      0.0    0.0    1084.500   25.3   0b1111111111111111    20190412T162133902627
 5      40     1.8128      0.0       0.0     0.0010      0.3    0.8    1812.750   25.3   0b1111111111111111    20190412T162133902916
 6      40     1.8282      0.4       0.8     0.0017      0.0    0.0    1096.920   25.3   0b1111111111111111    20190412T162133903198
 7      40     1.8263      0.0       0.0    -0.0016      0.3    0.8    -666.000   25.3   0b1111111111111111    20190412T162133903528
 8      40     1.8300      0.0       0.0    -0.0004      0.4    0.8    -666.000   25.3   0b1111111111111111    20190412T162133903813
 9      40     1.8128      0.0       0.0    -0.0009      0.3    0.8    -666.000   25.3   0b1111111111111111    20190412T162133904145
10      40     1.8203      0.0       0.0    -0.0042      0.0    0.0    -666.000   25.3   0b1111111111111111    20190412T162133904505
11      40     1.8173      0.0       0.0    -0.0010      0.3    0.8    -666.000   25.3   0b1111111111111111    20190412T162133904645
12      40     1.8150      0.0       0.0     0.0000      0.0    0.0    -666.000   25.3   0b1111111111111111    20190412T162133904781
13      40     1.8203      0.0       0.0     0.0000      0.0    0.0    -666.000   25.3   0b1111111111111111    20190412T162133904916
14      40     1.8233      0.0       0.0    -0.0002      0.4    0.8    -666.000   25.3   0b1111111111111111    20190412T162133905050
15      40     1.8233      0.2       0.8    -0.0001      0.2    0.8    -666.000   25.3   0b1111111111111111    20190412T162133905185
 0      30     1.7754      0.3       0.7    -0.0038      0.4    0.8    -666.000   25.2   0b1111111111111111    20190412T162137334307
 1      30     1.7572      0.0       0.0    -0.0016      0.3    0.8    -666.000   25.2   0b1111111111111111    20190412T162137334686
 2      30     1.7647      0.0       0.0    -0.0008      0.0    0.0    -666.000   25.2   0b1111111111111111    20190412T162137334983
 3      30     1.7647      0.0       0.0    -0.0016      0.3    0.8    -666.000   25.2   0b1111111111111111    20190412T162137335320
 4      30     1.7575      0.3       0.8     0.0016      0.3    0.8    1109.984   25.2   0b1111111111111111    20190412T162137335612
 5      30     1.7624      0.2       0.8     0.0008      0.0    0.0    2114.910   25.2   0b1111111111111111    20190412T162137335896
 6      30     1.7768      0.0       0.0     0.0017      0.0    0.0    1066.050   25.2   0b1111111111111111    20190412T162137336234
 7      30     1.7755      0.3       0.7    -0.0016      0.3    0.8    -666.000   25.2   0b1111111111111111    20190412T162137336520
 8      30     1.7814      0.3       0.8    -0.0005      0.4    0.8    -666.000   25.2   0b1111111111111111    20190412T162137336848
 9      30     1.7632      0.0       0.0    -0.0009      0.3    0.8    -666.000   25.2   0b1111111111111111    20190412T162137337210
10      30     1.7700      0.0       0.0    -0.0042      0.0    0.0    -666.000   25.2   0b1111111111111111    20190412T162137337501
11      30     1.7685      0.0       0.0    -0.0011      0.4    0.8    -666.000   25.2   0b1111111111111111    20190412T162137337779
12      30     1.7647      0.0       0.0    -0.0001      0.2    0.8    -666.000   25.2   0b1111111111111111    20190412T162137338055
13      30     1.7708      0.0       0.0     0.0000      0.0    0.0    -666.000   25.2   0b1111111111111111    20190412T162137338385
14      30     1.7729      0.2       0.8    -0.0003      0.4    0.8    -666.000   25.2   0b1111111111111111    20190412T162137338663
15      30     1.7730      0.0       0.0     0.0000      0.0    0.0    -666.000   25.2   0b1111111111111111    20190412T162137338940
 0      20     1.7243      0.0       0.0    -0.0039      0.4    0.8    -666.000   25.2   0b1111111111111111    20190412T162140769396
 1      20     1.7070      0.0       0.0    -0.0016      0.3    0.8    -666.000   25.2   0b1111111111111111    20190412T162140769794
 2      20     1.7138      0.0       0.0    -0.0008      0.0    0.0    -666.000   25.2   0b1111111111111111    20190412T162140770089
 3      20     1.7138      0.0       0.0    -0.0016      0.3    0.8    -666.000   25.2   0b1111111111111111    20190412T162140770465
 4      20     1.7070      0.0       0.0     0.0014      0.4    0.8    1204.941   25.2   0b1111111111111111    20190412T162140770757
 5      20     1.7110      0.4       0.8     0.0008      0.0    0.0    2053.260   25.2   0b1111111111111111    20190412T162140771041
 6      20     1.7249      0.2       0.8     0.0014      0.4    0.8    1217.594   25.2   0b1111111111111111    20190412T162140771369
 7      20     1.7243      0.0       0.0    -0.0016      0.3    0.8    -666.000   25.2   0b1111111111111111    20190412T162140771652
 8      20     1.7310      0.0       0.0    -0.0007      0.2    0.8    -666.000   25.2   0b1111111111111111    20190412T162140771930
 9      20     1.7130      0.0       0.0    -0.0009      0.3    0.8    -666.000   25.2   0b1111111111111111    20190412T162140772264
10      20     1.7197      0.0       0.0    -0.0042      0.0    0.0    -666.000   25.2   0b1111111111111111    20190412T162140772547
11      20     1.7182      0.0       0.0    -0.0012      0.4    0.8    -666.000   25.2   0b1111111111111111    20190412T162140772876
12      20     1.7138      0.0       0.0    -0.0002      0.4    0.8    -666.000   25.2   0b1111111111111111    20190412T162140773224
13      20     1.7190      0.0       0.0     0.0000      0.0    0.0    -666.000   25.2   0b1111111111111111    20190412T162140773512
14      20     1.7212      0.0       0.0    -0.0006      0.4    0.8    -666.000   25.2   0b1111111111111111    20190412T162140773791
15      20     1.7220      0.0       0.0    -0.0004      0.4    0.8    -666.000   25.2   0b1111111111111111    20190412T162140774068
 0      10     1.6732      0.0       0.0    -0.0039      0.4    0.8    -666.000   25.2   0b1111111111111111    20190412T162144210214
 1      10     1.6560      0.0       0.0    -0.0017      0.0    0.0    -666.000   25.2   0b1111111111111111    20190412T162144210623
 2      10     1.6629      0.3       0.7    -0.0008      0.0    0.0    -666.000   25.2   0b1111111111111111    20190412T162144210922
 3      10     1.6632      0.4       0.7    -0.0017      0.0    0.0    -666.000   25.2   0b1111111111111111    20190412T162144211208
 4      10     1.6560      0.0       0.0     0.0013      0.4    0.8    1242.000   25.2   0b1111111111111111    20190412T162144211515
 5      10     1.6598      0.0       0.0     0.0008      0.0    0.0    1991.700   25.2   0b1111111111111111    20190412T162144211802
 6      10     1.6732      0.0       0.0     0.0013      0.4    0.8    1254.937   25.2   0b1111111111111111    20190412T162144212084
 7      10     1.6725      0.0       0.0    -0.0017      0.0    0.0    -666.000   25.2   0b1111111111111111    20190412T162144212389
 8      10     1.6800      0.0       0.0    -0.0008      0.0    0.0    -666.000   25.2   0b1111111111111111    20190412T162144212703
 9      10     1.6628      0.2       0.7    -0.0013      0.4    0.8    -666.000   25.2   0b1111111111111111    20190412T162144212983
10      10     1.6695      0.0       0.0    -0.0042      0.3    0.8    -666.000   25.2   0b1111111111111111    20190412T162144213261
11      10     1.6680      0.0       0.0    -0.0015      0.3    0.8    -666.000   25.2   0b1111111111111111    20190412T162144213559
12      10     1.6635      0.0       0.0    -0.0003      0.4    0.8    -666.000   25.2   0b1111111111111111    20190412T162144213839
13      10     1.6680      0.0       0.0     0.0000      0.0    0.0    -666.000   25.2   0b1111111111111111    20190412T162144214116
14      10     1.6702      0.0       0.0    -0.0007      0.2    0.8    -666.000   25.2   0b1111111111111111    20190412T162144214427
15      10     1.6710      0.0       0.0    -0.0003      0.4    0.8    -666.000   25.2   0b1111111111111111    20190412T162144214612
 0       0     1.6216      0.2       0.8    -0.0042      0.0    0.0    -666.000   25.2   0b1111111111111111    20190412T162147645691
 1       0     1.6050      0.0       0.0    -0.0017      0.0    0.0    -666.000   25.2   0b1111111111111111    20190412T162147646076
 2       0     1.6125      0.0       0.0    -0.0010      0.3    0.8    -666.000   25.2   0b1111111111111111    20190412T162147646407
 3       0     1.6124      0.2       0.8    -0.0017      0.0    0.0    -666.000   25.2   0b1111111111111111    20190412T162147646696
 4       0     1.6042      0.0       0.0     0.0012      0.4    0.8    1375.071   25.2   0b1111111111111111    20190412T162147646981
 5       0     1.6089      0.3       0.8     0.0008      0.0    0.0    1930.680   25.2   0b1111111111111111    20190412T162147647285
 6       0     1.6215      0.0       0.0     0.0013      0.4    0.8    1216.125   25.2   0b1111111111111111    20190412T162147647569
 7       0     1.6207      0.0       0.0    -0.0017      0.0    0.0    -666.000   25.2   0b1111111111111111    20190412T162147647849
 8       0     1.6298      0.0       0.0    -0.0008      0.0    0.0    -666.000   25.2   0b1111111111111111    20190412T162147648147
 9       0     1.6125      0.0       0.0    -0.0015      0.3    0.8    -666.000   25.2   0b1111111111111111    20190412T162147648488
10       0     1.6192      0.0       0.0    -0.0043      0.3    0.8    -666.000   25.2   0b1111111111111111    20190412T162147648772
11       0     1.6170      0.0       0.0    -0.0016      0.3    0.8    -666.000   25.2   0b1111111111111111    20190412T162147649052
12       0     1.6118      0.2       0.8    -0.0007      0.2    0.8    -666.000   25.2   0b1111111111111111    20190412T162147649353
13       0     1.6170      0.0       0.0    -0.0002      0.3    0.8    -666.000   25.2   0b1111111111111111    20190412T162147649634
14       0     1.6186      0.2       0.7    -0.0008      0.0    0.0    -666.000   25.2   0b1111111111111111    20190412T162147649911
15       0     1.6195      0.4       0.8    -0.0004      0.4    0.8    -666.000   25.2   0b1111111111111111    20190412T162147650209
