CH# Vset[DAC]   V[V]    dVRMS[mV] dVpp[mV]    I[A]  dIRMS[mA] dIpp[mA]   R[ohm]   T[C]   State                Timestamp
 0     250     2.8379      0.2       0.8     0.1293      0.6    1.7      21.957   26.0   0b1111111111111111    20181019T164521721823
 1     250     2.8348      0.3       0.8     0.5611      0.5    1.7       5.052   26.0   0b1111111111111111    20181019T164521722282
 2     250     2.8466      0.4       0.7     0.1317      0.5    1.7      21.620   26.0   0b1111111111111111    20181019T164521722587
 3     250     2.8260      0.0       0.0     0.5582      0.5    1.7       5.063   26.0   0b1111111111111111    20181019T164521722899
 4     250     2.8298      0.0       0.0     0.1290      0.5    1.7      21.936   26.0   0b1111111111111111    20181019T164521723187
 5     250     2.8365      0.0       0.0     0.5632      0.3    0.8       5.037   26.0   0b1111111111111111    20181019T164521723471
 6     250     2.8298      0.0       0.0     0.1264      0.4    0.8      22.384   26.0   0b1111111111111111    20181019T164521723770
 7     250     2.8425      0.0       0.0     0.5611      0.5    1.7       5.066   26.0   0b1111111111111111    20181019T164521724053
 8     250     2.8585      0.3       0.7     0.1318      0.4    1.7      21.696   26.0   0b1111111111111111    20181019T164521724331
 9     250     2.8680      0.0       0.0     0.5683      0.5    1.7       5.046   26.0   0b1111111111111111    20181019T164521724608
10     250     2.8656      0.3       0.7     0.1301      0.7    1.7      22.029   26.0   0b1111111111111111    20181019T164521724948
11     250     2.8649      0.2       0.8     0.5698      0.5    1.7       5.028   26.0   0b1111111111111111    20181019T164521725240
12     250     2.8545      0.0       0.0     0.1298      0.5    1.7      21.986   26.0   0b1111111111111111    20181019T164521725518
13     250     2.8553      0.0       0.0     0.5638      0.6    1.7       5.064   26.0   0b1111111111111111    20181019T164521725821
14     250     2.8566      0.3       0.8     0.1303      0.4    0.8      21.932   26.0   0b1111111111111111    20181019T164521726101
15     250     2.8313      0.0       0.0     0.5591      0.4    1.7       5.064   26.0   0b1111111111111111    20181019T164521726376
 0     240     2.7892      0.0       0.0     0.1268      0.5    1.7      21.991   26.0   0b1111111111111111    20181019T164525158576
 1     240     2.7862      0.0       0.0     0.5517      0.4    1.7       5.051   26.0   0b1111111111111111    20181019T164525159040
 2     240     2.7981      0.3       0.8     0.1293      0.3    0.8      21.635   26.0   0b1111111111111111    20181019T164525160645
 3     240     2.7775      0.3       0.8     0.5486      0.4    0.8       5.063   26.0   0b1111111111111111    20181019T164525160958
 4     240     2.7810      0.0       0.0     0.1264      0.4    0.8      21.999   26.0   0b1111111111111111    20181019T164525161247
 5     240     2.7877      0.0       0.0     0.5533      0.2    0.8       5.039   26.0   0b1111111111111111    20181019T164525161531
 6     240     2.7815      0.3       0.8     0.1241      0.4    1.7      22.417   26.0   0b1111111111111111    20181019T164525161880
 7     240     2.7939      0.3       0.8     0.5513      0.4    0.8       5.068   26.0   0b1111111111111111    20181019T164525162166
 8     240     2.8095      0.0       0.0     0.1295      0.4    0.8      21.695   26.0   0b1111111111111111    20181019T164525162444
 9     240     2.8185      0.0       0.0     0.5588      0.4    0.8       5.044   26.0   0b1111111111111111    20181019T164525162721
10     240     2.8163      0.0       0.0     0.1277      0.3    0.8      22.059   26.0   0b1111111111111111    20181019T164525163023
11     240     2.8155      0.0       0.0     0.5599      0.6    1.7       5.028   26.0   0b1111111111111111    20181019T164525163300
12     240     2.8061      0.4       0.7     0.1278      0.4    0.8      21.951   26.0   0b1111111111111111    20181019T164525163690
13     240     2.8065      0.0       0.0     0.5542      0.5    1.7       5.064   26.0   0b1111111111111111    20181019T164525164039
14     240     2.8080      0.0       0.0     0.1274      0.6    1.7      22.038   26.0   0b1111111111111111    20181019T164525164335
15     240     2.7832      0.0       0.0     0.5497      0.4    0.8       5.063   26.0   0b1111111111111111    20181019T164525164612
 0     230     2.7420      0.0       0.0     0.1243      0.3    0.8      22.054   26.0   0b1111111111111111    20181019T164528597711
 1     230     2.7390      0.0       0.0     0.5424      0.3    0.8       5.050   26.0   0b1111111111111111    20181019T164528598148
 2     230     2.7510      0.0       0.0     0.1272      0.4    0.8      21.633   26.0   0b1111111111111111    20181019T164528598444
 3     230     2.7300      0.0       0.0     0.5393      0.3    0.8       5.063   26.0   0b1111111111111111    20181019T164528598732
 4     230     2.7338      0.0       0.0     0.1242      0.0    0.0      22.017   26.0   0b1111111111111111    20181019T164528599037
 5     230     2.7405      0.0       0.0     0.5441      0.2    0.8       5.037   26.0   0b1111111111111111    20181019T164528599321
 6     230     2.7345      0.0       0.0     0.1217      0.2    0.8      22.460   26.0   0b1111111111111111    20181019T164528599600
 7     230     2.7465      0.0       0.0     0.5422      0.4    0.8       5.066   26.0   0b1111111111111111    20181019T164528599878
 8     230     2.7612      0.4       0.8     0.1273      0.3    0.8      21.685   26.0   0b1111111111111111    20181019T164528600175
 9     230     2.7705      0.0       0.0     0.5496      0.4    0.8       5.041   26.0   0b1111111111111111    20181019T164528600455
10     230     2.7683      0.0       0.0     0.1253      0.5    1.7      22.102   26.0   0b1111111111111111    20181019T164528600775
11     230     2.7674      0.2       0.7     0.5508      0.0    0.0       5.024   26.0   0b1111111111111111    20181019T164528601081
12     230     2.7593      0.0       0.0     0.1257      0.5    1.7      21.957   26.0   0b1111111111111111    20181019T164528601361
13     230     2.7593      0.0       0.0     0.5448      0.3    0.8       5.064   26.0   0b1111111111111111    20181019T164528601638
14     230     2.7608      0.0       0.0     0.1257      0.2    0.8      21.954   26.0   0b1111111111111111    20181019T164528601915
15     230     2.7368      0.0       0.0     0.5402      0.3    0.8       5.066   26.0   0b1111111111111111    20181019T164528602211
 0     220     2.6933      0.2       0.7     0.1225      0.0    0.0      21.986   26.0   0b1111111111111111    20181019T164532033515
 1     220     2.6905      0.3       0.8     0.5325      0.0    0.0       5.053   26.0   0b1111111111111111    20181019T164532033936
 2     220     2.7030      0.0       0.0     0.1251      0.2    0.8      21.610   26.0   0b1111111111111111    20181019T164532034237
 3     220     2.6834      0.2       0.8     0.5301      0.3    0.8       5.062   26.0   0b1111111111111111    20181019T164532034524
 4     220     2.6858      0.2       0.8     0.1221      0.4    0.8      22.000   26.0   0b1111111111111111    20181019T164532034829
 5     220     2.6917      0.0       0.0     0.5342      0.0    0.0       5.039   26.0   0b1111111111111111    20181019T164532035112
 6     220     2.6857      0.0       0.0     0.1195      0.4    0.8      22.475   26.0   0b1111111111111111    20181019T164532035390
 7     220     2.6977      0.0       0.0     0.5325      0.0    0.0       5.066   26.0   0b1111111111111111    20181019T164532035668
 8     220     2.7128      0.2       0.7     0.1250      0.0    0.0      21.703   26.0   0b1111111111111111    20181019T164532035965
 9     220     2.7210      0.0       0.0     0.5394      0.4    0.8       5.044   26.0   0b1111111111111111    20181019T164532036243
10     220     2.7188      0.0       0.0     0.1232      0.3    0.8      22.074   26.0   0b1111111111111111    20181019T164532036562
11     220     2.7184      0.4       0.8     0.5408      0.0    0.0       5.026   26.0   0b1111111111111111    20181019T164532036873
12     220     2.7106      0.2       0.7     0.1233      0.4    1.7      21.992   26.0   0b1111111111111111    20181019T164532037153
13     220     2.7108      0.4       0.7     0.5353      0.4    0.8       5.064   26.0   0b1111111111111111    20181019T164532037443
14     220     2.7120      0.0       0.0     0.1233      0.4    1.7      22.004   26.0   0b1111111111111111    20181019T164532037720
15     220     2.6887      0.0       0.0     0.5308      0.3    0.8       5.066   26.0   0b1111111111111111    20181019T164532038021
 0     210     2.6445      0.0       0.0     0.1201      0.2    0.8      22.022   26.1   0b1111111111111111    20181019T164535473703
 1     210     2.6417      0.3       0.8     0.5231      0.4    0.8       5.050   26.1   0b1111111111111111    20181019T164535474030
 2     210     2.6535      0.0       0.0     0.1225      0.0    0.0      21.661   26.1   0b1111111111111111    20181019T164535474280
 3     210     2.6348      0.0       0.0     0.5202      0.3    0.8       5.065   26.1   0b1111111111111111    20181019T164535474528
 4     210     2.6371      0.2       0.7     0.1198      0.3    0.8      22.006   26.1   0b1111111111111111    20181019T164535474781
 5     210     2.6430      0.0       0.0     0.5247      0.4    0.8       5.037   26.1   0b1111111111111111    20181019T164535475032
 6     210     2.6370      0.0       0.0     0.1175      0.0    0.0      22.443   26.1   0b1111111111111111    20181019T164535475271
 7     210     2.6490      0.0       0.0     0.5227      0.3    0.8       5.068   26.1   0b1111111111111111    20181019T164535475519
 8     210     2.6633      0.0       0.0     0.1226      0.3    0.8      21.726   26.1   0b1111111111111111    20181019T164535475769
 9     210     2.6710      0.3       0.7     0.5297      0.4    0.8       5.043   26.1   0b1111111111111111    20181019T164535476019
10     210     2.6695      0.3       0.8     0.1208      0.0    0.0      22.092   26.1   0b1111111111111111    20181019T164535476278
11     210     2.6685      0.0       0.0     0.5308      0.0    0.0       5.027   26.1   0b1111111111111111    20181019T164535476530
12     210     2.6618      0.2       0.8     0.1209      0.2    0.8      22.014   26.1   0b1111111111111111    20181019T164535476787
13     210     2.6618      0.0       0.0     0.5255      0.4    0.8       5.065   26.1   0b1111111111111111    20181019T164535477036
14     210     2.6633      0.0       0.0     0.1208      0.4    1.7      22.041   26.1   0b1111111111111111    20181019T164535477285
15     210     2.6400      0.0       0.0     0.5210      0.3    0.8       5.067   26.1   0b1111111111111111    20181019T164535477530
 0     200     2.5957      0.0       0.0     0.1175      0.0    0.0      22.091   26.1   0b1111111111111111    20181019T164538912416
 1     200     2.5927      0.0       0.0     0.5133      0.0    0.0       5.051   26.1   0b1111111111111111    20181019T164538912846
 2     200     2.6047      0.0       0.0     0.1202      0.3    0.8      21.676   26.1   0b1111111111111111    20181019T164538913148
 3     200     2.5852      0.0       0.0     0.5108      0.0    0.0       5.061   26.1   0b1111111111111111    20181019T164538913437
 4     200     2.5882      0.0       0.0     0.1176      0.2    0.8      22.012   26.1   0b1111111111111111    20181019T164538913721
 5     200     2.5938      0.4       0.8     0.5150      0.0    0.0       5.037   26.1   0b1111111111111111    20181019T164538914027
 6     200     2.5882      0.0       0.0     0.1150      0.0    0.0      22.507   26.1   0b1111111111111111    20181019T164538914308
 7     200     2.5995      0.0       0.0     0.5132      0.3    0.8       5.066   26.1   0b1111111111111111    20181019T164538914586
 8     200     2.6138      0.0       0.0     0.1200      0.0    0.0      21.781   26.1   0b1111111111111111    20181019T164538914883
 9     200     2.6213      0.0       0.0     0.5197      0.4    0.8       5.044   26.1   0b1111111111111111    20181019T164538915204
10     200     2.6197      0.0       0.0     0.1184      0.2    0.8      22.123   26.1   0b1111111111111111    20181019T164538915491
11     200     2.6183      0.2       0.7     0.5209      0.4    1.7       5.026   26.1   0b1111111111111111    20181019T164538915794
12     200     2.6130      0.0       0.0     0.1189      0.4    0.8      21.973   26.1   0b1111111111111111    20181019T164538916085
13     200     2.6123      0.2       0.8     0.5157      0.2    0.8       5.065   26.1   0b1111111111111111    20181019T164538916363
14     200     2.6142      0.4       0.7     0.1185      0.3    0.8      22.061   26.1   0b1111111111111111    20181019T164538916638
15     200     2.5919      0.2       0.8     0.5118      0.3    0.8       5.065   26.1   0b1111111111111111    20181019T164538916928
 0     190     2.5499      0.3       0.8     0.1157      0.3    0.8      22.045   26.1   0b1111111111111111    20181019T164542352248
 1     190     2.5455      0.0       0.0     0.5041      0.3    0.8       5.050   26.1   0b1111111111111111    20181019T164542352634
 2     190     2.5575      0.0       0.0     0.1182      0.2    0.8      21.628   26.1   0b1111111111111111    20181019T164542352953
 3     190     2.5402      0.0       0.0     0.5016      0.2    0.8       5.064   26.1   0b1111111111111111    20181019T164542353243
 4     190     2.5410      0.0       0.0     0.1153      0.4    0.8      22.032   26.1   0b1111111111111111    20181019T164542353526
 5     190     2.5470      0.0       0.0     0.5056      0.4    0.8       5.038   26.1   0b1111111111111111    20181019T164542353829
 6     190     2.5410      0.0       0.0     0.1130      0.4    0.8      22.487   26.1   0b1111111111111111    20181019T164542354112
 7     190     2.5530      0.0       0.0     0.5038      0.4    0.8       5.067   26.1   0b1111111111111111    20181019T164542354389
 8     190     2.5664      0.2       0.8     0.1182      0.3    0.8      21.719   26.1   0b1111111111111111    20181019T164542354666
 9     190     2.5733      0.0       0.0     0.5102      0.3    0.8       5.044   26.1   0b1111111111111111    20181019T164542355003
10     190     2.5718      0.0       0.0     0.1161      0.4    0.8      22.154   26.1   0b1111111111111111    20181019T164542355292
11     190     2.5710      0.0       0.0     0.5117      0.0    0.0       5.025   26.1   0b1111111111111111    20181019T164542355571
12     190     2.5665      0.0       0.0     0.1167      0.0    0.0      21.999   26.1   0b1111111111111111    20181019T164542355871
13     190     2.5658      0.0       0.0     0.5067      0.0    0.0       5.064   26.1   0b1111111111111111    20181019T164542356151
14     190     2.5680      0.0       0.0     0.1166      0.3    0.8      22.027   26.1   0b1111111111111111    20181019T164542356426
15     190     2.5448      0.0       0.0     0.5025      0.0    0.0       5.064   26.1   0b1111111111111111    20181019T164542356703
 0     180     2.5005      0.0       0.0     0.1133      0.0    0.0      22.063   26.1   0b1111111111111111    20181019T164545797887
 1     180     2.4967      0.0       0.0     0.4942      0.0    0.0       5.052   26.1   0b1111111111111111    20181019T164545798281
 2     180     2.5081      0.3       0.8     0.1157      0.2    0.8      21.669   26.1   0b1111111111111111    20181019T164545798581
 3     180     2.4915      0.0       0.0     0.4920      0.4    0.8       5.064   26.1   0b1111111111111111    20181019T164545798892
 4     180     2.4922      0.0       0.0     0.1131      0.4    0.8      22.039   26.1   0b1111111111111111    20181019T164545799184
 5     180     2.4982      0.0       0.0     0.4958      0.0    0.0       5.038   26.1   0b1111111111111111    20181019T164545799468
 6     180     2.4922      0.0       0.0     0.1107      0.3    0.8      22.520   26.1   0b1111111111111111    20181019T164545799767
 7     180     2.5042      0.0       0.0     0.4942      0.0    0.0       5.068   26.1   0b1111111111111111    20181019T164545800053
 8     180     2.5168      0.3       0.8     0.1158      0.0    0.0      21.728   26.1   0b1111111111111111    20181019T164545800334
 9     180     2.5237      0.0       0.0     0.5005      0.4    0.8       5.042   26.1   0b1111111111111111    20181019T164545800613
10     180     2.5223      0.0       0.0     0.1141      0.2    0.8      22.109   26.1   0b1111111111111111    20181019T164545800959
11     180     2.5213      0.3       0.7     0.5017      0.0    0.0       5.026   26.1   0b1111111111111111    20181019T164545801259
12     180     2.5177      0.2       0.8     0.1142      0.4    1.7      22.053   26.1   0b1111111111111111    20181019T164545801539
13     180     2.5165      0.3       0.8     0.4968      0.2    0.8       5.066   26.1   0b1111111111111111    20181019T164545801844
14     180     2.5192      0.0       0.0     0.1142      0.0    0.0      22.066   26.1   0b1111111111111111    20181019T164545802124
15     180     2.4967      0.2       0.8     0.4928      0.4    0.8       5.067   26.1   0b1111111111111111    20181019T164545802401
 0     170     2.4524      0.2       0.8     0.1111      0.4    0.8      22.077   26.1   0b1111111111111111    20181019T164549234956
 1     170     2.4485      0.3       0.7     0.4845      0.4    0.8       5.054   26.1   0b1111111111111111    20181019T164549235350
 2     170     2.4593      0.2       0.8     0.1133      0.0    0.0      21.700   26.1   0b1111111111111111    20181019T164549235643
 3     170     2.4428      0.0       0.0     0.4823      0.3    0.8       5.064   26.1   0b1111111111111111    20181019T164549235980
 4     170     2.4435      0.0       0.0     0.1108      0.0    0.0      22.047   26.1   0b1111111111111111    20181019T164549236268
 5     170     2.4495      0.0       0.0     0.4860      0.3    0.8       5.040   26.1   0b1111111111111111    20181019T164549236549
 6     170     2.4440      0.3       0.8     0.1083      0.0    0.0      22.560   26.1   0b1111111111111111    20181019T164549236893
 7     170     2.4554      0.2       0.7     0.4844      0.4    0.8       5.069   26.1   0b1111111111111111    20181019T164549237178
 8     170     2.4668      0.0       0.0     0.1133      0.0    0.0      21.765   26.1   0b1111111111111111    20181019T164549237457
 9     170     2.4738      0.4       0.7     0.4904      0.4    0.8       5.044   26.1   0b1111111111111111    20181019T164549237856
10     170     2.4728      0.0       0.0     0.1116      0.2    0.8      22.161   26.1   0b1111111111111111    20181019T164549238144
11     170     2.4713      0.2       0.7     0.4917      0.0    0.0       5.026   26.1   0b1111111111111111    20181019T164549238425
12     170     2.4688      0.3       0.8     0.1119      0.4    0.8      22.059   26.1   0b1111111111111111    20181019T164549238701
13     170     2.4675      0.0       0.0     0.4871      0.4    0.8       5.066   26.1   0b1111111111111111    20181019T164549239031
14     170     2.4704      0.3       0.8     0.1117      0.3    0.8      22.106   26.1   0b1111111111111111    20181019T164549239310
15     170     2.4480      0.0       0.0     0.4833      0.0    0.0       5.065   26.1   0b1111111111111111    20181019T164549239588
 0     160     2.4036      0.3       0.7     0.1090      0.3    0.8      22.051   26.2   0b1111111111111111    20181019T164552672172
 1     160     2.3996      0.4       0.8     0.4749      0.3    0.8       5.053   26.2   0b1111111111111111    20181019T164552672793
 2     160     2.4105      0.0       0.0     0.1111      0.4    0.8      21.700   26.2   0b1111111111111111    20181019T164552673318
 3     160     2.3940      0.0       0.0     0.4725      0.0    0.0       5.067   26.2   0b1111111111111111    20181019T164552673858
 4     160     2.3947      0.0       0.0     0.1084      0.3    0.8      22.088   26.2   0b1111111111111111    20181019T164552674377
 5     160     2.4000      0.0       0.0     0.4763      0.4    0.8       5.038   26.2   0b1111111111111111    20181019T164552674953
 6     160     2.3947      0.0       0.0     0.1060      0.3    0.8      22.592   26.2   0b1111111111111111    20181019T164552675463
 7     160     2.4060      0.0       0.0     0.4748      0.3    0.8       5.067   26.2   0b1111111111111111    20181019T164552675983
 8     160     2.4172      0.0       0.0     0.1110      0.3    0.8      21.777   26.2   0b1111111111111111    20181019T164552676496
 9     160     2.4240      0.0       0.0     0.4807      0.2    0.8       5.042   26.2   0b1111111111111111    20181019T164552677186
10     160     2.4229      0.4       0.8     0.1092      0.0    0.0      22.195   26.2   0b1111111111111111    20181019T164552677725
11     160     2.4217      0.0       0.0     0.4817      0.0    0.0       5.028   26.2   0b1111111111111111    20181019T164552678065
12     160     2.4195      0.0       0.0     0.1099      0.2    0.8      22.012   26.2   0b1111111111111111    20181019T164552678313
13     160     2.4181      0.2       0.8     0.4774      0.2    0.8       5.065   26.2   0b1111111111111111    20181019T164552678553
14     160     2.4210      0.0       0.0     0.1095      0.4    0.8      22.110   26.2   0b1111111111111111    20181019T164552678727
15     160     2.4000      0.0       0.0     0.4737      0.4    0.8       5.066   26.2   0b1111111111111111    20181019T164552678906
 0     150     2.3558      0.0       0.0     0.1067      0.0    0.0      22.085   26.2   0b1111111111111111    20181019T164556114299
 1     150     2.3535      0.0       0.0     0.4657      0.3    0.8       5.054   26.2   0b1111111111111111    20181019T164556114682
 2     150     2.3639      0.2       0.8     0.1092      0.0    0.0      21.654   26.2   0b1111111111111111    20181019T164556114976
 3     150     2.3488      0.3       0.8     0.4634      0.2    0.8       5.068   26.2   0b1111111111111111    20181019T164556115352
 4     150     2.3490      0.0       0.0     0.1063      0.4    0.8      22.108   26.2   0b1111111111111111    20181019T164556115642
 5     150     2.3533      0.3       0.8     0.4668      0.3    0.8       5.041   26.2   0b1111111111111111    20181019T164556115925
 6     150     2.3488      0.3       0.8     0.1040      0.3    0.8      22.584   26.2   0b1111111111111111    20181019T164556116249
 7     150     2.3603      0.2       0.7     0.4658      0.0    0.0       5.067   26.2   0b1111111111111111    20181019T164556116531
 8     150     2.3700      0.0       0.0     0.1091      0.3    0.8      21.727   26.2   0b1111111111111111    20181019T164556116809
 9     150     2.3754      0.3       0.7     0.4709      0.2    0.8       5.044   26.2   0b1111111111111111    20181019T164556117152
10     150     2.3745      0.0       0.0     0.1068      0.2    0.8      22.244   26.2   0b1111111111111111    20181019T164556117290
11     150     2.3745      0.0       0.0     0.4724      0.2    0.8       5.026   26.2   0b1111111111111111    20181019T164556117455
12     150     2.3730      0.0       0.0     0.1075      0.0    0.0      22.074   26.2   0b1111111111111111    20181019T164556117591
13     150     2.3723      0.0       0.0     0.4683      0.0    0.0       5.065   26.2   0b1111111111111111    20181019T164556117727
14     150     2.3753      0.0       0.0     0.1074      0.2    0.8      22.112   26.2   0b1111111111111111    20181019T164556117861
15     150     2.3535      0.0       0.0     0.4645      0.4    0.8       5.067   26.2   0b1111111111111111    20181019T164556117996
 0     140     2.3077      0.2       0.8     0.1042      0.2    0.8      22.136   26.2   0b1111111111111111    20181019T164559550987
 1     140     2.3048      0.2       0.8     0.4558      0.0    0.0       5.056   26.2   0b1111111111111111    20181019T164559551387
 2     140     2.3152      0.0       0.0     0.1067      0.0    0.0      21.705   26.2   0b1111111111111111    20181019T164559551682
 3     140     2.3002      0.0       0.0     0.4539      0.4    0.8       5.068   26.2   0b1111111111111111    20181019T164559552038
 4     140     2.3002      0.0       0.0     0.1041      0.2    0.8      22.100   26.2   0b1111111111111111    20181019T164559552327
 5     140     2.3047      0.0       0.0     0.4573      0.3    0.8       5.040   26.2   0b1111111111111111    20181019T164559552608
 6     140     2.3004      0.3       0.7     0.1017      0.0    0.0      22.627   26.2   0b1111111111111111    20181019T164559552940
 7     140     2.3116      0.2       0.8     0.4560      0.3    0.8       5.069   26.2   0b1111111111111111    20181019T164559553284
 8     140     2.3205      0.0       0.0     0.1067      0.0    0.0      21.755   26.2   0b1111111111111111    20181019T164559553582
 9     140     2.3262      0.4       0.8     0.4613      0.4    0.8       5.043   26.2   0b1111111111111111    20181019T164559553928
10     140     2.3250      0.0       0.0     0.1047      0.4    0.8      22.196   26.2   0b1111111111111111    20181019T164559554215
11     140     2.3250      0.0       0.0     0.4625      0.0    0.0       5.027   26.2   0b1111111111111111    20181019T164559554496
12     140     2.3245      0.4       0.8     0.1051      0.3    0.8      22.121   26.2   0b1111111111111111    20181019T164559554822
13     140     2.3235      0.0       0.0     0.4585      0.3    0.8       5.068   26.2   0b1111111111111111    20181019T164559555111
14     140     2.3265      0.0       0.0     0.1050      0.0    0.0      22.157   26.2   0b1111111111111111    20181019T164559555387
15     140     2.3057      0.3       0.8     0.4550      0.0    0.0       5.068   26.2   0b1111111111111111    20181019T164559555665
 0     130     2.2590      0.0       0.0     0.1019      0.4    0.8      22.165   26.2   0b1111111111111111    20181019T164602985929
 1     130     2.2567      0.0       0.0     0.4465      0.3    0.8       5.054   26.2   0b1111111111111111    20181019T164602986322
 2     130     2.2672      0.2       0.8     0.1042      0.2    0.8      21.747   26.2   0b1111111111111111    20181019T164602986615
 3     130     2.2523      0.0       0.0     0.4443      0.3    0.8       5.069   26.2   0b1111111111111111    20181019T164602986962
 4     130     2.2523      0.0       0.0     0.1018      0.3    0.8      22.135   26.2   0b1111111111111111    20181019T164602987249
 5     130     2.2561      0.2       0.7     0.4475      0.0    0.0       5.042   26.2   0b1111111111111111    20181019T164602987531
 6     130     2.2523      0.0       0.0     0.0993      0.2    0.8      22.693   26.2   0b1111111111111111    20181019T164602987867
 7     130     2.2632      0.4       0.7     0.4464      0.4    0.8       5.070   26.2   0b1111111111111111    20181019T164602988211
 8     130     2.2718      0.0       0.0     0.1042      0.0    0.0      21.809   26.2   0b1111111111111111    20181019T164602988497
 9     130     2.2770      0.0       0.0     0.4514      0.4    0.8       5.044   26.2   0b1111111111111111    20181019T164602988840
10     130     2.2763      0.0       0.0     0.1025      0.0    0.0      22.207   26.2   0b1111111111111111    20181019T164602989130
11     130     2.2756      0.2       0.8     0.4525      0.0    0.0       5.029   26.2   0b1111111111111111    20181019T164602989409
12     130     2.2763      0.0       0.0     0.1032      0.3    0.8      22.064   26.2   0b1111111111111111    20181019T164602989685
13     130     2.2748      0.2       0.8     0.4488      0.4    0.8       5.068   26.2   0b1111111111111111    20181019T164602990009
14     130     2.2784      0.2       0.8     0.1027      0.3    0.8      22.192   26.2   0b1111111111111111    20181019T164602990289
15     130     2.2580      0.3       0.7     0.4457      0.2    0.8       5.066   26.2   0b1111111111111111    20181019T164602990566
 0     120     2.2125      0.0       0.0     0.1000      0.0    0.0      22.125   26.2   0b1111111111111111    20181019T164606425418
 1     120     2.2087      0.0       0.0     0.4367      0.2    0.8       5.057   26.2   0b1111111111111111    20181019T164606425903
 2     120     2.2186      0.3       0.7     0.1024      0.3    0.8      21.663   26.2   0b1111111111111111    20181019T164606426210
 3     120     2.2050      0.0       0.0     0.4349      0.2    0.8       5.070   26.2   0b1111111111111111    20181019T164606426499
 4     120     2.2035      0.0       0.0     0.0993      0.3    0.8      22.183   26.2   0b1111111111111111    20181019T164606426848
 5     120     2.2087      0.0       0.0     0.4381      0.4    0.8       5.042   26.2   0b1111111111111111    20181019T164606427014
 6     120     2.2056      0.3       0.8     0.0973      0.3    0.8      22.660   26.2   0b1111111111111111    20181019T164606427150
 7     120     2.2155      0.0       0.0     0.4368      0.3    0.8       5.072   26.2   0b1111111111111111    20181019T164606427292
 8     120     2.2230      0.0       0.0     0.1017      0.3    0.8      21.848   26.2   0b1111111111111111    20181019T164606427428
 9     120     2.2282      0.0       0.0     0.4417      0.0    0.0       5.045   26.2   0b1111111111111111    20181019T164606427563
10     120     2.2267      0.0       0.0     0.1000      0.0    0.0      22.267   26.2   0b1111111111111111    20181019T164606427697
11     120     2.2270      0.3       0.8     0.4428      0.4    0.8       5.030   26.2   0b1111111111111111    20181019T164606427858
12     120     2.2282      0.0       0.0     0.1008      0.2    0.8      22.117   26.2   0b1111111111111111    20181019T164606428019
13     120     2.2282      0.0       0.0     0.4394      0.4    0.8       5.071   26.2   0b1111111111111111    20181019T164606428156
14     120     2.2305      0.0       0.0     0.1008      0.2    0.8      22.139   26.2   0b1111111111111111    20181019T164606428291
15     120     2.2110      0.0       0.0     0.4364      0.4    0.8       5.066   26.2   0b1111111111111111    20181019T164606428426
 0     110     2.1658      0.3       0.8     0.0975      0.0    0.0      22.213   26.2   0b1111111111111111    20181019T164609860862
 1     110     2.1623      0.0       0.0     0.4275      0.0    0.0       5.058   26.2   0b1111111111111111    20181019T164609861073
 2     110     2.1720      0.0       0.0     0.1000      0.0    0.0      21.720   26.2   0b1111111111111111    20181019T164609861217
 3     110     2.1581      0.4       0.8     0.4257      0.3    0.8       5.070   26.2   0b1111111111111111    20181019T164609861355
 4     110     2.1562      0.0       0.0     0.0973      0.3    0.8      22.153   26.2   0b1111111111111111    20181019T164609861493
 5     110     2.1615      0.0       0.0     0.4287      0.4    0.8       5.042   26.2   0b1111111111111111    20181019T164609861630
 6     110     2.1590      0.3       0.8     0.0950      0.0    0.0      22.727   26.2   0b1111111111111111    20181019T164609861770
 7     110     2.1683      0.0       0.0     0.4275      0.0    0.0       5.072   26.2   0b1111111111111111    20181019T164609861906
 8     110     2.1758      0.0       0.0     0.0999      0.2    0.8      21.776   26.2   0b1111111111111111    20181019T164609862041
 9     110     2.1810      0.0       0.0     0.4322      0.4    0.8       5.046   26.2   0b1111111111111111    20181019T164609862176
10     110     2.1801      0.3       0.8     0.0977      0.3    0.8      22.322   26.2   0b1111111111111111    20181019T164609862309
11     110     2.1798      0.4       0.8     0.4333      0.0    0.0       5.030   26.2   0b1111111111111111    20181019T164609862445
12     110     2.1821      0.4       0.8     0.0984      0.3    0.8      22.172   26.2   0b1111111111111111    20181019T164609862579
13     110     2.1818      0.0       0.0     0.4303      0.4    0.8       5.071   26.2   0b1111111111111111    20181019T164609862714
14     110     2.1840      0.0       0.0     0.0983      0.0    0.0      22.210   26.2   0b1111111111111111    20181019T164609862900
15     110     2.1652      0.2       0.8     0.4273      0.4    0.8       5.068   26.2   0b1111111111111111    20181019T164609863039
 0     100     2.1165      0.0       0.0     0.0951      0.3    0.8      22.259   26.2   0b1111111111111111    20181019T164613297248
 1     100     2.1135      0.0       0.0     0.4176      0.2    0.8       5.061   26.2   0b1111111111111111    20181019T164613297639
 2     100     2.1232      0.0       0.0     0.0975      0.0    0.0      21.777   26.2   0b1111111111111111    20181019T164613298015
 3     100     2.1090      0.0       0.0     0.4158      0.0    0.0       5.072   26.2   0b1111111111111111    20181019T164613298312
 4     100     2.1071      0.4       0.8     0.0950      0.0    0.0      22.180   26.2   0b1111111111111111    20181019T164613298596
 5     100     2.1122      0.3       0.8     0.4187      0.4    0.8       5.045   26.2   0b1111111111111111    20181019T164613298931
 6     100     2.1097      0.0       0.0     0.0926      0.2    0.8      22.788   26.2   0b1111111111111111    20181019T164613299231
 7     100     2.1187      0.0       0.0     0.4176      0.2    0.8       5.074   26.2   0b1111111111111111    20181019T164613299513
 8     100     2.1262      0.0       0.0     0.0975      0.0    0.0      21.808   26.2   0b1111111111111111    20181019T164613299909
 9     100     2.1315      0.0       0.0     0.4223      0.3    0.8       5.047   26.2   0b1111111111111111    20181019T164613300198
10     100     2.1307      0.0       0.0     0.0955      0.4    0.8      22.312   26.2   0b1111111111111111    20181019T164613300476
11     100     2.1304      0.4       0.8     0.4233      0.0    0.0       5.032   26.2   0b1111111111111111    20181019T164613300779
12     100     2.1337      0.2       0.8     0.0962      0.4    0.8      22.187   26.2   0b1111111111111111    20181019T164613301081
13     100     2.1328      0.3       0.8     0.4208      0.2    0.8       5.069   26.2   0b1111111111111111    20181019T164613301361
14     100     2.1352      0.0       0.0     0.0958      0.0    0.0      22.281   26.2   0b1111111111111111    20181019T164613301637
15     100     2.1165      0.0       0.0     0.4175      0.0    0.0       5.069   26.2   0b1111111111111111    20181019T164613301963
 0      90     2.0669      0.2       0.8     0.0928      0.4    0.8      22.265   26.3   0b1111111111111111    20181019T164616741379
 1      90     2.0633      0.0       0.0     0.4077      0.3    0.8       5.061   26.3   0b1111111111111111    20181019T164616741772
 2      90     2.0745      0.0       0.0     0.0950      0.0    0.0      21.837   26.3   0b1111111111111111    20181019T164616742164
 3      90     2.0610      0.0       0.0     0.4063      0.4    0.8       5.073   26.3   0b1111111111111111    20181019T164616742464
 4      90     2.0580      0.0       0.0     0.0927      0.3    0.8      22.209   26.3   0b1111111111111111    20181019T164616742752
 5      90     2.0633      0.0       0.0     0.4088      0.4    0.8       5.047   26.3   0b1111111111111111    20181019T164616743090
 6      90     2.0600      0.3       0.8     0.0902      0.4    0.8      22.826   26.3   0b1111111111111111    20181019T164616743377
 7      90     2.0696      0.4       0.8     0.4080      0.4    0.8       5.072   26.3   0b1111111111111111    20181019T164616743657
 8      90     2.0766      0.3       0.8     0.0950      0.0    0.0      21.859   26.3   0b1111111111111111    20181019T164616743935
 9      90     2.0813      0.0       0.0     0.4124      0.3    0.8       5.046   26.3   0b1111111111111111    20181019T164616744262
10      90     2.0796      0.3       0.8     0.0933      0.0    0.0      22.281   26.3   0b1111111111111111    20181019T164616744603
11      90     2.0804      0.2       0.8     0.4135      0.3    0.8       5.031   26.3   0b1111111111111111    20181019T164616744891
12      90     2.0858      0.0       0.0     0.0941      0.2    0.8      22.169   26.3   0b1111111111111111    20181019T164616745230
13      90     2.0850      0.0       0.0     0.4108      0.0    0.0       5.075   26.3   0b1111111111111111    20181019T164616745655
14      90     2.0861      0.4       0.8     0.0934      0.2    0.8      22.331   26.3   0b1111111111111111    20181019T164616745943
15      90     2.0678      0.0       0.0     0.4077      0.3    0.8       5.072   26.3   0b1111111111111111    20181019T164616746273
 0      80     2.0160      0.0       0.0     0.0907      0.2    0.8      22.215   26.3   0b1111111111111111    20181019T164620177801
 1      80     2.0123      0.0       0.0     0.3977      0.3    0.8       5.060   26.3   0b1111111111111111    20181019T164620178226
 2      80     2.0235      0.0       0.0     0.0927      0.3    0.8      21.836   26.3   0b1111111111111111    20181019T164620178524
 3      80     2.0102      0.3       0.8     0.3959      0.3    0.8       5.077   26.3   0b1111111111111111    20181019T164620178873
 4      80     2.0070      0.0       0.0     0.0901      0.2    0.8      22.279   26.3   0b1111111111111111    20181019T164620179165
 5      80     2.0123      0.0       0.0     0.3984      0.3    0.8       5.051   26.3   0b1111111111111111    20181019T164620179462
 6      80     2.0093      0.0       0.0     0.0881      0.4    0.8      22.811   26.3   0b1111111111111111    20181019T164620179744
 7      80     2.0183      0.0       0.0     0.3978      0.4    0.8       5.073   26.3   0b1111111111111111    20181019T164620180080
 8      80     2.0255      0.3       0.8     0.0925      0.0    0.0      21.898   26.3   0b1111111111111111    20181019T164620180412
 9      80     2.0302      0.0       0.0     0.4022      0.4    0.8       5.047   26.3   0b1111111111111111    20181019T164620180703
10      80     2.0287      0.0       0.0     0.0908      0.0    0.0      22.335   26.3   0b1111111111111111    20181019T164620181040
11      80     2.0287      0.0       0.0     0.4032      0.3    0.8       5.032   26.3   0b1111111111111111    20181019T164620181322
12      80     2.0355      0.0       0.0     0.0917      0.0    0.0      22.205   26.3   0b1111111111111111    20181019T164620181599
13      80     2.0340      0.0       0.0     0.4008      0.0    0.0       5.074   26.3   0b1111111111111111    20181019T164620181933
14      80     2.0355      0.0       0.0     0.0912      0.4    0.8      22.327   26.3   0b1111111111111111    20181019T164620182216
15      80     2.0175      0.0       0.0     0.3977      0.3    0.8       5.073   26.3   0b1111111111111111    20181019T164620182492
 0      70     1.9654      0.4       0.8     0.0884      0.2    0.8      22.229   26.3   0b1111111111111111    20181019T164623623609
 1      70     1.9613      0.0       0.0     0.3875      0.0    0.0       5.061   26.3   0b1111111111111111    20181019T164623624189
 2      70     1.9725      0.0       0.0     0.0905      0.4    0.8      21.796   26.3   0b1111111111111111    20181019T164623624498
 3      70     1.9598      0.0       0.0     0.3858      0.0    0.0       5.079   26.3   0b1111111111111111    20181019T164623624788
 4      70     1.9561      0.3       0.7     0.0881      0.4    0.8      22.208   26.3   0b1111111111111111    20181019T164623625137
 5      70     1.9613      0.0       0.0     0.3883      0.0    0.0       5.050   26.3   0b1111111111111111    20181019T164623625513
 6      70     1.9590      0.0       0.0     0.0858      0.2    0.8      22.845   26.3   0b1111111111111111    20181019T164623625802
 7      70     1.9672      0.0       0.0     0.3876      0.3    0.8       5.076   26.3   0b1111111111111111    20181019T164623626197
 8      70     1.9745      0.3       0.8     0.0900      0.0    0.0      21.939   26.3   0b1111111111111111    20181019T164623626496
 9      70     1.9799      0.2       0.8     0.3921      0.4    0.8       5.050   26.3   0b1111111111111111    20181019T164623626777
10      70     1.9778      0.2       0.8     0.0883      0.0    0.0      22.390   26.3   0b1111111111111111    20181019T164623627136
11      70     1.9785      0.0       0.0     0.3931      0.4    0.8       5.033   26.3   0b1111111111111111    20181019T164623627277
12      70     1.9845      0.0       0.0     0.0892      0.0    0.0      22.256   26.3   0b1111111111111111    20181019T164623627411
13      70     1.9830      0.0       0.0     0.3907      0.3    0.8       5.075   26.3   0b1111111111111111    20181019T164623627546
14      70     1.9853      0.0       0.0     0.0889      0.4    0.8      22.327   26.3   0b1111111111111111    20181019T164623627680
15      70     1.9665      0.0       0.0     0.3877      0.3    0.8       5.073   26.3   0b1111111111111111    20181019T164623627814
 0      60     1.9148      0.0       0.0     0.0858      0.0    0.0      22.308   26.3   0b1111111111111111    20181019T164627066790
 1      60     1.9110      0.0       0.0     0.3775      0.0    0.0       5.062   26.3   0b1111111111111111    20181019T164627067257
 2      60     1.9215      0.0       0.0     0.0883      0.3    0.8      21.773   26.3   0b1111111111111111    20181019T164627067564
 3      60     1.9103      0.0       0.0     0.3761      0.4    0.8       5.079   26.3   0b1111111111111111    20181019T164627067856
 4      60     1.9065      0.0       0.0     0.0858      0.2    0.8      22.233   26.3   0b1111111111111111    20181019T164627068208
 5      60     1.9110      0.0       0.0     0.3783      0.0    0.0       5.051   26.3   0b1111111111111111    20181019T164627068497
 6      60     1.9080      0.0       0.0     0.0833      0.0    0.0      22.896   26.3   0b1111111111111111    20181019T164627068777
 7      60     1.9170      0.0       0.0     0.3775      0.0    0.0       5.078   26.3   0b1111111111111111    20181019T164627069164
 8      60     1.9232      0.3       0.8     0.0877      0.3    0.8      21.937   26.3   0b1111111111111111    20181019T164627069452
 9      60     1.9282      0.2       0.8     0.3818      0.3    0.8       5.051   26.3   0b1111111111111111    20181019T164627069733
10      60     1.9252      0.0       0.0     0.0858      0.0    0.0      22.430   26.3   0b1111111111111111    20181019T164627070050
11      60     1.9265      0.3       0.8     0.3827      0.3    0.8       5.034   26.3   0b1111111111111111    20181019T164627070348
12      60     1.9320      0.0       0.0     0.0867      0.0    0.0      22.292   26.3   0b1111111111111111    20181019T164627070626
13      60     1.9323      0.4       0.8     0.3808      0.0    0.0       5.074   26.3   0b1111111111111111    20181019T164627070904
14      60     1.9336      0.2       0.8     0.0867      0.0    0.0      22.310   26.3   0b1111111111111111    20181019T164627071225
15      60     1.9156      0.2       0.8     0.3776      0.3    0.8       5.073   26.3   0b1111111111111111    20181019T164627071508
 0      50     1.8638      0.0       0.0     0.0833      0.0    0.0      22.365   26.3   0b1111111111111111    20181019T164630506337
 1      50     1.8600      0.0       0.0     0.3675      0.0    0.0       5.061   26.3   0b1111111111111111    20181019T164630506736
 2      50     1.8705      0.0       0.0     0.0858      0.0    0.0      21.792   26.3   0b1111111111111111    20181019T164630507237
 3      50     1.8592      0.0       0.0     0.3659      0.2    0.8       5.081   26.3   0b1111111111111111    20181019T164630507593
 4      50     1.8555      0.0       0.0     0.0833      0.0    0.0      22.266   26.3   0b1111111111111111    20181019T164630507947
 5      50     1.8600      0.0       0.0     0.3683      0.0    0.0       5.050   26.3   0b1111111111111111    20181019T164630508242
 6      50     1.8570      0.0       0.0     0.0808      0.0    0.0      22.973   26.3   0b1111111111111111    20181019T164630508526
 7      50     1.8660      0.0       0.0     0.3675      0.0    0.0       5.078   26.3   0b1111111111111111    20181019T164630508866
 8      50     1.8712      0.0       0.0     0.0852      0.3    0.8      21.972   26.3   0b1111111111111111    20181019T164630509290
 9      50     1.8758      0.0       0.0     0.3714      0.4    0.8       5.050   26.3   0b1111111111111111    20181019T164630509579
10      50     1.8735      0.0       0.0     0.0833      0.0    0.0      22.482   26.3   0b1111111111111111    20181019T164630509925
11      50     1.8742      0.0       0.0     0.3724      0.2    0.8       5.033   26.3   0b1111111111111111    20181019T164630510215
12      50     1.8803      0.2       0.8     0.0842      0.0    0.0      22.340   26.3   0b1111111111111111    20181019T164630510496
13      50     1.8810      0.0       0.0     0.3707      0.3    0.8       5.073   26.3   0b1111111111111111    20181019T164630510827
14      50     1.8817      0.0       0.0     0.0842      0.0    0.0      22.357   26.3   0b1111111111111111    20181019T164630511113
15      50     1.8651      0.3       0.8     0.3676      0.3    0.8       5.074   26.3   0b1111111111111111    20181019T164630511558
 0      40     1.8128      0.0       0.0     0.0809      0.3    0.8      22.403   26.3   0b1111111111111111    20181019T164633948156
 1      40     1.8090      0.0       0.0     0.3574      0.3    0.8       5.061   26.3   0b1111111111111111    20181019T164633948561
 2      40     1.8188      0.0       0.0     0.0833      0.2    0.8      21.847   26.3   0b1111111111111111    20181019T164633948959
 3      40     1.8081      0.3       0.7     0.3558      0.0    0.0       5.081   26.3   0b1111111111111111    20181019T164633949262
 4      40     1.8045      0.0       0.0     0.0808      0.0    0.0      22.324   26.3   0b1111111111111111    20181019T164633949548
 5      40     1.8090      0.0       0.0     0.3581      0.4    0.8       5.052   26.3   0b1111111111111111    20181019T164633949890
 6      40     1.8060      0.0       0.0     0.0783      0.0    0.0      23.055   26.3   0b1111111111111111    20181019T164633950178
 7      40     1.8143      0.0       0.0     0.3575      0.0    0.0       5.075   26.3   0b1111111111111111    20181019T164633950459
 8      40     1.8188      0.0       0.0     0.0829      0.4    0.8      21.935   26.3   0b1111111111111111    20181019T164633950841
 9      40     1.8234      0.3       0.8     0.3608      0.0    0.0       5.053   26.3   0b1111111111111111    20181019T164633951131
10      40     1.8218      0.0       0.0     0.0808      0.0    0.0      22.537   26.3   0b1111111111111111    20181019T164633951409
11      40     1.8218      0.0       0.0     0.3618      0.3    0.8       5.036   26.3   0b1111111111111111    20181019T164633951687
12      40     1.8292      0.2       0.8     0.0817      0.0    0.0      22.398   26.3   0b1111111111111111    20181019T164633952010
13      40     1.8285      0.0       0.0     0.3600      0.0    0.0       5.079   26.3   0b1111111111111111    20181019T164633952291
14      40     1.8300      0.0       0.0     0.0816      0.3    0.8      22.431   26.3   0b1111111111111111    20181019T164633952568
15      40     1.8143      0.0       0.0     0.3575      0.0    0.0       5.075   26.3   0b1111111111111111    20181019T164633952899
 0      30     1.7632      0.0       0.0     0.0788      0.4    0.8      22.390   26.3   0b1111111111111111    20181019T164637387222
 1      30     1.7587      0.0       0.0     0.3474      0.2    0.8       5.062   26.3   0b1111111111111111    20181019T164637387611
 2      30     1.7686      0.3       0.7     0.0808      0.0    0.0      21.880   26.3   0b1111111111111111    20181019T164637387990
 3      30     1.7594      0.2       0.8     0.3461      0.4    0.8       5.084   26.3   0b1111111111111111    20181019T164637388292
 4      30     1.7550      0.0       0.0     0.0783      0.0    0.0      22.404   26.3   0b1111111111111111    20181019T164637388580
 5      30     1.7593      0.3       0.8     0.3482      0.3    0.8       5.052   26.3   0b1111111111111111    20181019T164637388921
 6      30     1.7565      0.0       0.0     0.0762      0.4    0.8      23.061   26.3   0b1111111111111111    20181019T164637389209
 7      30     1.7647      0.0       0.0     0.3475      0.0    0.0       5.078   26.3   0b1111111111111111    20181019T164637389492
 8      30     1.7692      0.0       0.0     0.0807      0.3    0.8      21.933   26.3   0b1111111111111111    20181019T164637389884
 9      30     1.7723      0.0       0.0     0.3508      0.0    0.0       5.052   26.3   0b1111111111111111    20181019T164637390174
10      30     1.7700      0.0       0.0     0.0786      0.4    0.8      22.524   26.3   0b1111111111111111    20181019T164637390454
11      30     1.7715      0.0       0.0     0.3517      0.0    0.0       5.037   26.3   0b1111111111111111    20181019T164637390734
12      30     1.7791      0.2       0.8     0.0794      0.4    0.8      22.402   26.3   0b1111111111111111    20181019T164637391065
13      30     1.7790      0.0       0.0     0.3502      0.3    0.8       5.080   26.3   0b1111111111111111    20181019T164637391345
14      30     1.7805      0.0       0.0     0.0792      0.0    0.0      22.491   26.3   0b1111111111111111    20181019T164637391621
15      30     1.7640      0.0       0.0     0.3475      0.0    0.0       5.076   26.3   0b1111111111111111    20181019T164637391950
 0      20     1.7130      0.0       0.0     0.0764      0.4    0.8      22.417   26.3   0b1111111111111111    20181019T164640827808
 1      20     1.7085      0.0       0.0     0.3374      0.3    0.8       5.063   26.3   0b1111111111111111    20181019T164640828296
 2      20     1.7182      0.0       0.0     0.0783      0.0    0.0      21.935   26.3   0b1111111111111111    20181019T164640828599
 3      20     1.7093      0.0       0.0     0.3361      0.4    0.8       5.086   26.3   0b1111111111111111    20181019T164640828886
 4      20     1.7048      0.0       0.0     0.0759      0.2    0.8      22.456   26.3   0b1111111111111111    20181019T164640829220
 5      20     1.7093      0.0       0.0     0.3382      0.3    0.8       5.054   26.3   0b1111111111111111    20181019T164640829506
 6      20     1.7063      0.0       0.0     0.0737      0.4    0.8      23.136   26.3   0b1111111111111111    20181019T164640829785
 7      20     1.7145      0.0       0.0     0.3375      0.0    0.0       5.080   26.3   0b1111111111111111    20181019T164640830120
 8      20     1.7182      0.0       0.0     0.0783      0.3    0.8      21.958   26.3   0b1111111111111111    20181019T164640830457
 9      20     1.7206      0.2       0.7     0.3407      0.2    0.8       5.049   26.3   0b1111111111111111    20181019T164640830746
10      20     1.7190      0.0       0.0     0.0762      0.4    0.8      22.569   26.3   0b1111111111111111    20181019T164640831081
11      20     1.7197      0.0       0.0     0.3417      0.0    0.0       5.033   26.3   0b1111111111111111    20181019T164640831402
12      20     1.7288      0.0       0.0     0.0770      0.4    0.8      22.451   26.3   0b1111111111111111    20181019T164640831686
13      20     1.7280      0.0       0.0     0.3400      0.0    0.0       5.082   26.3   0b1111111111111111    20181019T164640831965
14      20     1.7295      0.0       0.0     0.0767      0.0    0.0      22.559   26.3   0b1111111111111111    20181019T164640832317
15      20     1.7138      0.0       0.0     0.3376      0.2    0.8       5.077   26.3   0b1111111111111111    20181019T164640832720
 0      10     1.6628      0.0       0.0     0.0742      0.0    0.0      22.419   26.3   0b1111111111111111    20181019T164644272753
 1      10     1.6583      0.0       0.0     0.3275      0.0    0.0       5.063   26.3   0b1111111111111111    20181019T164644273164
 2      10     1.6680      0.0       0.0     0.0758      0.0    0.0      21.996   26.3   0b1111111111111111    20181019T164644273473
 3      10     1.6590      0.0       0.0     0.3261      0.4    0.8       5.088   26.3   0b1111111111111111    20181019T164644273781
 4      10     1.6545      0.0       0.0     0.0737      0.4    0.8      22.434   26.3   0b1111111111111111    20181019T164644274080
 5      10     1.6590      0.0       0.0     0.3282      0.3    0.8       5.055   26.3   0b1111111111111111    20181019T164644274367
 6      10     1.6563      0.4       0.7     0.0715      0.3    0.8      23.165   26.3   0b1111111111111111    20181019T164644274661
 7      10     1.6643      0.0       0.0     0.3275      0.0    0.0       5.082   26.3   0b1111111111111111    20181019T164644274967
 8      10     1.6672      0.0       0.0     0.0758      0.0    0.0      21.986   26.3   0b1111111111111111    20181019T164644275248
 9      10     1.6695      0.0       0.0     0.3304      0.4    0.8       5.053   26.3   0b1111111111111111    20181019T164644275527
10      10     1.6680      0.0       0.0     0.0741      0.2    0.8      22.515   26.3   0b1111111111111111    20181019T164644275805
11      10     1.6687      0.0       0.0     0.3314      0.4    0.8       5.035   26.3   0b1111111111111111    20181019T164644276135
12      10     1.6781      0.4       0.8     0.0748      0.3    0.8      22.425   26.3   0b1111111111111111    20181019T164644276418
13      10     1.6777      0.2       0.8     0.3301      0.2    0.8       5.083   26.3   0b1111111111111111    20181019T164644276706
14      10     1.6793      0.0       0.0     0.0745      0.4    0.8      22.540   26.3   0b1111111111111111    20181019T164644277001
15      10     1.6643      0.0       0.0     0.3278      0.4    0.8       5.078   26.3   0b1111111111111111    20181019T164644277282
 0       0     1.6125      0.0       0.0     0.0717      0.0    0.0      22.500   26.3   0b1111111111111111    20181019T164647744379
 1       0     1.6080      0.0       0.0     0.3175      0.0    0.0       5.065   26.3   0b1111111111111111    20181019T164647744835
 2       0     1.6178      0.0       0.0     0.0737      0.4    0.8      21.960   26.3   0b1111111111111111    20181019T164647745163
 3       0     1.6088      0.0       0.0     0.3159      0.2    0.8       5.092   26.3   0b1111111111111111    20181019T164647745452
 4       0     1.6042      0.0       0.0     0.0717      0.0    0.0      22.385   26.3   0b1111111111111111    20181019T164647745733
 5       0     1.6086      0.3       0.7     0.3181      0.4    0.8       5.057   26.3   0b1111111111111111    20181019T164647746068
 6       0     1.6065      0.0       0.0     0.0692      0.0    0.0      23.227   26.3   0b1111111111111111    20181019T164647746348
 7       0     1.6133      0.0       0.0     0.3175      0.0    0.0       5.081   26.3   0b1111111111111111    20181019T164647746627
 8       0     1.6156      0.2       0.8     0.0733      0.0    0.0      22.031   26.3   0b1111111111111111    20181019T164647746932
 9       0     1.6182      0.4       0.8     0.3200      0.0    0.0       5.057   26.3   0b1111111111111111    20181019T164647747070
10       0     1.6166      0.4       0.7     0.0717      0.0    0.0      22.558   26.3   0b1111111111111111    20181019T164647747231
11       0     1.6175      0.4       0.8     0.3208      0.0    0.0       5.041   26.3   0b1111111111111111    20181019T164647747368
12       0     1.6275      0.0       0.0     0.0725      0.0    0.0      22.448   26.3   0b1111111111111111    20181019T164647747502
13       0     1.6260      0.0       0.0     0.3200      0.0    0.0       5.081   26.3   0b1111111111111111    20181019T164647747637
14       0     1.6282      0.0       0.0     0.0721      0.4    0.8      22.588   26.3   0b1111111111111111    20181019T164647747805
15       0     1.6140      0.0       0.0     0.3179      0.4    0.8       5.077   26.3   0b1111111111111111    20181019T164647747945
