CH# Vset[DAC]   V[V]    dVRMS[mV] dVpp[mV]    I[A]  dIRMS[mA] dIpp[mA]   R[ohm]   T[C]   State                Timestamp
 0     250     2.8207      0.0       0.0     0.1275      0.4    1.7      22.124   24.2   0b1111111111111111    20190531T105056060825
 1     250     2.8298      0.0       0.0     0.5588      0.4    0.8       5.064   24.2   0b1111111111111111    20190531T105056061182
 2     250     2.8418      0.0       0.0     0.1283      0.4    1.7      22.158   24.2   0b1111111111111111    20190531T105056061472
 3     250     2.8245      0.0       0.0     0.5599      0.3    0.8       5.045   24.2   0b1111111111111111    20190531T105056061735
 4     250     2.8221      0.3       0.8     0.1282      0.3    0.8      22.019   24.2   0b1111111111111111    20190531T105056061992
 5     250     2.8336      0.2       0.8     0.5606      0.4    0.8       5.055   24.2   0b1111111111111111    20190531T105056062232
 6     250     2.8013      0.0       0.0     0.1296      0.4    0.8      21.617   24.2   0b1111111111111111    20190531T105056062573
 7     250     2.8343      0.0       0.0     0.5628      0.4    0.8       5.036   24.2   0b1111111111111111    20190531T105056062798
 8     250     2.8455      0.0       0.0     0.1298      0.3    0.8      21.917   24.2   0b1111111111111111    20190531T105056063017
 9     250     2.8140      0.0       0.0     0.5572      0.6    1.7       5.051   24.2   0b1111111111111111    20190531T105056063250
10     250     2.8642      0.0       0.0     0.1298      0.5    1.7      22.061   24.2   0b1111111111111111    20190531T105056063463
11     250     2.8298      0.2       0.7     0.5603      0.4    0.8       5.051   24.2   0b1111111111111111    20190531T105056063677
12     250     2.8418      0.0       0.0     0.1290      0.5    1.7      22.029   24.2   0b1111111111111111    20190531T105056063889
13     250     2.8313      0.0       0.0     0.5589      0.4    0.8       5.066   24.2   0b1111111111111111    20190531T105056064143
14     250     2.8515      0.0       0.0     0.1327      0.5    1.7      21.494   24.2   0b1111111111111111    20190531T105056064526
15     250     2.8224      0.3       0.7     0.5619      0.5    1.7       5.023   24.2   0b1111111111111111    20190531T105056064706
 0     240     2.7732      0.4       0.8     0.1252      0.5    1.7      22.156   24.2   0b1111111111111111    20190531T105059505849
 1     240     2.7825      0.0       0.0     0.5492      0.5    1.7       5.067   24.2   0b1111111111111111    20190531T105059506270
 2     240     2.7937      0.0       0.0     0.1258      0.5    1.7      22.202   24.2   0b1111111111111111    20190531T105059506633
 3     240     2.7772      0.0       0.0     0.5504      0.4    0.8       5.046   24.2   0b1111111111111111    20190531T105059507022
 4     240     2.7742      0.0       0.0     0.1259      0.4    1.7      22.032   24.2   0b1111111111111111    20190531T105059507321
 5     240     2.7861      0.3       0.8     0.5513      0.4    0.8       5.053   24.2   0b1111111111111111    20190531T105059507613
 6     240     2.7540      0.0       0.0     0.1275      0.0    0.0      21.600   24.2   0b1111111111111111    20190531T105059507882
 7     240     2.7862      0.0       0.0     0.5533      0.2    0.8       5.036   24.2   0b1111111111111111    20190531T105059508025
 8     240     2.7975      0.0       0.0     0.1273      0.7    1.7      21.984   24.2   0b1111111111111111    20190531T105059508165
 9     240     2.7668      0.0       0.0     0.5477      0.5    1.7       5.051   24.2   0b1111111111111111    20190531T105059508305
10     240     2.8163      0.0       0.0     0.1276      0.2    0.8      22.074   24.2   0b1111111111111111    20190531T105059508444
11     240     2.7825      0.0       0.0     0.5508      0.4    1.7       5.051   24.2   0b1111111111111111    20190531T105059508582
12     240     2.7937      0.0       0.0     0.1268      0.3    0.8      22.027   24.2   0b1111111111111111    20190531T105059508745
13     240     2.7837      0.4       0.8     0.5492      0.4    1.7       5.069   24.2   0b1111111111111111    20190531T105059508912
14     240     2.8034      0.2       0.8     0.1306      0.5    1.7      21.468   24.2   0b1111111111111111    20190531T105059509067
15     240     2.7750      0.0       0.0     0.5522      0.4    0.8       5.026   24.2   0b1111111111111111    20190531T105059509206
 0     230     2.7270      0.0       0.0     0.1233      0.3    0.8      22.126   24.3   0b1111111111111111    20190531T105102950820
 1     230     2.7360      0.0       0.0     0.5400      0.4    1.7       5.067   24.3   0b1111111111111111    20190531T105102951228
 2     230     2.7473      0.0       0.0     0.1238      0.4    0.8      22.200   24.3   0b1111111111111111    20190531T105102951529
 3     230     2.7310      0.3       0.7     0.5411      0.4    0.8       5.047   24.3   0b1111111111111111    20190531T105102951895
 4     230     2.7285      0.0       0.0     0.1238      0.4    0.8      22.048   24.3   0b1111111111111111    20190531T105102952195
 5     230     2.7391      0.2       0.8     0.5418      0.3    0.8       5.055   24.3   0b1111111111111111    20190531T105102952482
 6     230     2.7083      0.0       0.0     0.1255      0.4    0.8      21.580   24.3   0b1111111111111111    20190531T105102952821
 7     230     2.7401      0.4       0.8     0.5441      0.2    0.8       5.036   24.3   0b1111111111111111    20190531T105102953110
 8     230     2.7510      0.0       0.0     0.1253      0.4    0.8      21.964   24.3   0b1111111111111111    20190531T105102953395
 9     230     2.7210      0.0       0.0     0.5386      0.4    0.8       5.052   24.3   0b1111111111111111    20190531T105102953744
10     230     2.7697      0.0       0.0     0.1255      0.4    0.8      22.070   24.3   0b1111111111111111    20190531T105102954041
11     230     2.7361      0.2       0.7     0.5417      0.3    0.8       5.050   24.3   0b1111111111111111    20190531T105102954327
12     230     2.7467      0.3       0.8     0.1247      0.4    0.8      22.018   24.3   0b1111111111111111    20190531T105102954609
13     230     2.7368      0.0       0.0     0.5400      0.0    0.0       5.068   24.3   0b1111111111111111    20190531T105102954957
14     230     2.7563      0.0       0.0     0.1282      0.3    0.8      21.505   24.3   0b1111111111111111    20190531T105102955243
15     230     2.7285      0.0       0.0     0.5428      0.4    0.8       5.026   24.3   0b1111111111111111    20190531T105102955525
 0     220     2.6797      0.0       0.0     0.1211      0.4    0.8      22.131   24.3   0b1111111111111111    20190531T105106391876
 1     220     2.6880      0.0       0.0     0.5305      0.4    0.8       5.067   24.3   0b1111111111111111    20190531T105106392263
 2     220     2.7000      0.0       0.0     0.1216      0.4    1.7      22.207   24.3   0b1111111111111111    20190531T105106392640
 3     220     2.6834      0.2       0.8     0.5319      0.4    0.8       5.045   24.3   0b1111111111111111    20190531T105106392943
 4     220     2.6812      0.0       0.0     0.1217      0.0    0.0      22.038   24.3   0b1111111111111111    20190531T105106393231
 5     220     2.6917      0.0       0.0     0.5325      0.0    0.0       5.055   24.3   0b1111111111111111    20190531T105106393572
 6     220     2.6595      0.0       0.0     0.1233      0.3    0.8      21.578   24.3   0b1111111111111111    20190531T105106393863
 7     220     2.6925      0.0       0.0     0.5347      0.4    0.8       5.036   24.3   0b1111111111111111    20190531T105106394149
 8     220     2.7032      0.3       0.8     0.1227      0.4    0.8      22.022   24.3   0b1111111111111111    20190531T105106394489
 9     220     2.6737      0.2       0.7     0.5291      0.3    0.8       5.053   24.3   0b1111111111111111    20190531T105106394826
10     220     2.7210      0.0       0.0     0.1229      0.4    0.8      22.137   24.3   0b1111111111111111    20190531T105106395113
11     220     2.6887      0.0       0.0     0.5324      0.3    0.8       5.050   24.3   0b1111111111111111    20190531T105106395436
12     220     2.6985      0.0       0.0     0.1224      0.2    0.8      22.044   24.3   0b1111111111111111    20190531T105106395747
13     220     2.6900      0.3       0.8     0.5308      0.3    0.8       5.068   24.3   0b1111111111111111    20190531T105106396045
14     220     2.7083      0.0       0.0     0.1259      0.3    0.8      21.508   24.3   0b1111111111111111    20190531T105106396328
15     220     2.6812      0.0       0.0     0.5334      0.3    0.8       5.027   24.3   0b1111111111111111    20190531T105106396655
 0     210     2.6318      0.0       0.0     0.1187      0.4    0.8      22.178   24.3   0b1111111111111111    20190531T105109832554
 1     210     2.6400      0.0       0.0     0.5208      0.0    0.0       5.069   24.3   0b1111111111111111    20190531T105109832986
 2     210     2.6513      0.0       0.0     0.1194      0.4    0.8      22.202   24.3   0b1111111111111111    20190531T105109833306
 3     210     2.6355      0.0       0.0     0.5223      0.3    0.8       5.046   24.3   0b1111111111111111    20190531T105109833606
 4     210     2.6333      0.2       0.7     0.1194      0.4    0.8      22.052   24.3   0b1111111111111111    20190531T105109833976
 5     210     2.6435      0.3       0.8     0.5227      0.3    0.8       5.058   24.3   0b1111111111111111    20190531T105109834272
 6     210     2.6122      0.0       0.0     0.1208      0.2    0.8      21.634   24.3   0b1111111111111111    20190531T105109834560
 7     210     2.6440      0.3       0.8     0.5250      0.0    0.0       5.036   24.3   0b1111111111111111    20190531T105109834894
 8     210     2.6550      0.0       0.0     0.1204      0.4    0.8      22.048   24.3   0b1111111111111111    20190531T105109835185
 9     210     2.6258      0.0       0.0     0.5196      0.4    0.8       5.054   24.3   0b1111111111111111    20190531T105109835518
10     210     2.6723      0.0       0.0     0.1208      0.0    0.0      22.115   24.3   0b1111111111111111    20190531T105109835875
11     210     2.6408      0.0       0.0     0.5226      0.3    0.8       5.053   24.3   0b1111111111111111    20190531T105109836169
12     210     2.6504      0.2       0.8     0.1202      0.3    0.8      22.056   24.3   0b1111111111111111    20190531T105109836453
13     210     2.6415      0.0       0.0     0.5209      0.2    0.8       5.071   24.3   0b1111111111111111    20190531T105109836796
14     210     2.6595      0.0       0.0     0.1236      0.4    0.8      21.520   24.3   0b1111111111111111    20190531T105109837085
15     210     2.6327      0.3       0.7     0.5237      0.4    0.8       5.027   24.3   0b1111111111111111    20190531T105109837370
 0     200     2.5838      0.0       0.0     0.1167      0.0    0.0      22.146   24.3   0b1111111111111111    20190531T105113278099
 1     200     2.5918      0.3       0.8     0.5111      0.4    0.8       5.071   24.3   0b1111111111111111    20190531T105113278448
 2     200     2.6027      0.3       0.8     0.1173      0.4    0.8      22.198   24.3   0b1111111111111111    20190531T105113278709
 3     200     2.5875      0.0       0.0     0.5128      0.4    0.8       5.046   24.3   0b1111111111111111    20190531T105113278973
 4     200     2.5852      0.0       0.0     0.1171      0.4    0.8      22.080   24.3   0b1111111111111111    20190531T105113279233
 5     200     2.5950      0.0       0.0     0.5133      0.0    0.0       5.055   24.3   0b1111111111111111    20190531T105113279578
 6     200     2.5643      0.2       0.8     0.1186      0.4    0.8      21.625   24.3   0b1111111111111111    20190531T105113279836
 7     200     2.5957      0.0       0.0     0.5155      0.4    0.8       5.035   24.3   0b1111111111111111    20190531T105113280084
 8     200     2.6065      0.4       0.8     0.1183      0.0    0.0      22.027   24.3   0b1111111111111111    20190531T105113280406
 9     200     2.5777      0.0       0.0     0.5102      0.3    0.8       5.053   24.3   0b1111111111111111    20190531T105113280659
10     200     2.6235      0.0       0.0     0.1184      0.2    0.8      22.155   24.3   0b1111111111111111    20190531T105113280920
11     200     2.5927      0.0       0.0     0.5133      0.0    0.0       5.051   24.3   0b1111111111111111    20190531T105113281178
12     200     2.6017      0.2       0.8     0.1178      0.4    0.8      22.079   24.3   0b1111111111111111    20190531T105113281487
13     200     2.5932      0.4       0.7     0.5116      0.3    0.8       5.069   24.3   0b1111111111111111    20190531T105113281664
14     200     2.6107      0.0       0.0     0.1212      0.4    0.8      21.547   24.3   0b1111111111111111    20190531T105113281811
15     200     2.5845      0.0       0.0     0.5142      0.0    0.0       5.027   24.3   0b1111111111111111    20190531T105113281953
 0     190     2.5372      0.0       0.0     0.1143      0.3    0.8      22.192   24.3   0b1111111111111111    20190531T105116738331
 1     190     2.5455      0.0       0.0     0.5022      0.4    0.8       5.068   24.3   0b1111111111111111    20190531T105116738797
 2     190     2.5567      0.2       0.8     0.1150      0.0    0.0      22.232   24.3   0b1111111111111111    20190531T105116739112
 3     190     2.5402      0.0       0.0     0.5035      0.3    0.8       5.045   24.3   0b1111111111111111    20190531T105116739455
 4     190     2.5395      0.0       0.0     0.1150      0.0    0.0      22.083   24.3   0b1111111111111111    20190531T105116739762
 5     190     2.5485      0.0       0.0     0.5041      0.3    0.8       5.056   24.3   0b1111111111111111    20190531T105116740053
 6     190     2.5201      0.2       0.7     0.1166      0.3    0.8      21.616   24.3   0b1111111111111111    20190531T105116740340
 7     190     2.5496      0.4       0.8     0.5061      0.4    0.8       5.038   24.3   0b1111111111111111    20190531T105116740675
 8     190     2.5605      0.0       0.0     0.1161      0.4    0.8      22.057   24.3   0b1111111111111111    20190531T105116740961
 9     190     2.5320      0.0       0.0     0.5010      0.3    0.8       5.054   24.3   0b1111111111111111    20190531T105116741300
10     190     2.5763      0.0       0.0     0.1161      0.4    0.8      22.193   24.3   0b1111111111111111    20190531T105116741645
11     190     2.5463      0.0       0.0     0.5042      0.0    0.0       5.050   24.3   0b1111111111111111    20190531T105116741935
12     190     2.5555      0.3       0.8     0.1157      0.2    0.8      22.078   24.3   0b1111111111111111    20190531T105116742219
13     190     2.5470      0.0       0.0     0.5024      0.3    0.8       5.069   24.3   0b1111111111111111    20190531T105116742557
14     190     2.5642      0.2       0.8     0.1189      0.4    0.8      21.563   24.3   0b1111111111111111    20190531T105116742845
15     190     2.5387      0.2       0.8     0.5051      0.3    0.8       5.026   24.3   0b1111111111111111    20190531T105116743128
 0     180     2.4892      0.0       0.0     0.1123      0.3    0.8      22.159   24.4   0b1111111111111111    20190531T105120190748
 1     180     2.4975      0.0       0.0     0.4926      0.3    0.8       5.070   24.4   0b1111111111111111    20190531T105120191152
 2     180     2.5080      0.0       0.0     0.1125      0.0    0.0      22.293   24.4   0b1111111111111111    20190531T105120191563
 3     180     2.4923      0.2       0.7     0.4938      0.4    0.8       5.047   24.4   0b1111111111111111    20190531T105120191878
 4     180     2.4915      0.0       0.0     0.1128      0.4    0.8      22.098   24.4   0b1111111111111111    20190531T105120192175
 5     180     2.5005      0.0       0.0     0.4947      0.4    0.8       5.055   24.4   0b1111111111111111    20190531T105120192527
 6     180     2.4728      0.2       0.8     0.1142      0.0    0.0      21.660   24.4   0b1111111111111111    20190531T105120192822
 7     180     2.5017      0.4       0.7     0.4967      0.0    0.0       5.037   24.4   0b1111111111111111    20190531T105120193111
 8     180     2.5120      0.4       0.8     0.1137      0.4    0.8      22.084   24.4   0b1111111111111111    20190531T105120193424
 9     180     2.4840      0.0       0.0     0.4917      0.0    0.0       5.052   24.4   0b1111111111111111    20190531T105120193777
10     180     2.5275      0.0       0.0     0.1140      0.3    0.8      22.171   24.4   0b1111111111111111    20190531T105120194117
11     180     2.4982      0.0       0.0     0.4945      0.4    0.8       5.052   24.4   0b1111111111111111    20190531T105120194488
12     180     2.5072      0.0       0.0     0.1135      0.3    0.8      22.090   24.4   0b1111111111111111    20190531T105120194785
13     180     2.4985      0.4       0.8     0.4929      0.4    0.8       5.069   24.4   0b1111111111111111    20190531T105120195070
14     180     2.5155      0.0       0.0     0.1167      0.0    0.0      21.561   24.4   0b1111111111111111    20190531T105120195351
15     180     2.4904      0.4       0.7     0.4954      0.4    0.8       5.027   24.4   0b1111111111111111    20190531T105120195690
 0     170     2.4412      0.0       0.0     0.1099      0.2    0.8      22.210   24.4   0b1111111111111111    20190531T105123635844
 1     170     2.4495      0.0       0.0     0.4833      0.2    0.8       5.069   24.4   0b1111111111111111    20190531T105123636268
 2     170     2.4600      0.0       0.0     0.1106      0.4    0.8      22.246   24.4   0b1111111111111111    20190531T105123636675
 3     170     2.4450      0.0       0.0     0.4848      0.4    0.8       5.044   24.4   0b1111111111111111    20190531T105123636985
 4     170     2.4437      0.3       0.8     0.1107      0.2    0.8      22.065   24.4   0b1111111111111111    20190531T105123637279
 5     170     2.4525      0.0       0.0     0.4850      0.0    0.0       5.057   24.4   0b1111111111111111    20190531T105123637583
 6     170     2.4259      0.4       0.8     0.1118      0.3    0.8      21.692   24.4   0b1111111111111111    20190531T105123637725
 7     170     2.4539      0.2       0.8     0.4873      0.3    0.8       5.035   24.4   0b1111111111111111    20190531T105123637864
 8     170     2.4638      0.0       0.0     0.1116      0.2    0.8      22.080   24.4   0b1111111111111111    20190531T105123638002
 9     170     2.4367      0.0       0.0     0.4823      0.3    0.8       5.052   24.4   0b1111111111111111    20190531T105123638141
10     170     2.4787      0.0       0.0     0.1116      0.2    0.8      22.214   24.4   0b1111111111111111    20190531T105123638279
11     170     2.4508      0.3       0.7     0.4849      0.3    0.8       5.054   24.4   0b1111111111111111    20190531T105123638446
12     170     2.4587      0.3       0.8     0.1111      0.4    0.8      22.133   24.4   0b1111111111111111    20190531T105123638588
13     170     2.4503      0.0       0.0     0.4834      0.2    0.8       5.069   24.4   0b1111111111111111    20190531T105123638726
14     170     2.4668      0.0       0.0     0.1143      0.2    0.8      21.591   24.4   0b1111111111111111    20190531T105123638887
15     170     2.4428      0.0       0.0     0.4858      0.0    0.0       5.028   24.4   0b1111111111111111    20190531T105123639033
 0     160     2.3933      0.0       0.0     0.1075      0.0    0.0      22.263   24.4   0b1111111111111111    20190531T105127079234
 1     160     2.4015      0.0       0.0     0.4735      0.3    0.8       5.072   24.4   0b1111111111111111    20190531T105127079710
 2     160     2.4112      0.0       0.0     0.1082      0.2    0.8      22.275   24.4   0b1111111111111111    20190531T105127080039
 3     160     2.3970      0.0       0.0     0.4750      0.0    0.0       5.046   24.4   0b1111111111111111    20190531T105127080344
 4     160     2.3962      0.0       0.0     0.1083      0.0    0.0      22.119   24.4   0b1111111111111111    20190531T105127080703
 5     160     2.4045      0.0       0.0     0.4754      0.4    0.8       5.058   24.4   0b1111111111111111    20190531T105127081042
 6     160     2.3783      0.0       0.0     0.1099      0.2    0.8      21.637   24.4   0b1111111111111111    20190531T105127081337
 7     160     2.4060      0.0       0.0     0.4776      0.2    0.8       5.038   24.4   0b1111111111111111    20190531T105127081729
 8     160     2.4157      0.0       0.0     0.1092      0.0    0.0      22.129   24.4   0b1111111111111111    20190531T105127082041
 9     160     2.3891      0.4       0.7     0.4725      0.0    0.0       5.056   24.4   0b1111111111111111    20190531T105127082334
10     160     2.4307      0.2       0.8     0.1093      0.2    0.8      22.249   24.4   0b1111111111111111    20190531T105127082687
11     160     2.4029      0.2       0.8     0.4756      0.4    0.8       5.053   24.4   0b1111111111111111    20190531T105127082979
12     160     2.4105      0.0       0.0     0.1090      0.3    0.8      22.115   24.4   0b1111111111111111    20190531T105127083262
13     160     2.4022      0.0       0.0     0.4739      0.4    0.8       5.069   24.4   0b1111111111111111    20190531T105127083602
14     160     2.4180      0.0       0.0     0.1120      0.4    0.8      21.589   24.4   0b1111111111111111    20190531T105127083891
15     160     2.3947      0.2       0.7     0.4763      0.4    0.8       5.027   24.4   0b1111111111111111    20190531T105127084174
 0     150     2.3475      0.0       0.0     0.1056      0.4    0.8      22.234   24.4   0b1111111111111111    20190531T105130528144
 1     150     2.3558      0.0       0.0     0.4643      0.3    0.8       5.073   24.4   0b1111111111111111    20190531T105130528514
 2     150     2.3655      0.0       0.0     0.1058      0.0    0.0      22.351   24.4   0b1111111111111111    20190531T105130528787
 3     150     2.3517      0.4       0.7     0.4658      0.0    0.0       5.048   24.4   0b1111111111111111    20190531T105130529048
 4     150     2.3511      0.3       0.8     0.1062      0.4    0.8      22.145   24.4   0b1111111111111111    20190531T105130529315
 5     150     2.3588      0.0       0.0     0.4663      0.4    0.8       5.058   24.4   0b1111111111111111    20190531T105130529590
 6     150     2.3333      0.0       0.0     0.1075      0.0    0.0      21.705   24.4   0b1111111111111111    20190531T105130529852
 7     150     2.3595      0.0       0.0     0.4683      0.0    0.0       5.038   24.4   0b1111111111111111    20190531T105130530110
 8     150     2.3685      0.0       0.0     0.1068      0.2    0.8      22.187   24.4   0b1111111111111111    20190531T105130530367
 9     150     2.3430      0.0       0.0     0.4633      0.0    0.0       5.057   24.4   0b1111111111111111    20190531T105130530644
10     150     2.3843      0.0       0.0     0.1073      0.3    0.8      22.214   24.4   0b1111111111111111    20190531T105130530887
11     150     2.3573      0.0       0.0     0.4663      0.4    0.8       5.055   24.4   0b1111111111111111    20190531T105130531138
12     150     2.3645      0.4       0.8     0.1067      0.0    0.0      22.167   24.4   0b1111111111111111    20190531T105130531387
13     150     2.3562      0.4       0.8     0.4649      0.3    0.8       5.068   24.4   0b1111111111111111    20190531T105130531634
14     150     2.3723      0.0       0.0     0.1099      0.2    0.8      21.582   24.4   0b1111111111111111    20190531T105130531871
15     150     2.3490      0.0       0.0     0.4670      0.4    0.8       5.030   24.4   0b1111111111111111    20190531T105130532111
 0     140     2.3002      0.0       0.0     0.1033      0.0    0.0      22.260   24.4   0b1111111111111111    20190531T105133986012
 1     140     2.3082      0.4       0.8     0.4550      0.0    0.0       5.073   24.4   0b1111111111111111    20190531T105133986517
 2     140     2.3175      0.0       0.0     0.1037      0.4    0.8      22.355   24.4   0b1111111111111111    20190531T105133986858
 3     140     2.3041      0.3       0.8     0.4567      0.0    0.0       5.046   24.4   0b1111111111111111    20190531T105133987164
 4     140     2.3032      0.0       0.0     0.1041      0.2    0.8      22.129   24.4   0b1111111111111111    20190531T105133987534
 5     140     2.3115      0.0       0.0     0.4567      0.2    0.8       5.061   24.4   0b1111111111111111    20190531T105133987680
 6     140     2.2868      0.0       0.0     0.1052      0.4    0.8      21.727   24.4   0b1111111111111111    20190531T105133987821
 7     140     2.3121      0.3       0.8     0.4590      0.3    0.8       5.037   24.4   0b1111111111111111    20190531T105133987962
 8     140     2.3205      0.0       0.0     0.1049      0.2    0.8      22.118   24.4   0b1111111111111111    20190531T105133988110
 9     140     2.2957      0.0       0.0     0.4542      0.0    0.0       5.055   24.4   0b1111111111111111    20190531T105133988249
10     140     2.3359      0.4       0.8     0.1050      0.0    0.0      22.247   24.4   0b1111111111111111    20190531T105133988446
11     140     2.3100      0.0       0.0     0.4568      0.3    0.8       5.057   24.4   0b1111111111111111    20190531T105133988589
12     140     2.3161      0.3       0.8     0.1046      0.4    0.8      22.146   24.4   0b1111111111111111    20190531T105133988726
13     140     2.3085      0.0       0.0     0.4551      0.2    0.8       5.073   24.4   0b1111111111111111    20190531T105133988864
14     140     2.3242      0.2       0.8     0.1076      0.2    0.8      21.603   24.4   0b1111111111111111    20190531T105133989001
15     140     2.3017      0.0       0.0     0.4575      0.0    0.0       5.031   24.4   0b1111111111111111    20190531T105133989138
 0     130     2.2530      0.0       0.0     0.1008      0.0    0.0      22.344   24.4   0b1111111111111111    20190531T105137432690
 1     130     2.2605      0.0       0.0     0.4455      0.4    0.8       5.074   24.4   0b1111111111111111    20190531T105137433096
 2     130     2.2695      0.0       0.0     0.1015      0.3    0.8      22.360   24.4   0b1111111111111111    20190531T105137433457
 3     130     2.2569      0.3       0.8     0.4472      0.4    0.8       5.047   24.4   0b1111111111111111    20190531T105137433791
 4     130     2.2565      0.4       0.7     0.1017      0.0    0.0      22.195   24.4   0b1111111111111111    20190531T105137434085
 5     130     2.2635      0.0       0.0     0.4475      0.0    0.0       5.058   24.4   0b1111111111111111    20190531T105137434376
 6     130     2.2399      0.4       0.8     0.1033      0.0    0.0      21.676   24.4   0b1111111111111111    20190531T105137434718
 7     130     2.2644      0.3       0.7     0.4494      0.4    0.8       5.039   24.4   0b1111111111111111    20190531T105137435004
 8     130     2.2726      0.2       0.8     0.1025      0.0    0.0      22.171   24.4   0b1111111111111111    20190531T105137435334
 9     130     2.2489      0.4       0.8     0.4445      0.4    0.8       5.060   24.4   0b1111111111111111    20190531T105137435717
10     130     2.2883      0.0       0.0     0.1025      0.0    0.0      22.324   24.4   0b1111111111111111    20190531T105137436008
11     130     2.2625      0.4       0.8     0.4475      0.0    0.0       5.056   24.4   0b1111111111111111    20190531T105137436292
12     130     2.2688      0.0       0.0     0.1023      0.3    0.8      22.170   24.4   0b1111111111111111    20190531T105137436635
13     130     2.2605      0.0       0.0     0.4457      0.3    0.8       5.072   24.4   0b1111111111111111    20190531T105137436987
14     130     2.2757      0.3       0.8     0.1051      0.3    0.8      21.656   24.4   0b1111111111111111    20190531T105137437273
15     130     2.2538      0.2       0.8     0.4481      0.4    0.8       5.030   24.4   0b1111111111111111    20190531T105137437578
 0     120     2.2062      0.4       0.8     0.0988      0.4    0.8      22.322   24.4   0b1111111111111111    20190531T105140890816
 1     120     2.2129      0.4       0.8     0.4358      0.0    0.0       5.077   24.4   0b1111111111111111    20190531T105140891241
 2     120     2.2222      0.2       0.8     0.0992      0.0    0.0      22.408   24.4   0b1111111111111111    20190531T105140891647
 3     120     2.2087      0.0       0.0     0.4375      0.0    0.0       5.049   24.4   0b1111111111111111    20190531T105140891963
 4     120     2.2087      0.0       0.0     0.0993      0.3    0.8      22.236   24.4   0b1111111111111111    20190531T105140892261
 5     120     2.2162      0.0       0.0     0.4378      0.4    0.8       5.063   24.4   0b1111111111111111    20190531T105140892610
 6     120     2.1937      0.2       0.8     0.1010      0.3    0.8      21.720   24.4   0b1111111111111111    20190531T105140892905
 7     120     2.2170      0.0       0.0     0.4400      0.0    0.0       5.039   24.4   0b1111111111111111    20190531T105140893260
 8     120     2.2261      0.2       0.8     0.1001      0.2    0.8      22.242   24.4   0b1111111111111111    20190531T105140893618
 9     120     2.2009      0.4       0.8     0.4350      0.0    0.0       5.059   24.4   0b1111111111111111    20190531T105140893914
10     120     2.2395      0.0       0.0     0.1003      0.4    0.8      22.321   24.4   0b1111111111111111    20190531T105140894263
11     120     2.2150      0.4       0.8     0.4382      0.3    0.8       5.055   24.4   0b1111111111111111    20190531T105140894619
12     120     2.2207      0.0       0.0     0.1000      0.0    0.0      22.207   24.4   0b1111111111111111    20190531T105140894913
13     120     2.2140      0.0       0.0     0.4367      0.0    0.0       5.070   24.4   0b1111111111111111    20190531T105140895198
14     120     2.2282      0.0       0.0     0.1030      0.4    0.8      21.633   24.4   0b1111111111111111    20190531T105140895536
15     120     2.2072      0.0       0.0     0.4384      0.3    0.8       5.035   24.4   0b1111111111111111    20190531T105140895841
 0     110     2.1608      0.0       0.0     0.0967      0.0    0.0      22.353   24.4   0b1111111111111111    20190531T105144339159
 1     110     2.1675      0.0       0.0     0.4267      0.0    0.0       5.080   24.4   0b1111111111111111    20190531T105144339636
 2     110     2.1764      0.2       0.8     0.0972      0.4    0.8      22.399   24.4   0b1111111111111111    20190531T105144339958
 3     110     2.1635      0.3       0.8     0.4283      0.0    0.0       5.051   24.4   0b1111111111111111    20190531T105144340254
 4     110     2.1638      0.0       0.0     0.0975      0.0    0.0      22.192   24.4   0b1111111111111111    20190531T105144340626
 5     110     2.1709      0.4       0.7     0.4291      0.2    0.8       5.059   24.4   0b1111111111111111    20190531T105144340933
 6     110     2.1488      0.0       0.0     0.0992      0.0    0.0      21.668   24.4   0b1111111111111111    20190531T105144341220
 7     110     2.1713      0.0       0.0     0.4308      0.0    0.0       5.040   24.4   0b1111111111111111    20190531T105144341558
 8     110     2.1810      0.0       0.0     0.0982      0.2    0.8      22.198   24.4   0b1111111111111111    20190531T105144341859
 9     110     2.1562      0.0       0.0     0.4261      0.4    0.8       5.061   24.4   0b1111111111111111    20190531T105144342190
10     110     2.1938      0.0       0.0     0.0982      0.2    0.8      22.328   24.4   0b1111111111111111    20190531T105144342537
11     110     2.1704      0.2       0.8     0.4292      0.0    0.0       5.057   24.4   0b1111111111111111    20190531T105144342835
12     110     2.1750      0.0       0.0     0.0978      0.4    0.8      22.232   24.4   0b1111111111111111    20190531T105144343119
13     110     2.1685      0.3       0.8     0.4275      0.0    0.0       5.072   24.4   0b1111111111111111    20190531T105144343439
14     110     2.1825      0.0       0.0     0.1008      0.0    0.0      21.645   24.4   0b1111111111111111    20190531T105144343748
15     110     2.1615      0.0       0.0     0.4293      0.3    0.8       5.035   24.4   0b1111111111111111    20190531T105144344033
 0     100     2.1135      0.0       0.0     0.0943      0.3    0.8      22.405   24.4   0b1111111111111111    20190531T105147786606
 1     100     2.1199      0.4       0.8     0.4175      0.0    0.0       5.078   24.4   0b1111111111111111    20190531T105147786947
 2     100     2.1285      0.0       0.0     0.0947      0.4    0.8      22.464   24.4   0b1111111111111111    20190531T105147787212
 3     100     2.1157      0.0       0.0     0.4191      0.3    0.8       5.049   24.4   0b1111111111111111    20190531T105147787474
 4     100     2.1157      0.0       0.0     0.0953      0.4    0.8      22.193   24.4   0b1111111111111111    20190531T105147787737
 5     100     2.1231      0.3       0.8     0.4192      0.0    0.0       5.065   24.4   0b1111111111111111    20190531T105147787995
 6     100     2.1015      0.0       0.0     0.0967      0.0    0.0      21.740   24.4   0b1111111111111111    20190531T105147788260
 7     100     2.1240      0.0       0.0     0.4217      0.0    0.0       5.037   24.4   0b1111111111111111    20190531T105147788577
 8     100     2.1337      0.0       0.0     0.0958      0.0    0.0      22.265   24.4   0b1111111111111111    20190531T105147788888
 9     100     2.1090      0.0       0.0     0.4167      0.0    0.0       5.062   24.4   0b1111111111111111    20190531T105147789146
10     100     2.1465      0.0       0.0     0.0958      0.0    0.0      22.398   24.4   0b1111111111111111    20190531T105147789449
11     100     2.1232      0.0       0.0     0.4197      0.4    0.8       5.059   24.4   0b1111111111111111    20190531T105147789708
12     100     2.1274      0.4       0.8     0.0956      0.4    0.8      22.257   24.4   0b1111111111111111    20190531T105147789964
13     100     2.1210      0.0       0.0     0.4181      0.4    0.8       5.073   24.4   0b1111111111111111    20190531T105147790219
14     100     2.1345      0.0       0.0     0.0983      0.0    0.0      21.707   24.4   0b1111111111111111    20190531T105147790522
15     100     2.1141      0.3       0.8     0.4200      0.0    0.0       5.034   24.4   0b1111111111111111    20190531T105147790781
 0      90     2.0648      0.0       0.0     0.0924      0.2    0.8      22.342   24.4   0b1111111111111111    20190531T105151250815
 1      90     2.0722      0.0       0.0     0.4078      0.4    0.8       5.082   24.4   0b1111111111111111    20190531T105151251246
 2      90     2.0805      0.0       0.0     0.0925      0.0    0.0      22.492   24.4   0b1111111111111111    20190531T105151251601
 3      90     2.0678      0.0       0.0     0.4093      0.2    0.8       5.053   24.4   0b1111111111111111    20190531T105151251905
 4      90     2.0683      0.3       0.8     0.0931      0.4    0.8      22.220   24.4   0b1111111111111111    20190531T105151252198
 5      90     2.0753      0.0       0.0     0.4100      0.0    0.0       5.062   24.4   0b1111111111111111    20190531T105151252513
 6      90     2.0535      0.0       0.0     0.0945      0.4    0.8      21.730   24.4   0b1111111111111111    20190531T105151252804
 7      90     2.0760      0.0       0.0     0.4117      0.0    0.0       5.043   24.4   0b1111111111111111    20190531T105151253090
 8      90     2.0865      0.0       0.0     0.0935      0.3    0.8      22.316   24.4   0b1111111111111111    20190531T105151253397
 9      90     2.0619      0.3       0.8     0.4075      0.0    0.0       5.060   24.4   0b1111111111111111    20190531T105151253685
10      90     2.0985      0.0       0.0     0.0936      0.4    0.8      22.424   24.4   0b1111111111111111    20190531T105151253971
11      90     2.0753      0.0       0.0     0.4101      0.3    0.8       5.061   24.4   0b1111111111111111    20190531T105151254254
12      90     2.0790      0.0       0.0     0.0933      0.0    0.0      22.275   24.4   0b1111111111111111    20190531T105151254562
13      90     2.0737      0.2       0.8     0.4086      0.4    0.8       5.075   24.4   0b1111111111111111    20190531T105151254847
14      90     2.0864      0.2       0.8     0.0963      0.4    0.8      21.677   24.4   0b1111111111111111    20190531T105151255131
15      90     2.0663      0.0       0.0     0.4106      0.4    0.8       5.032   24.4   0b1111111111111111    20190531T105151255433
 0      80     2.0153      0.0       0.0     0.0900      0.0    0.0      22.392   24.4   0b1111111111111111    20190531T105154736620
 1      80     2.0227      0.0       0.0     0.3982      0.3    0.8       5.080   24.4   0b1111111111111111    20190531T105154737020
 2      80     2.0310      0.0       0.0     0.0900      0.0    0.0      22.567   24.4   0b1111111111111111    20190531T105154737374
 3      80     2.0188      0.3       0.8     0.3996      0.4    0.8       5.052   24.4   0b1111111111111111    20190531T105154737685
 4      80     2.0189      0.2       0.8     0.0908      0.0    0.0      22.227   24.4   0b1111111111111111    20190531T105154737981
 5      80     2.0257      0.0       0.0     0.4000      0.0    0.0       5.064   24.4   0b1111111111111111    20190531T105154738312
 6      80     2.0048      0.0       0.0     0.0922      0.4    0.8      21.751   24.4   0b1111111111111111    20190531T105154738606
 7      80     2.0265      0.0       0.0     0.4018      0.3    0.8       5.044   24.4   0b1111111111111111    20190531T105154738894
 8      80     2.0385      0.0       0.0     0.0915      0.3    0.8      22.279   24.4   0b1111111111111111    20190531T105154739179
 9      80     2.0138      0.0       0.0     0.3977      0.3    0.8       5.064   24.4   0b1111111111111111    20190531T105154739488
10      80     2.0497      0.0       0.0     0.0915      0.3    0.8      22.402   24.4   0b1111111111111111    20190531T105154739773
11      80     2.0272      0.0       0.0     0.4007      0.3    0.8       5.060   24.4   0b1111111111111111    20190531T105154740058
12      80     2.0302      0.0       0.0     0.0908      0.0    0.0      22.351   24.4   0b1111111111111111    20190531T105154740367
13      80     2.0246      0.4       0.8     0.3989      0.4    0.8       5.075   24.4   0b1111111111111111    20190531T105154740654
14      80     2.0370      0.0       0.0     0.0938      0.4    0.8      21.709   24.4   0b1111111111111111    20190531T105154740988
15      80     2.0175      0.0       0.0     0.4005      0.4    0.8       5.037   24.4   0b1111111111111111    20190531T105154741303
 0      70     1.9657      0.0       0.0     0.0876      0.3    0.8      22.444   24.4   0b1111111111111111    20190531T105158200301
 1      70     1.9733      0.0       0.0     0.3883      0.0    0.0       5.081   24.4   0b1111111111111111    20190531T105158200777
 2      70     1.9812      0.4       0.8     0.0877      0.3    0.8      22.599   24.4   0b1111111111111111    20190531T105158201127
 3      70     1.9695      0.0       0.0     0.3898      0.3    0.8       5.052   24.4   0b1111111111111111    20190531T105158201503
 4      70     1.9695      0.0       0.0     0.0883      0.3    0.8      22.317   24.4   0b1111111111111111    20190531T105158201809
 5      70     1.9763      0.0       0.0     0.3900      0.0    0.0       5.067   24.4   0b1111111111111111    20190531T105158202102
 6      70     1.9552      0.0       0.0     0.0898      0.3    0.8      21.765   24.4   0b1111111111111111    20190531T105158202413
 7      70     1.9777      0.0       0.0     0.3922      0.4    0.8       5.043   24.4   0b1111111111111111    20190531T105158202731
 8      70     1.9905      0.0       0.0     0.0892      0.0    0.0      22.323   24.4   0b1111111111111111    20190531T105158203018
 9      70     1.9665      0.0       0.0     0.3883      0.0    0.0       5.064   24.4   0b1111111111111111    20190531T105158203345
10      70     2.0025      0.0       0.0     0.0891      0.2    0.8      22.479   24.4   0b1111111111111111    20190531T105158203714
11      70     1.9791      0.3       0.8     0.3909      0.3    0.8       5.063   24.4   0b1111111111111111    20190531T105158204004
12      70     1.9808      0.0       0.0     0.0888      0.4    0.8      22.318   24.4   0b1111111111111111    20190531T105158204289
13      70     1.9755      0.0       0.0     0.3892      0.2    0.8       5.075   24.4   0b1111111111111111    20190531T105158204621
14      70     1.9883      0.0       0.0     0.0917      0.0    0.0      21.690   24.4   0b1111111111111111    20190531T105158204908
15      70     1.9680      0.0       0.0     0.3908      0.0    0.0       5.035   24.4   0b1111111111111111    20190531T105158205192
 0      60     1.9154      0.2       0.8     0.0852      0.3    0.8      22.490   24.4   0b1111111111111111    20190531T105201658652
 1      60     1.9226      0.4       0.8     0.3783      0.0    0.0       5.082   24.4   0b1111111111111111    20190531T105201659102
 2      60     1.9291      0.3       0.8     0.0851      0.2    0.8      22.674   24.4   0b1111111111111111    20190531T105201659459
 3      60     1.9185      0.0       0.0     0.3797      0.4    0.8       5.052   24.4   0b1111111111111111    20190531T105201659771
 4      60     1.9189      0.4       0.7     0.0858      0.0    0.0      22.356   24.4   0b1111111111111111    20190531T105201660074
 5      60     1.9260      0.0       0.0     0.3800      0.0    0.0       5.068   24.4   0b1111111111111111    20190531T105201660364
 6      60     1.9065      0.0       0.0     0.0875      0.0    0.0      21.789   24.4   0b1111111111111111    20190531T105201660701
 7      60     1.9267      0.0       0.0     0.3818      0.3    0.8       5.046   24.4   0b1111111111111111    20190531T105201661056
 8      60     1.9395      0.0       0.0     0.0866      0.2    0.8      22.400   24.4   0b1111111111111111    20190531T105201661428
 9      60     1.9155      0.0       0.0     0.3783      0.3    0.8       5.064   24.4   0b1111111111111111    20190531T105201661744
10      60     1.9522      0.0       0.0     0.0867      0.0    0.0      22.526   24.4   0b1111111111111111    20190531T105201662029
11      60     1.9285      0.4       0.8     0.3808      0.0    0.0       5.064   24.4   0b1111111111111111    20190531T105201662312
12      60     1.9297      0.0       0.0     0.0864      0.4    0.8      22.331   24.4   0b1111111111111111    20190531T105201662636
13      60     1.9252      0.0       0.0     0.3792      0.0    0.0       5.078   24.4   0b1111111111111111    20190531T105201662922
14      60     1.9378      0.3       0.7     0.0892      0.0    0.0      21.732   24.4   0b1111111111111111    20190531T105201663204
15      60     1.9176      0.3       0.8     0.3807      0.3    0.8       5.037   24.4   0b1111111111111111    20190531T105201663584
 0      50     1.8645      0.0       0.0     0.0829      0.4    0.8      22.486   24.4   0b1111111111111111    20190531T105205110694
 1      50     1.8720      0.0       0.0     0.3683      0.0    0.0       5.082   24.4   0b1111111111111111    20190531T105205111103
 2      50     1.8787      0.2       0.8     0.0831      0.4    0.8      22.612   24.4   0b1111111111111111    20190531T105205111423
 3      50     1.8683      0.0       0.0     0.3696      0.4    0.8       5.055   24.4   0b1111111111111111    20190531T105205111738
 4      50     1.8690      0.0       0.0     0.0834      0.2    0.8      22.406   24.4   0b1111111111111111    20190531T105205112030
 5      50     1.8753      0.4       0.8     0.3700      0.0    0.0       5.068   24.4   0b1111111111111111    20190531T105205112317
 6      50     1.8570      0.0       0.0     0.0850      0.0    0.0      21.847   24.4   0b1111111111111111    20190531T105205112720
 7      50     1.8762      0.4       0.8     0.3717      0.0    0.0       5.048   24.4   0b1111111111111111    20190531T105205113087
 8      50     1.8892      0.2       0.8     0.0842      0.0    0.0      22.446   24.4   0b1111111111111111    20190531T105205113381
 9      50     1.8653      0.0       0.0     0.3682      0.3    0.8       5.065   24.4   0b1111111111111111    20190531T105205113686
10      50     1.9013      0.0       0.0     0.0842      0.3    0.8      22.567   24.4   0b1111111111111111    20190531T105205113974
11      50     1.8781      0.2       0.8     0.3708      0.0    0.0       5.064   24.4   0b1111111111111111    20190531T105205114257
12      50     1.8788      0.0       0.0     0.0839      0.4    0.8      22.388   24.4   0b1111111111111111    20190531T105205114603
13      50     1.8741      0.3       0.8     0.3692      0.0    0.0       5.077   24.4   0b1111111111111111    20190531T105205114910
14      50     1.8862      0.0       0.0     0.0867      0.0    0.0      21.764   24.4   0b1111111111111111    20190531T105205115193
15      50     1.8668      0.0       0.0     0.3703      0.4    0.8       5.041   24.4   0b1111111111111111    20190531T105205115485
 0      40     1.8143      0.0       0.0     0.0807      0.3    0.8      22.491   24.5   0b1111111111111111    20190531T105208564993
 1      40     1.8212      0.3       0.8     0.3580      0.4    0.8       5.087   24.5   0b1111111111111111    20190531T105208565467
 2      40     1.8270      0.0       0.0     0.0807      0.2    0.8      22.625   24.5   0b1111111111111111    20190531T105208565818
 3      40     1.8180      0.0       0.0     0.3599      0.3    0.8       5.051   24.5   0b1111111111111111    20190531T105208566116
 4      40     1.8180      0.0       0.0     0.0813      0.4    0.8      22.375   24.5   0b1111111111111111    20190531T105208566444
 5      40     1.8248      0.0       0.0     0.3600      0.0    0.0       5.069   24.5   0b1111111111111111    20190531T105208566750
 6      40     1.8067      0.0       0.0     0.0826      0.2    0.8      21.878   24.5   0b1111111111111111    20190531T105208567037
 7      40     1.8254      0.3       0.7     0.3617      0.0    0.0       5.047   24.5   0b1111111111111111    20190531T105208567321
 8      40     1.8375      0.0       0.0     0.0817      0.0    0.0      22.500   24.5   0b1111111111111111    20190531T105208567596
 9      40     1.8146      0.4       0.7     0.3578      0.4    0.8       5.071   24.5   0b1111111111111111    20190531T105208567736
10      40     1.8495      0.0       0.0     0.0817      0.0    0.0      22.647   24.5   0b1111111111111111    20190531T105208567892
11      40     1.8270      0.0       0.0     0.3608      0.0    0.0       5.063   24.5   0b1111111111111111    20190531T105208568047
12      40     1.8278      0.0       0.0     0.0817      0.0    0.0      22.381   24.5   0b1111111111111111    20190531T105208568186
13      40     1.8227      0.3       0.8     0.3591      0.2    0.8       5.076   24.5   0b1111111111111111    20190531T105208568323
14      40     1.8346      0.2       0.8     0.0842      0.0    0.0      21.797   24.5   0b1111111111111111    20190531T105208568546
15      40     1.8160      0.3       0.8     0.3600      0.0    0.0       5.044   24.5   0b1111111111111111    20190531T105208568689
 0      30     1.7640      0.0       0.0     0.0783      0.0    0.0      22.519   24.4   0b1111111111111111    20190531T105212012604
 1      30     1.7723      0.0       0.0     0.3483      0.0    0.0       5.088   24.4   0b1111111111111111    20190531T105212013016
 2      30     1.7782      0.0       0.0     0.0783      0.3    0.8      22.725   24.4   0b1111111111111111    20190531T105212013336
 3      30     1.7685      0.0       0.0     0.3498      0.3    0.8       5.055   24.4   0b1111111111111111    20190531T105212013712
 4      30     1.7686      0.3       0.7     0.0789      0.4    0.8      22.412   24.4   0b1111111111111111    20190531T105212014014
 5      30     1.7746      0.2       0.8     0.3500      0.0    0.0       5.070   24.4   0b1111111111111111    20190531T105212014305
 6      30     1.7582      0.3       0.7     0.0806      0.4    0.8      21.818   24.4   0b1111111111111111    20190531T105212014643
 7      30     1.7760      0.0       0.0     0.3518      0.3    0.8       5.048   24.4   0b1111111111111111    20190531T105212014936
 8      30     1.7873      0.2       0.7     0.0792      0.0    0.0      22.577   24.4   0b1111111111111111    20190531T105212015266
 9      30     1.7655      0.0       0.0     0.3482      0.3    0.8       5.071   24.4   0b1111111111111111    20190531T105212015663
10      30     1.7985      0.0       0.0     0.0793      0.3    0.8      22.670   24.4   0b1111111111111111    20190531T105212016002
11      30     1.7768      0.0       0.0     0.3508      0.0    0.0       5.064   24.4   0b1111111111111111    20190531T105212016329
12      30     1.7772      0.4       0.7     0.0791      0.2    0.8      22.472   24.4   0b1111111111111111    20190531T105212016676
13      30     1.7738      0.0       0.0     0.3492      0.0    0.0       5.080   24.4   0b1111111111111111    20190531T105212016965
14      30     1.7850      0.0       0.0     0.0818      0.2    0.8      21.835   24.4   0b1111111111111111    20190531T105212017246
15      30     1.7662      0.0       0.0     0.3502      0.3    0.8       5.044   24.4   0b1111111111111111    20190531T105212017564
 0      20     1.7145      0.0       0.0     0.0758      0.0    0.0      22.609   24.4   0b1111111111111111    20190531T105215472379
 1      20     1.7227      0.2       0.8     0.3383      0.0    0.0       5.092   24.4   0b1111111111111111    20190531T105215472804
 2      20     1.7280      0.0       0.0     0.0759      0.2    0.8      22.762   24.4   0b1111111111111111    20190531T105215473134
 3      20     1.7189      0.2       0.8     0.3400      0.0    0.0       5.056   24.4   0b1111111111111111    20190531T105215473464
 4      20     1.7190      0.0       0.0     0.0767      0.0    0.0      22.422   24.4   0b1111111111111111    20190531T105215473767
 5      20     1.7250      0.0       0.0     0.3400      0.0    0.0       5.074   24.4   0b1111111111111111    20190531T105215474064
 6      20     1.7093      0.0       0.0     0.0783      0.0    0.0      21.820   24.4   0b1111111111111111    20190531T105215474382
 7      20     1.7258      0.0       0.0     0.3418      0.3    0.8       5.050   24.4   0b1111111111111111    20190531T105215474678
 8      20     1.7370      0.0       0.0     0.0770      0.4    0.8      22.558   24.4   0b1111111111111111    20190531T105215474967
 9      20     1.7155      0.4       0.8     0.3383      0.0    0.0       5.071   24.4   0b1111111111111111    20190531T105215475254
10      20     1.7475      0.0       0.0     0.0771      0.4    0.8      22.670   24.4   0b1111111111111111    20190531T105215475561
11      20     1.7273      0.0       0.0     0.3408      0.0    0.0       5.068   24.4   0b1111111111111111    20190531T105215475847
12      20     1.7273      0.0       0.0     0.0767      0.0    0.0      22.529   24.4   0b1111111111111111    20190531T105215476131
13      20     1.7235      0.0       0.0     0.3392      0.0    0.0       5.082   24.4   0b1111111111111111    20190531T105215476437
14      20     1.7348      0.0       0.0     0.0792      0.0    0.0      21.913   24.4   0b1111111111111111    20190531T105215476722
15      20     1.7164      0.4       0.8     0.3405      0.4    0.8       5.041   24.4   0b1111111111111111    20190531T105215477006
 0      10     1.6650      0.0       0.0     0.0735      0.3    0.8      22.653   24.4   0b1111111111111111    20190531T105218954545
 1      10     1.6726      0.3       0.7     0.3283      0.0    0.0       5.094   24.4   0b1111111111111111    20190531T105218954947
 2      10     1.6778      0.0       0.0     0.0734      0.2    0.8      22.852   24.4   0b1111111111111111    20190531T105218955282
 3      10     1.6695      0.0       0.0     0.3300      0.0    0.0       5.059   24.4   0b1111111111111111    20190531T105218955589
 4      10     1.6701      0.3       0.8     0.0742      0.0    0.0      22.518   24.4   0b1111111111111111    20190531T105218955882
 5      10     1.6755      0.0       0.0     0.3300      0.0    0.0       5.077   24.4   0b1111111111111111    20190531T105218956174
 6      10     1.6605      0.0       0.0     0.0758      0.0    0.0      21.897   24.4   0b1111111111111111    20190531T105218956481
 7      10     1.6763      0.0       0.0     0.3318      0.2    0.8       5.053   24.4   0b1111111111111111    20190531T105218956770
 8      10     1.6874      0.2       0.8     0.0743      0.3    0.8      22.701   24.4   0b1111111111111111    20190531T105218957054
 9      10     1.6665      0.0       0.0     0.3283      0.0    0.0       5.076   24.4   0b1111111111111111    20190531T105218957366
10      10     1.6972      0.0       0.0     0.0749      0.3    0.8      22.655   24.4   0b1111111111111111    20190531T105218957652
11      10     1.6771      0.3       0.8     0.3308      0.0    0.0       5.069   24.4   0b1111111111111111    20190531T105218957935
12      10     1.6770      0.0       0.0     0.0742      0.0    0.0      22.611   24.4   0b1111111111111111    20190531T105218958218
13      10     1.6732      0.0       0.0     0.3292      0.3    0.8       5.082   24.4   0b1111111111111111    20190531T105218958645
14      10     1.6845      0.0       0.0     0.0768      0.3    0.8      21.924   24.4   0b1111111111111111    20190531T105218958947
15      10     1.6665      0.0       0.0     0.3304      0.4    0.8       5.044   24.4   0b1111111111111111    20190531T105218959230
 0       0     1.6155      0.0       0.0     0.0714      0.4    0.8      22.621   24.5   0b1111111111111111    20190531T105222426612
 1       0     1.6230      0.0       0.0     0.3185      0.3    0.8       5.096   24.5   0b1111111111111111    20190531T105222427019
 2       0     1.6275      0.0       0.0     0.0710      0.3    0.8      22.923   24.5   0b1111111111111111    20190531T105222427334
 3       0     1.6200      0.0       0.0     0.3200      0.0    0.0       5.063   24.5   0b1111111111111111    20190531T105222427698
 4       0     1.6207      0.0       0.0     0.0719      0.4    0.8      22.537   24.5   0b1111111111111111    20190531T105222427998
 5       0     1.6252      0.0       0.0     0.3200      0.0    0.0       5.079   24.5   0b1111111111111111    20190531T105222428293
 6       0     1.6110      0.0       0.0     0.0735      0.3    0.8      21.918   24.5   0b1111111111111111    20190531T105222428630
 7       0     1.6264      0.4       0.8     0.3221      0.4    0.8       5.050   24.5   0b1111111111111111    20190531T105222428923
 8       0     1.6365      0.0       0.0     0.0723      0.4    0.8      22.651   24.5   0b1111111111111111    20190531T105222429210
 9       0     1.6163      0.0       0.0     0.3183      0.0    0.0       5.077   24.5   0b1111111111111111    20190531T105222429602
10       0     1.6463      0.2       0.8     0.0725      0.0    0.0      22.708   24.5   0b1111111111111111    20190531T105222429896
11       0     1.6275      0.0       0.0     0.3208      0.0    0.0       5.073   24.5   0b1111111111111111    20190531T105222430181
12       0     1.6267      0.0       0.0     0.0719      0.4    0.8      22.620   24.5   0b1111111111111111    20190531T105222430523
13       0     1.6230      0.0       0.0     0.3193      0.3    0.8       5.084   24.5   0b1111111111111111    20190531T105222430814
14       0     1.6335      0.0       0.0     0.0746      0.4    0.8      21.902   24.5   0b1111111111111111    20190531T105222431126
15       0     1.6170      0.0       0.0     0.3204      0.4    0.8       5.047   24.5   0b1111111111111111    20190531T105222431471
