CH# Vset[DAC]   V[V]    dVRMS[mV] dVpp[mV]    I[A]  dIRMS[mA] dIpp[mA]   R[ohm]   T[C]   State                Timestamp
 0     250     2.8425      0.0       0.0     0.5597      1.4    4.2       5.078   24.0   0b1111111111111111    20190524T192230734168
 1     250     2.6846      0.6       2.3     2.5278      1.0    2.5       1.062   24.0   0b1111111111111111    20190524T192230734654
 2     250     2.8425      0.0       0.0     0.5579      2.8    9.2       5.095   24.0   0b1111111111111111    20190524T192230734961
 3     250     2.6876      0.6       2.3     2.5205      0.8    2.5       1.066   24.0   0b1111111111111111    20190524T192230735251
 4     250     2.8830      0.0       0.0     0.5654      4.5   15.8       5.099   24.0   0b1111111111111111    20190524T192230735588
 5     250     2.6899      0.8       2.3     2.5214      0.8    2.5       1.067   24.0   0b1111111111111111    20190524T192230735879
 6     250     2.8605      0.0       0.0     0.5613      3.2   11.7       5.096   24.0   0b1111111111111111    20190524T192230736161
 7     250     2.6658      0.8       2.3     2.5037      0.8    2.5       1.065   24.0   0b1111111111111111    20190524T192230736516
 8     250     2.8529      0.2       0.8     0.5601      3.7   11.7       5.094   24.0   0b1111111111111111    20190524T192230736935
 9     250     2.6793      0.8       2.3     2.5160      0.8    2.5       1.065   24.0   0b1111111111111111    20190524T192230737227
10     250     2.8708      0.3       0.8     0.5643      3.5   11.7       5.088   24.0   0b1111111111111111    20190524T192230737560
11     250     2.6770      0.8       2.3     2.5134      0.6    1.7       1.065   24.0   0b1111111111111111    20190524T192230737700
12     250     2.8547      0.3       0.8     0.5638      2.7    9.2       5.063   24.0   0b1111111111111111    20190524T192230737835
13     250     2.6743      0.9       3.0     2.5118      0.6    1.7       1.065   24.0   0b1111111111111111    20190524T192230737970
14     250     2.8509      0.3       0.8     0.5589      2.5    9.2       5.101   24.0   0b1111111111111111    20190524T192230738106
15     250     2.6728      1.0       3.0     2.5069      0.8    2.5       1.066   24.0   0b1111111111111111    20190524T192230738240
 0     240     2.7975      0.0       0.0     0.5517      1.6    4.2       5.071   24.1   0b1111111111111111    20190524T192234190211
 1     240     2.6779      0.4       0.7     2.5216      0.6    1.7       1.062   24.1   0b1111111111111111    20190524T192234190670
 2     240     2.7975      0.0       0.0     0.5486      0.7    2.5       5.099   24.1   0b1111111111111111    20190524T192234190976
 3     240     2.6825      0.5       1.5     2.5161      0.4    0.8       1.066   24.1   0b1111111111111111    20190524T192234191266
 4     240     2.8455      0.0       0.0     0.5604      1.7    5.8       5.077   24.1   0b1111111111111111    20190524T192234191599
 5     240     2.6852      0.5       1.5     2.5173      0.8    3.3       1.067   24.1   0b1111111111111111    20190524T192234191888
 6     240     2.8170      0.0       0.0     0.5534      2.2    8.3       5.090   24.1   0b1111111111111111    20190524T192234192168
 7     240     2.6618      0.4       1.5     2.5002      0.5    1.7       1.065   24.1   0b1111111111111111    20190524T192234192501
 8     240     2.8110      0.0       0.0     0.5520      1.5    5.0       5.092   24.1   0b1111111111111111    20190524T192234192848
 9     240     2.6754      0.4       1.5     2.5130      0.4    0.8       1.065   24.1   0b1111111111111111    20190524T192234193137
10     240     2.8358      0.0       0.0     0.5569      2.1    6.7       5.092   24.1   0b1111111111111111    20190524T192234193481
11     240     2.6729      0.5       1.5     2.5103      0.6    1.7       1.065   24.1   0b1111111111111111    20190524T192234193772
12     240     2.8138      0.3       0.8     0.5554      1.9    5.8       5.066   24.1   0b1111111111111111    20190524T192234194051
13     240     2.6710      0.4       0.7     2.5090      0.3    0.8       1.065   24.1   0b1111111111111111    20190524T192234194330
14     240     2.8088      0.0       0.0     0.5503      2.8    9.2       5.104   24.1   0b1111111111111111    20190524T192234194672
15     240     2.6689      0.4       0.8     2.5039      0.4    0.8       1.066   24.1   0b1111111111111111    20190524T192234194952
 0     230     2.7510      0.0       0.0     0.5429      0.7    2.5       5.067   24.2   0b1111111111111111    20190524T192237636329
 1     230     2.6685      0.0       0.0     2.5130      0.4    0.8       1.062   24.2   0b1111111111111111    20190524T192237636809
 2     230     2.7518      0.0       0.0     0.5397      0.7    2.5       5.099   24.2   0b1111111111111111    20190524T192237637131
 3     230     2.6757      0.4       0.7     2.5097      0.5    1.7       1.066   24.2   0b1111111111111111    20190524T192237637504
 4     230     2.8003      0.3       0.8     0.5510      1.0    3.3       5.082   24.2   0b1111111111111111    20190524T192237637684
 5     230     2.6787      0.4       0.8     2.5116      0.6    1.7       1.067   24.2   0b1111111111111111    20190524T192237637824
 6     230     2.7705      0.0       0.0     0.5448      0.9    2.5       5.085   24.2   0b1111111111111111    20190524T192237637962
 7     230     2.6563      0.3       0.8     2.4950      0.4    1.7       1.065   24.2   0b1111111111111111    20190524T192237638098
 8     230     2.7659      0.3       0.8     0.5417      1.1    4.2       5.106   24.2   0b1111111111111111    20190524T192237638234
 9     230     2.6704      0.4       0.7     2.5080      0.6    1.7       1.065   24.2   0b1111111111111111    20190524T192237638370
10     230     2.7922      0.0       0.0     0.5485      1.7    5.8       5.091   24.2   0b1111111111111111    20190524T192237638575
11     230     2.6678      0.2       0.7     2.5058      0.5    1.7       1.065   24.2   0b1111111111111111    20190524T192237638719
12     230     2.7675      0.0       0.0     0.5468      0.8    2.5       5.062   24.2   0b1111111111111111    20190524T192237638854
13     230     2.6674      0.4       0.8     2.5058      0.5    1.7       1.064   24.2   0b1111111111111111    20190524T192237638990
14     230     2.7628      0.3       0.8     0.5416      1.6    5.8       5.101   24.2   0b1111111111111111    20190524T192237639124
15     230     2.6642      0.3       0.8     2.5001      0.6    1.7       1.066   24.2   0b1111111111111111    20190524T192237639258
 0     220     2.7032      0.3       0.8     0.5335      0.5    1.7       5.067   24.3   0b1111111111111111    20190524T192241087135
 1     220     2.6520      0.0       0.0     2.4977      0.5    1.7       1.062   24.3   0b1111111111111111    20190524T192241087578
 2     220     2.7037      0.0       0.0     0.5302      0.3    0.8       5.100   24.3   0b1111111111111111    20190524T192241087897
 3     220     2.6641      0.2       0.8     2.4986      0.5    1.7       1.066   24.3   0b1111111111111111    20190524T192241088196
 4     220     2.7504      0.3       0.7     0.5423      0.8    2.5       5.071   24.3   0b1111111111111111    20190524T192241088485
 5     220     2.6678      0.0       0.0     2.5008      0.5    1.7       1.067   24.3   0b1111111111111111    20190524T192241088793
 6     220     2.7238      0.3       0.8     0.5355      0.6    1.7       5.086   24.3   0b1111111111111111    20190524T192241089077
 7     220     2.6468      0.0       0.0     2.4862      0.4    0.8       1.065   24.3   0b1111111111111111    20190524T192241089358
 8     220     2.7173      0.0       0.0     0.5326      0.6    1.7       5.102   24.3   0b1111111111111111    20190524T192241089658
 9     220     2.6618      0.0       0.0     2.5001      0.6    1.7       1.065   24.3   0b1111111111111111    20190524T192241089939
10     220     2.7436      0.2       0.8     0.5388      0.6    1.7       5.092   24.3   0b1111111111111111    20190524T192241090217
11     220     2.6588      0.0       0.0     2.4972      0.4    0.8       1.065   24.3   0b1111111111111111    20190524T192241090495
12     220     2.7183      0.4       0.8     0.5368      0.7    2.5       5.064   24.3   0b1111111111111111    20190524T192241090799
13     220     2.6611      0.2       0.7     2.5001      0.4    1.7       1.064   24.3   0b1111111111111111    20190524T192241091120
14     220     2.7158      0.2       0.8     0.5322      1.1    3.3       5.103   24.3   0b1111111111111111    20190524T192241091402
15     220     2.6558      0.0       0.0     2.4920      0.4    0.8       1.066   24.3   0b1111111111111111    20190524T192241091699
 0     210     2.6553      0.4       0.8     0.5240      0.3    0.8       5.067   24.4   0b1111111111111111    20190524T192244586462
 1     210     2.6227      0.0       0.0     2.4697      0.6    1.7       1.062   24.4   0b1111111111111111    20190524T192244586853
 2     210     2.6556      0.3       0.8     0.5207      0.3    0.8       5.100   24.4   0b1111111111111111    20190524T192244587148
 3     210     2.6424      0.3       0.7     2.4787      0.4    0.8       1.066   24.4   0b1111111111111111    20190524T192244587461
 4     210     2.7008      0.2       0.8     0.5319      0.4    0.8       5.078   24.4   0b1111111111111111    20190524T192244587748
 5     210     2.6474      0.2       0.8     2.4817      0.0    0.0       1.067   24.4   0b1111111111111111    20190524T192244588030
 6     210     2.6745      0.0       0.0     0.5259      0.3    0.8       5.085   24.4   0b1111111111111111    20190524T192244588477
 7     210     2.6295      0.0       0.0     2.4701      0.2    0.8       1.065   24.4   0b1111111111111111    20190524T192244588811
 8     210     2.6685      0.0       0.0     0.5228      0.4    0.8       5.104   24.4   0b1111111111111111    20190524T192244589094
 9     210     2.6464      0.4       0.8     2.4858      0.4    1.7       1.065   24.4   0b1111111111111111    20190524T192244589397
10     210     2.6941      0.3       0.8     0.5291      0.7    1.7       5.092   24.4   0b1111111111111111    20190524T192244589679
11     210     2.6424      0.3       0.7     2.4819      0.4    0.8       1.065   24.4   0b1111111111111111    20190524T192244589957
12     210     2.6693      0.0       0.0     0.5272      0.4    0.8       5.063   24.4   0b1111111111111111    20190524T192244590233
13     210     2.6498      0.0       0.0     2.4897      0.4    0.8       1.064   24.4   0b1111111111111111    20190524T192244590537
14     210     2.6670      0.0       0.0     0.5224      0.6    1.7       5.105   24.4   0b1111111111111111    20190524T192244590816
15     210     2.6410      0.3       0.8     2.4788      0.4    0.8       1.065   24.4   0b1111111111111111    20190524T192244591122
 0     200     2.6068      0.3       0.8     0.5143      0.3    0.8       5.068   24.5   0b1111111111111111    20190524T192248087640
 1     200     2.5796      0.4       0.7     2.4290      0.3    0.8       1.062   24.5   0b1111111111111111    20190524T192248088035
 2     200     2.6070      0.0       0.0     0.5110      0.3    0.8       5.102   24.5   0b1111111111111111    20190524T192248088332
 3     200     2.6057      0.3       0.8     2.4442      0.0    0.0       1.066   24.5   0b1111111111111111    20190524T192248088687
 4     200     2.6513      0.0       0.0     0.5221      0.4    0.8       5.078   24.5   0b1111111111111111    20190524T192248088980
 5     200     2.6107      0.0       0.0     2.4480      0.4    0.8       1.066   24.5   0b1111111111111111    20190524T192248089265
 6     200     2.6250      0.0       0.0     0.5161      0.4    0.8       5.086   24.5   0b1111111111111111    20190524T192248089600
 7     200     2.5980      0.0       0.0     2.4402      0.3    0.8       1.065   24.5   0b1111111111111111    20190524T192248089887
 8     200     2.6190      0.0       0.0     0.5132      0.3    0.8       5.104   24.5   0b1111111111111111    20190524T192248090228
 9     200     2.6175      0.0       0.0     2.4587      0.4    0.8       1.065   24.5   0b1111111111111111    20190524T192248090577
10     200     2.6445      0.0       0.0     0.5193      0.3    0.8       5.092   24.5   0b1111111111111111    20190524T192248090866
11     200     2.6122      0.0       0.0     2.4536      0.4    0.8       1.065   24.5   0b1111111111111111    20190524T192248091145
12     200     2.6197      0.0       0.0     0.5172      0.4    0.8       5.066   24.5   0b1111111111111111    20190524T192248091500
13     200     2.6287      0.2       0.8     2.4698      0.3    0.8       1.064   24.5   0b1111111111111111    20190524T192248091786
14     200     2.6174      0.2       0.7     0.5126      0.2    0.8       5.106   24.5   0b1111111111111111    20190524T192248092065
15     200     2.6133      0.4       0.8     2.4527      0.5    1.7       1.065   24.5   0b1111111111111111    20190524T192248092342
 0     190     2.5613      0.0       0.0     0.5054      0.4    0.8       5.068   24.5   0b1111111111111111    20190524T192251544000
 1     190     2.5349      0.3       0.7     2.3863      0.4    0.8       1.062   24.5   0b1111111111111111    20190524T192251544471
 2     190     2.5590      0.0       0.0     0.5017      0.0    0.0       5.101   24.5   0b1111111111111111    20190524T192251544808
 3     190     2.5616      0.4       0.8     2.4027      0.3    0.8       1.066   24.5   0b1111111111111111    20190524T192251545099
 4     190     2.6032      0.0       0.0     0.5128      0.4    0.8       5.077   24.5   0b1111111111111111    20190524T192251545382
 5     190     2.5660      0.3       0.8     2.4059      0.3    0.8       1.067   24.5   0b1111111111111111    20190524T192251545719
 6     190     2.5777      0.0       0.0     0.5068      0.4    1.7       5.087   24.5   0b1111111111111111    20190524T192251546002
 7     190     2.5545      0.0       0.0     2.3997      0.4    0.8       1.065   24.5   0b1111111111111111    20190524T192251546282
 8     190     2.5718      0.0       0.0     0.5037      0.4    0.8       5.106   24.5   0b1111111111111111    20190524T192251546612
 9     190     2.5755      0.0       0.0     2.4188      0.4    0.8       1.065   24.5   0b1111111111111111    20190524T192251546992
10     190     2.5965      0.0       0.0     0.5098      0.3    0.8       5.093   24.5   0b1111111111111111    20190524T192251547295
11     190     2.5703      0.0       0.0     2.4141      0.2    0.8       1.065   24.5   0b1111111111111111    20190524T192251547590
12     190     2.5731      0.3       0.8     0.5081      0.4    0.8       5.064   24.5   0b1111111111111111    20190524T192251547728
13     190     2.5927      0.0       0.0     2.4360      0.3    0.8       1.064   24.5   0b1111111111111111    20190524T192251547864
14     190     2.5703      0.0       0.0     0.5035      0.3    0.8       5.105   24.5   0b1111111111111111    20190524T192251547998
15     190     2.5733      0.0       0.0     2.4151      0.2    0.8       1.065   24.5   0b1111111111111111    20190524T192251548132
 0     180     2.5125      0.0       0.0     0.4958      0.0    0.0       5.067   24.5   0b1111111111111111    20190524T192255027902
 1     180     2.4864      0.3       0.8     2.3404      0.4    0.8       1.062   24.5   0b1111111111111111    20190524T192255028509
 2     180     2.5107      0.4       0.8     0.4921      0.4    0.8       5.102   24.5   0b1111111111111111    20190524T192255029012
 3     180     2.5132      0.0       0.0     2.3572      0.4    0.8       1.066   24.5   0b1111111111111111    20190524T192255029490
 4     180     2.5538      0.0       0.0     0.5028      0.4    0.8       5.080   24.5   0b1111111111111111    20190524T192255029844
 5     180     2.5170      0.0       0.0     2.3599      0.2    0.8       1.067   24.5   0b1111111111111111    20190524T192255030146
 6     180     2.5282      0.0       0.0     0.4972      0.4    0.8       5.085   24.5   0b1111111111111111    20190524T192255030461
 7     180     2.5057      0.0       0.0     2.3540      0.3    0.8       1.064   24.5   0b1111111111111111    20190524T192255030751
 8     180     2.5223      0.0       0.0     0.4941      0.2    0.8       5.105   24.5   0b1111111111111111    20190524T192255031036
 9     180     2.5267      0.0       0.0     2.3727      0.3    0.8       1.065   24.5   0b1111111111111111    20190524T192255031346
10     180     2.5469      0.3       0.7     0.5002      0.3    0.8       5.092   24.5   0b1111111111111111    20190524T192255031629
11     180     2.5215      0.0       0.0     2.3683      0.3    0.8       1.065   24.5   0b1111111111111111    20190524T192255031920
12     180     2.5237      0.0       0.0     0.4983      0.0    0.0       5.064   24.5   0b1111111111111111    20190524T192255032199
13     180     2.5446      0.3       0.7     2.3908      0.0    0.0       1.064   24.5   0b1111111111111111    20190524T192255032502
14     180     2.5208      0.0       0.0     0.4939      0.4    0.8       5.104   24.5   0b1111111111111111    20190524T192255032883
15     180     2.5245      0.0       0.0     2.3693      0.2    0.8       1.066   24.5   0b1111111111111111    20190524T192255033176
 0     170     2.4645      0.0       0.0     0.4865      0.3    0.8       5.066   24.6   0b1111111111111111    20190524T192258501289
 1     170     2.4386      0.4       0.8     2.2953      0.4    0.8       1.062   24.6   0b1111111111111111    20190524T192258501718
 2     170     2.4623      0.0       0.0     0.4826      0.2    0.8       5.102   24.6   0b1111111111111111    20190524T192258502030
 3     170     2.4646      0.2       0.7     2.3117      0.0    0.0       1.066   24.6   0b1111111111111111    20190524T192258502324
 4     170     2.5042      0.0       0.0     0.4931      0.4    0.8       5.079   24.6   0b1111111111111111    20190524T192258502611
 5     170     2.4675      0.0       0.0     2.3134      0.2    0.8       1.067   24.6   0b1111111111111111    20190524T192258502919
 6     170     2.4787      0.0       0.0     0.4872      0.4    0.8       5.087   24.6   0b1111111111111111    20190524T192258503201
 7     170     2.4570      0.0       0.0     2.3083      0.2    0.8       1.064   24.6   0b1111111111111111    20190524T192258503481
 8     170     2.4734      0.2       0.8     0.4845      0.4    0.8       5.105   24.6   0b1111111111111111    20190524T192258503818
 9     170     2.4773      0.0       0.0     2.3266      0.3    0.8       1.065   24.6   0b1111111111111111    20190524T192258504102
10     170     2.4970      0.4       0.7     0.4903      0.4    0.8       5.093   24.6   0b1111111111111111    20190524T192258504382
11     170     2.4720      0.0       0.0     2.3217      0.4    1.7       1.065   24.6   0b1111111111111111    20190524T192258504685
12     170     2.4743      0.0       0.0     0.4884      0.3    0.8       5.066   24.6   0b1111111111111111    20190524T192258504966
13     170     2.4945      0.0       0.0     2.3435      0.3    0.8       1.064   24.6   0b1111111111111111    20190524T192258505245
14     170     2.4713      0.0       0.0     0.4841      0.2    0.8       5.105   24.6   0b1111111111111111    20190524T192258505523
15     170     2.4750      0.0       0.0     2.3229      0.4    0.8       1.065   24.6   0b1111111111111111    20190524T192258505821
 0     160     2.4157      0.0       0.0     0.4767      0.0    0.0       5.068   24.7   0b1111111111111111    20190524T192301950624
 1     160     2.3910      0.0       0.0     2.2504      0.4    0.8       1.062   24.7   0b1111111111111111    20190524T192301951048
 2     160     2.4142      0.0       0.0     0.4733      0.0    0.0       5.101   24.7   0b1111111111111111    20190524T192301951364
 3     160     2.4165      0.0       0.0     2.2666      0.2    0.8       1.066   24.7   0b1111111111111111    20190524T192301951687
 4     160     2.4540      0.0       0.0     0.4833      0.2    0.8       5.078   24.7   0b1111111111111111    20190524T192301951977
 5     160     2.4185      0.3       0.8     2.2673      0.3    0.8       1.067   24.7   0b1111111111111111    20190524T192301952263
 6     160     2.4293      0.0       0.0     0.4775      0.0    0.0       5.087   24.7   0b1111111111111111    20190524T192301952570
 7     160     2.4082      0.0       0.0     2.2618      0.3    0.8       1.065   24.7   0b1111111111111111    20190524T192301952856
 8     160     2.4240      0.0       0.0     0.4749      0.3    0.8       5.104   24.7   0b1111111111111111    20190524T192301953138
 9     160     2.4277      0.0       0.0     2.2800      0.0    0.0       1.065   24.7   0b1111111111111111    20190524T192301953439
10     160     2.4473      0.0       0.0     0.4807      0.2    0.8       5.090   24.7   0b1111111111111111    20190524T192301953780
11     160     2.4225      0.0       0.0     2.2750      0.0    0.0       1.065   24.7   0b1111111111111111    20190524T192301954064
12     160     2.4243      0.4       0.7     0.4785      0.3    0.8       5.066   24.7   0b1111111111111111    20190524T192301954343
13     160     2.4435      0.0       0.0     2.2958      0.0    0.0       1.064   24.7   0b1111111111111111    20190524T192301954647
14     160     2.4211      0.2       0.8     0.4742      0.3    0.8       5.105   24.7   0b1111111111111111    20190524T192301954927
15     160     2.4253      0.3       0.8     2.2760      0.3    0.8       1.066   24.7   0b1111111111111111    20190524T192301955204
 0     150     2.3700      0.0       0.0     0.4676      0.3    0.8       5.069   24.7   0b1111111111111111    20190524T192305426539
 1     150     2.3452      0.2       0.8     2.2075      0.4    1.7       1.062   24.7   0b1111111111111111    20190524T192305426943
 2     150     2.3678      0.0       0.0     0.4640      0.3    0.8       5.103   24.7   0b1111111111111111    20190524T192305427246
 3     150     2.3708      0.0       0.0     2.2234      0.3    0.8       1.066   24.7   0b1111111111111111    20190524T192305427599
 4     150     2.4049      0.4       0.8     0.4733      0.0    0.0       5.081   24.7   0b1111111111111111    20190524T192305427888
 5     150     2.3715      0.0       0.0     2.2233      0.0    0.0       1.067   24.7   0b1111111111111111    20190524T192305428171
 6     150     2.3822      0.3       0.8     0.4683      0.0    0.0       5.086   24.7   0b1111111111111111    20190524T192305428501
 7     150     2.3610      0.0       0.0     2.2175      0.0    0.0       1.065   24.7   0b1111111111111111    20190524T192305428785
 8     150     2.3765      0.4       0.8     0.4653      0.4    0.8       5.107   24.7   0b1111111111111111    20190524T192305429065
 9     150     2.3805      0.0       0.0     2.2357      0.3    0.8       1.065   24.7   0b1111111111111111    20190524T192305429400
10     150     2.3990      0.3       0.8     0.4710      0.3    0.8       5.093   24.7   0b1111111111111111    20190524T192305429684
11     150     2.3760      0.0       0.0     2.2316      0.3    0.8       1.065   24.7   0b1111111111111111    20190524T192305429962
12     150     2.3775      0.0       0.0     0.4693      0.2    0.8       5.067   24.7   0b1111111111111111    20190524T192305430241
13     150     2.3962      0.0       0.0     2.2511      0.4    0.8       1.064   24.7   0b1111111111111111    20190524T192305430571
14     150     2.3746      0.2       0.8     0.4650      0.0    0.0       5.107   24.7   0b1111111111111111    20190524T192305430850
15     150     2.3775      0.0       0.0     2.2314      0.4    0.8       1.065   24.7   0b1111111111111111    20190524T192305431127
 0     140     2.3220      0.0       0.0     0.4582      0.2    0.8       5.067   24.7   0b1111111111111111    20190524T192308894436
 1     140     2.2973      0.2       0.8     2.1626      0.3    0.8       1.062   24.7   0b1111111111111111    20190524T192308894829
 2     140     2.3205      0.0       0.0     0.4548      0.4    0.8       5.103   24.7   0b1111111111111111    20190524T192308895139
 3     140     2.3227      0.0       0.0     2.1786      0.4    0.8       1.066   24.7   0b1111111111111111    20190524T192308895456
 4     140     2.3557      0.2       0.8     0.4636      0.4    0.8       5.081   24.7   0b1111111111111111    20190524T192308895748
 5     140     2.3227      0.0       0.0     2.1775      0.0    0.0       1.067   24.7   0b1111111111111111    20190524T192308896031
 6     140     2.3333      0.0       0.0     0.4584      0.3    0.8       5.090   24.7   0b1111111111111111    20190524T192308896313
 7     140     2.3122      0.0       0.0     2.1720      0.4    0.8       1.065   24.7   0b1111111111111111    20190524T192308896616
 8     140     2.3275      0.4       0.8     0.4558      0.0    0.0       5.106   24.7   0b1111111111111111    20190524T192308896909
 9     140     2.3317      0.0       0.0     2.1894      0.4    0.8       1.065   24.7   0b1111111111111111    20190524T192308897242
10     140     2.3498      0.0       0.0     0.4613      0.4    0.8       5.093   24.7   0b1111111111111111    20190524T192308897566
11     140     2.3271      0.3       0.8     2.1857      0.3    0.8       1.065   24.7   0b1111111111111111    20190524T192308897849
12     140     2.3281      0.2       0.8     0.4598      0.3    0.8       5.063   24.7   0b1111111111111111    20190524T192308898129
13     140     2.3460      0.0       0.0     2.2042      0.3    0.8       1.064   24.7   0b1111111111111111    20190524T192308898431
14     140     2.3257      0.0       0.0     0.4554      0.4    0.8       5.107   24.7   0b1111111111111111    20190524T192308898712
15     140     2.3280      0.0       0.0     2.1850      0.0    0.0       1.065   24.7   0b1111111111111111    20190524T192308898991
 0     130     2.2740      0.0       0.0     0.4487      0.4    0.8       5.068   24.8   0b1111111111111111    20190524T192312347176
 1     130     2.2500      0.0       0.0     2.1184      0.2    0.8       1.062   24.8   0b1111111111111111    20190524T192312347385
 2     130     2.2725      0.0       0.0     0.4450      0.0    0.0       5.107   24.8   0b1111111111111111    20190524T192312347545
 3     130     2.2748      0.0       0.0     2.1338      0.4    0.8       1.066   24.8   0b1111111111111111    20190524T192312347686
 4     130     2.3062      0.0       0.0     0.4541      0.3    0.8       5.079   24.8   0b1111111111111111    20190524T192312347823
 5     130     2.2740      0.0       0.0     2.1317      0.0    0.0       1.067   24.8   0b1111111111111111    20190524T192312347960
 6     130     2.2844      0.2       0.8     0.4489      0.4    0.8       5.089   24.8   0b1111111111111111    20190524T192312348095
 7     130     2.2640      0.4       0.8     2.1265      0.3    0.8       1.065   24.8   0b1111111111111111    20190524T192312348231
 8     130     2.2791      0.3       0.8     0.4461      0.4    0.8       5.109   24.8   0b1111111111111111    20190524T192312348365
 9     130     2.2829      0.3       0.8     2.1433      0.0    0.0       1.065   24.8   0b1111111111111111    20190524T192312348526
10     130     2.3002      0.0       0.0     0.4517      0.0    0.0       5.093   24.8   0b1111111111111111    20190524T192312348662
11     130     2.2778      0.0       0.0     2.1395      0.4    0.8       1.065   24.8   0b1111111111111111    20190524T192312348796
12     130     2.2793      0.0       0.0     0.4500      0.0    0.0       5.065   24.8   0b1111111111111111    20190524T192312348931
13     130     2.2960      0.3       0.8     2.1574      0.3    0.8       1.064   24.8   0b1111111111111111    20190524T192312349065
14     130     2.2763      0.0       0.0     0.4458      0.0    0.0       5.106   24.8   0b1111111111111111    20190524T192312349199
15     130     2.2793      0.0       0.0     2.1388      0.4    0.8       1.066   24.8   0b1111111111111111    20190524T192312349334
 0     120     2.2267      0.0       0.0     0.4392      0.2    0.8       5.069   24.8   0b1111111111111111    20190524T192315821891
 1     120     2.2030      0.3       0.8     2.0740      0.3    0.8       1.062   24.8   0b1111111111111111    20190524T192315822361
 2     120     2.2260      0.0       0.0     0.4359      0.3    0.8       5.106   24.8   0b1111111111111111    20190524T192315822696
 3     120     2.2275      0.0       0.0     2.0892      0.0    0.0       1.066   24.8   0b1111111111111111    20190524T192315822991
 4     120     2.2575      0.0       0.0     0.4442      0.0    0.0       5.083   24.8   0b1111111111111111    20190524T192315823319
 5     120     2.2254      0.3       0.8     2.0860      0.3    0.8       1.067   24.8   0b1111111111111111    20190524T192315823622
 6     120     2.2365      0.0       0.0     0.4393      0.3    0.8       5.091   24.8   0b1111111111111111    20190524T192315823906
 7     120     2.2155      0.0       0.0     2.0807      0.3    0.8       1.065   24.8   0b1111111111111111    20190524T192315824198
 8     120     2.2305      0.0       0.0     0.4367      0.0    0.0       5.108   24.8   0b1111111111111111    20190524T192315824526
 9     120     2.2335      0.0       0.0     2.0974      0.3    0.8       1.065   24.8   0b1111111111111111    20190524T192315824808
10     120     2.2504      0.4       0.8     0.4418      0.3    0.8       5.094   24.8   0b1111111111111111    20190524T192315825088
11     120     2.2290      0.0       0.0     2.0933      0.0    0.0       1.065   24.8   0b1111111111111111    20190524T192315825423
12     120     2.2305      0.0       0.0     0.4402      0.3    0.8       5.067   24.8   0b1111111111111111    20190524T192315825706
13     120     2.2472      0.3       0.8     2.1117      0.0    0.0       1.064   24.8   0b1111111111111111    20190524T192315825984
14     120     2.2276      0.2       0.8     0.4359      0.3    0.8       5.110   24.8   0b1111111111111111    20190524T192315826281
15     120     2.2290      0.0       0.0     2.0919      0.4    0.8       1.066   24.8   0b1111111111111111    20190524T192315826590
 0     110     2.1813      0.4       0.8     0.4300      0.0    0.0       5.073   24.8   0b1111111111111111    20190524T192319275937
 1     110     2.1581      0.4       0.8     2.0317      0.0    0.0       1.062   24.8   0b1111111111111111    20190524T192319276351
 2     110     2.1809      0.2       0.8     0.4268      0.3    0.8       5.110   24.8   0b1111111111111111    20190524T192319276704
 3     110     2.1818      0.2       0.8     2.0467      0.0    0.0       1.066   24.8   0b1111111111111111    20190524T192319277005
 4     110     2.2110      0.0       0.0     0.4350      0.0    0.0       5.083   24.8   0b1111111111111111    20190524T192319277293
 5     110     2.1795      0.0       0.0     2.0425      0.0    0.0       1.067   24.8   0b1111111111111111    20190524T192319277584
 6     110     2.1900      0.0       0.0     0.4301      0.3    0.8       5.092   24.8   0b1111111111111111    20190524T192319277724
 7     110     2.1693      0.4       0.7     2.0375      0.0    0.0       1.065   24.8   0b1111111111111111    20190524T192319277863
 8     110     2.1846      0.3       0.8     0.4274      0.2    0.8       5.111   24.8   0b1111111111111111    20190524T192319278000
 9     110     2.1870      0.0       0.0     2.0533      0.0    0.0       1.065   24.8   0b1111111111111111    20190524T192319278135
10     110     2.2035      0.0       0.0     0.4325      0.0    0.0       5.095   24.8   0b1111111111111111    20190524T192319278271
11     110     2.1825      0.0       0.0     2.0497      0.4    0.8       1.065   24.8   0b1111111111111111    20190524T192319278419
12     110     2.1840      0.0       0.0     0.4310      0.3    0.8       5.067   24.8   0b1111111111111111    20190524T192319278555
13     110     2.1998      0.0       0.0     2.0670      0.4    0.8       1.064   24.8   0b1111111111111111    20190524T192319278691
14     110     2.1810      0.0       0.0     0.4268      0.2    0.8       5.111   24.8   0b1111111111111111    20190524T192319278847
15     110     2.1825      0.0       0.0     2.0483      0.0    0.0       1.066   24.8   0b1111111111111111    20190524T192319278985
 0     100     2.1337      0.0       0.0     0.4208      0.0    0.0       5.070   24.9   0b1111111111111111    20190524T192322761401
 1     100     2.1110      0.3       0.8     1.9868      0.3    0.8       1.063   24.9   0b1111111111111111    20190524T192322761797
 2     100     2.1337      0.2       0.8     0.4176      0.2    0.8       5.110   24.9   0b1111111111111111    20190524T192322762092
 3     100     2.1345      0.0       0.0     2.0017      0.0    0.0       1.066   24.9   0b1111111111111111    20190524T192322762436
 4     100     2.1622      0.2       0.8     0.4251      0.2    0.8       5.086   24.9   0b1111111111111111    20190524T192322762726
 5     100     2.1313      0.3       0.8     1.9974      0.2    0.8       1.067   24.9   0b1111111111111111    20190524T192322763010
 6     100     2.1420      0.0       0.0     0.4208      0.2    0.8       5.091   24.9   0b1111111111111111    20190524T192322763355
 7     100     2.1217      0.0       0.0     1.9924      0.2    0.8       1.065   24.9   0b1111111111111111    20190524T192322763641
 8     100     2.1363      0.4       0.8     0.4182      0.3    0.8       5.109   24.9   0b1111111111111111    20190524T192322763922
 9     100     2.1390      0.0       0.0     2.0080      0.4    0.8       1.065   24.9   0b1111111111111111    20190524T192322764202
10     100     2.1547      0.0       0.0     0.4231      0.4    0.8       5.093   24.9   0b1111111111111111    20190524T192322764524
11     100     2.1345      0.0       0.0     2.0040      0.3    0.8       1.065   24.9   0b1111111111111111    20190524T192322764805
12     100     2.1352      0.0       0.0     0.4217      0.0    0.0       5.064   24.9   0b1111111111111111    20190524T192322765083
13     100     2.1503      0.0       0.0     2.0202      0.3    0.8       1.064   24.9   0b1111111111111111    20190524T192322765417
14     100     2.1323      0.2       0.8     0.4175      0.0    0.0       5.107   24.9   0b1111111111111111    20190524T192322765699
15     100     2.1337      0.0       0.0     2.0025      0.0    0.0       1.066   24.9   0b1111111111111111    20190524T192322765977
 0      90     2.0865      0.0       0.0     0.4116      0.2    0.8       5.069   24.9   0b1111111111111111    20190524T192326258730
 1      90     2.0640      0.0       0.0     1.9426      0.2    0.8       1.063   24.9   0b1111111111111111    20190524T192326259128
 2      90     2.0858      0.0       0.0     0.4083      0.3    0.8       5.109   24.9   0b1111111111111111    20190524T192326259427
 3      90     2.0873      0.0       0.0     1.9577      0.3    0.8       1.066   24.9   0b1111111111111111    20190524T192326259786
 4      90     2.1127      0.0       0.0     0.4154      0.4    0.8       5.086   24.9   0b1111111111111111    20190524T192326260082
 5      90     2.0835      0.0       0.0     1.9518      0.2    0.8       1.068   24.9   0b1111111111111111    20190524T192326260367
 6      90     2.0936      0.4       0.8     0.4109      0.2    0.8       5.095   24.9   0b1111111111111111    20190524T192326260704
 7      90     2.0730      0.0       0.0     1.9466      0.2    0.8       1.065   24.9   0b1111111111111111    20190524T192326260990
 8      90     2.0880      0.0       0.0     0.4083      0.0    0.0       5.113   24.9   0b1111111111111111    20190524T192326261272
 9      90     2.0910      0.0       0.0     1.9625      0.0    0.0       1.065   24.9   0b1111111111111111    20190524T192326261608
10      90     2.1067      0.0       0.0     0.4134      0.3    0.8       5.096   24.9   0b1111111111111111    20190524T192326261892
11      90     2.0870      0.3       0.8     1.9592      0.0    0.0       1.065   24.9   0b1111111111111111    20190524T192326262171
12      90     2.0867      0.3       0.8     0.4117      0.0    0.0       5.069   24.9   0b1111111111111111    20190524T192326262460
13      90     2.1029      0.3       0.8     1.9752      0.3    0.8       1.065   24.9   0b1111111111111111    20190524T192326262788
14      90     2.0849      0.2       0.8     0.4078      0.4    0.8       5.112   24.9   0b1111111111111111    20190524T192326263068
15      90     2.0858      0.0       0.0     1.9574      0.3    0.8       1.066   24.9   0b1111111111111111    20190524T192326263345
 0      80     2.0377      0.0       0.0     0.4018      0.3    0.8       5.072   25.0   0b1111111111111111    20190524T192329735552
 1      80     2.0153      0.0       0.0     1.8967      0.0    0.0       1.063   25.0   0b1111111111111111    20190524T192329735978
 2      80     2.0363      0.2       0.8     0.3983      0.0    0.0       5.112   25.0   0b1111111111111111    20190524T192329736293
 3      80     2.0386      0.2       0.8     1.9118      0.3    0.8       1.066   25.0   0b1111111111111111    20190524T192329736588
 4      80     2.0640      0.0       0.0     0.4058      0.0    0.0       5.086   25.0   0b1111111111111111    20190524T192329736902
 5      80     2.0349      0.3       0.8     1.9067      0.0    0.0       1.067   25.0   0b1111111111111111    20190524T192329737201
 6      80     2.0452      0.0       0.0     0.4014      0.4    0.8       5.095   25.0   0b1111111111111111    20190524T192329737485
 7      80     2.0244      0.3       0.8     1.9010      0.3    0.8       1.065   25.0   0b1111111111111111    20190524T192329737782
 8      80     2.0400      0.0       0.0     0.3989      0.4    0.8       5.114   25.0   0b1111111111111111    20190524T192329738064
 9      80     2.0422      0.0       0.0     1.9170      0.4    0.8       1.065   25.0   0b1111111111111111    20190524T192329738399
10      80     2.0580      0.0       0.0     0.4037      0.4    0.8       5.097   25.0   0b1111111111111111    20190524T192329738720
11      80     2.0385      0.0       0.0     1.9133      0.0    0.0       1.065   25.0   0b1111111111111111    20190524T192329739119
12      80     2.0385      0.0       0.0     0.4022      0.4    0.8       5.069   25.0   0b1111111111111111    20190524T192329739409
13      80     2.0535      0.0       0.0     1.9292      0.0    0.0       1.064   25.0   0b1111111111111111    20190524T192329739803
14      80     2.0362      0.0       0.0     0.3983      0.0    0.0       5.112   25.0   0b1111111111111111    20190524T192329740153
15      80     2.0370      0.0       0.0     1.9117      0.0    0.0       1.066   25.0   0b1111111111111111    20190524T192329740472
 0      70     1.9883      0.0       0.0     0.3917      0.0    0.0       5.076   25.0   0b1111111111111111    20190524T192333224901
 1      70     1.9657      0.0       0.0     1.8499      0.2    0.8       1.063   25.0   0b1111111111111111    20190524T192333225301
 2      70     1.9868      0.0       0.0     0.3888      0.4    0.8       5.111   25.0   0b1111111111111111    20190524T192333225696
 3      70     1.9898      0.0       0.0     1.8658      0.0    0.0       1.066   25.0   0b1111111111111111    20190524T192333225999
 4      70     2.0168      0.0       0.0     0.3967      0.0    0.0       5.084   25.0   0b1111111111111111    20190524T192333226286
 5      70     1.9883      0.0       0.0     1.8626      0.2    0.8       1.067   25.0   0b1111111111111111    20190524T192333226624
 6      70     1.9981      0.2       0.8     0.3921      0.4    0.8       5.096   25.0   0b1111111111111111    20190524T192333226912
 7      70     1.9777      0.0       0.0     1.8570      0.4    0.8       1.065   25.0   0b1111111111111111    20190524T192333227255
 8      70     1.9934      0.3       0.8     0.3899      0.2    0.8       5.112   25.0   0b1111111111111111    20190524T192333227575
 9      70     1.9957      0.0       0.0     1.8733      0.0    0.0       1.065   25.0   0b1111111111111111    20190524T192333227716
10      70     2.0108      0.0       0.0     0.3942      0.2    0.8       5.100   25.0   0b1111111111111111    20190524T192333227853
11      70     1.9913      0.0       0.0     1.8692      0.0    0.0       1.065   25.0   0b1111111111111111    20190524T192333227989
12      70     1.9913      0.0       0.0     0.3925      0.0    0.0       5.073   25.0   0b1111111111111111    20190524T192333228124
13      70     2.0056      0.2       0.8     1.8842      0.0    0.0       1.064   25.0   0b1111111111111111    20190524T192333228260
14      70     1.9884      0.3       0.8     0.3891      0.2    0.8       5.110   25.0   0b1111111111111111    20190524T192333228417
15      70     1.9902      0.4       0.8     1.8675      0.0    0.0       1.066   25.0   0b1111111111111111    20190524T192333228561
 0      60     1.9365      0.0       0.0     0.3816      0.2    0.8       5.075   25.0   0b1111111111111111    20190524T192336680617
 1      60     1.9155      0.0       0.0     1.8026      0.3    0.8       1.063   25.0   0b1111111111111111    20190524T192336681047
 2      60     1.9356      0.3       0.8     0.3784      0.2    0.8       5.115   25.0   0b1111111111111111    20190524T192336681350
 3      60     1.9380      0.0       0.0     1.8175      0.0    0.0       1.066   25.0   0b1111111111111111    20190524T192336681713
 4      60     1.9665      0.0       0.0     0.3866      0.2    0.8       5.087   25.0   0b1111111111111111    20190524T192336682016
 5      60     1.9388      0.0       0.0     1.8163      0.4    0.8       1.067   25.0   0b1111111111111111    20190524T192336682301
 6      60     1.9477      0.0       0.0     0.3822      0.4    0.8       5.097   25.0   0b1111111111111111    20190524T192336682626
 7      60     1.9282      0.0       0.0     1.8102      0.4    0.8       1.065   25.0   0b1111111111111111    20190524T192336682911
 8      60     1.9424      0.3       0.8     0.3795      0.4    0.8       5.118   25.0   0b1111111111111111    20190524T192336683240
 9      60     1.9453      0.3       0.8     1.8258      0.0    0.0       1.065   25.0   0b1111111111111111    20190524T192336683578
10      60     1.9605      0.0       0.0     0.3843      0.3    0.8       5.101   25.0   0b1111111111111111    20190524T192336683867
11      60     1.9410      0.0       0.0     1.8217      0.0    0.0       1.066   25.0   0b1111111111111111    20190524T192336684182
12      60     1.9404      0.3       0.8     0.3827      0.3    0.8       5.071   25.0   0b1111111111111111    20190524T192336684534
13      60     1.9567      0.0       0.0     1.8378      0.4    0.8       1.065   25.0   0b1111111111111111    20190524T192336684821
14      60     1.9387      0.2       0.8     0.3792      0.0    0.0       5.113   25.0   0b1111111111111111    20190524T192336685100
15      60     1.9395      0.0       0.0     1.8202      0.3    0.8       1.066   25.0   0b1111111111111111    20190524T192336685378
 0      50     1.8847      0.0       0.0     0.3714      0.4    0.8       5.074   25.1   0b1111111111111111    20190524T192340140588
 1      50     1.8638      0.0       0.0     1.7533      0.0    0.0       1.063   25.1   0b1111111111111111    20190524T192340141013
 2      50     1.8825      0.0       0.0     0.3683      0.0    0.0       5.111   25.1   0b1111111111111111    20190524T192340141427
 3      50     1.8861      0.3       0.8     1.7683      0.0    0.0       1.067   25.1   0b1111111111111111    20190524T192340141749
 4      50     1.9154      0.2       0.8     0.3762      0.4    0.8       5.091   25.1   0b1111111111111111    20190524T192340142038
 5      50     1.8870      0.0       0.0     1.7680      0.4    0.8       1.067   25.1   0b1111111111111111    20190524T192340142321
 6      50     1.8960      0.0       0.0     0.3717      0.0    0.0       5.101   25.1   0b1111111111111111    20190524T192340142650
 7      50     1.8769      0.4       0.8     1.7623      0.3    0.8       1.065   25.1   0b1111111111111111    20190524T192340142985
 8      50     1.8908      0.0       0.0     0.3695      0.4    0.8       5.117   25.1   0b1111111111111111    20190524T192340143272
 9      50     1.8938      0.0       0.0     1.7773      0.3    0.8       1.066   25.1   0b1111111111111111    20190524T192340143612
10      50     1.9082      0.3       0.7     0.3742      0.0    0.0       5.100   25.1   0b1111111111111111    20190524T192340143899
11      50     1.8896      0.4       0.7     1.7733      0.3    0.8       1.066   25.1   0b1111111111111111    20190524T192340144196
12      50     1.8893      0.0       0.0     0.3724      0.2    0.8       5.073   25.1   0b1111111111111111    20190524T192340144606
13      50     1.9050      0.0       0.0     1.7892      0.0    0.0       1.065   25.1   0b1111111111111111    20190524T192340144895
14      50     1.8865      0.3       0.8     0.3689      0.4    0.8       5.114   25.1   0b1111111111111111    20190524T192340145173
15      50     1.8885      0.0       0.0     1.7723      0.3    0.8       1.066   25.1   0b1111111111111111    20190524T192340145567
 0      40     1.8316      0.2       0.7     0.3608      0.0    0.0       5.076   25.1   0b1111111111111111    20190524T192343605354
 1      40     1.8126      0.3       0.8     1.7055      0.4    0.8       1.063   25.1   0b1111111111111111    20190524T192343605761
 2      40     1.8310      0.4       0.8     0.3581      0.4    0.8       5.113   25.1   0b1111111111111111    20190524T192343606075
 3      40     1.8334      0.4       0.7     1.7192      0.0    0.0       1.066   25.1   0b1111111111111111    20190524T192343606387
 4      40     1.8620      0.3       0.8     0.3658      0.0    0.0       5.090   25.1   0b1111111111111111    20190524T192343606674
 5      40     1.8345      0.0       0.0     1.7184      0.2    0.8       1.068   25.1   0b1111111111111111    20190524T192343606956
 6      40     1.8435      0.0       0.0     0.3613      0.4    0.8       5.102   25.1   0b1111111111111111    20190524T192343607235
 7      40     1.8240      0.0       0.0     1.7124      0.3    0.8       1.065   25.1   0b1111111111111111    20190524T192343607541
 8      40     1.8376      0.2       0.8     0.3592      0.0    0.0       5.116   25.1   0b1111111111111111    20190524T192343607820
 9      40     1.8413      0.0       0.0     1.7282      0.3    0.8       1.065   25.1   0b1111111111111111    20190524T192343608099
10      40     1.8553      0.3       0.8     0.3634      0.3    0.8       5.105   25.1   0b1111111111111111    20190524T192343608397
11      40     1.8367      0.0       0.0     1.7233      0.0    0.0       1.066   25.1   0b1111111111111111    20190524T192343608677
12      40     1.8360      0.0       0.0     0.3620      0.4    0.8       5.072   25.1   0b1111111111111111    20190524T192343608953
13      40     1.8518      0.0       0.0     1.7392      0.0    0.0       1.065   25.1   0b1111111111111111    20190524T192343609228
14      40     1.8337      0.0       0.0     0.3583      0.0    0.0       5.117   25.1   0b1111111111111111    20190524T192343609530
15      40     1.8352      0.0       0.0     1.7224      0.3    0.8       1.066   25.1   0b1111111111111111    20190524T192343609808
 0      30     1.7812      0.0       0.0     0.3508      0.0    0.0       5.077   25.1   0b1111111111111111    20190524T192347090477
 1      30     1.7617      0.0       0.0     1.6578      0.4    0.8       1.063   25.1   0b1111111111111111    20190524T192347090874
 2      30     1.7797      0.0       0.0     0.3477      0.3    0.8       5.119   25.1   0b1111111111111111    20190524T192347091198
 3      30     1.7828      0.2       0.8     1.6718      0.2    0.8       1.066   25.1   0b1111111111111111    20190524T192347091509
 4      30     1.8096      0.3       0.8     0.3552      0.3    0.8       5.095   25.1   0b1111111111111111    20190524T192347091795
 5      30     1.7820      0.0       0.0     1.6694      0.4    0.8       1.067   25.1   0b1111111111111111    20190524T192347092077
 6      30     1.7917      0.0       0.0     0.3511      0.4    0.8       5.103   25.1   0b1111111111111111    20190524T192347092380
 7      30     1.7723      0.2       0.8     1.6642      0.0    0.0       1.065   25.1   0b1111111111111111    20190524T192347092663
 8      30     1.7868      0.4       0.8     0.3490      0.3    0.8       5.120   25.1   0b1111111111111111    20190524T192347092941
 9      30     1.7880      0.0       0.0     1.6783      0.0    0.0       1.065   25.1   0b1111111111111111    20190524T192347093219
10      30     1.8019      0.4       0.8     0.3533      0.0    0.0       5.100   25.1   0b1111111111111111    20190524T192347093520
11      30     1.7850      0.0       0.0     1.6748      0.3    0.8       1.066   25.1   0b1111111111111111    20190524T192347093798
12      30     1.7835      0.0       0.0     0.3517      0.0    0.0       5.072   25.1   0b1111111111111111    20190524T192347094180
13      30     1.7993      0.0       0.0     1.6900      0.0    0.0       1.065   25.1   0b1111111111111111    20190524T192347094726
14      30     1.7819      0.2       0.8     0.3482      0.3    0.8       5.118   25.1   0b1111111111111111    20190524T192347095315
15      30     1.7828      0.0       0.0     1.6727      0.3    0.8       1.066   25.1   0b1111111111111111    20190524T192347095694
 0      20     1.7310      0.0       0.0     0.3408      0.0    0.0       5.079   25.1   0b1111111111111111    20190524T192350566682
 1      20     1.7115      0.0       0.0     1.6100      0.0    0.0       1.063   25.1   0b1111111111111111    20190524T192350567113
 2      20     1.7288      0.0       0.0     0.3378      0.4    0.8       5.118   25.1   0b1111111111111111    20190524T192350567469
 3      20     1.7319      0.3       0.8     1.6242      0.0    0.0       1.066   25.1   0b1111111111111111    20190524T192350567662
 4      20     1.7566      0.2       0.7     0.3450      0.0    0.0       5.092   25.1   0b1111111111111111    20190524T192350567808
 5      20     1.7303      0.0       0.0     1.6208      0.0    0.0       1.068   25.1   0b1111111111111111    20190524T192350567949
 6      20     1.7393      0.0       0.0     0.3408      0.0    0.0       5.103   25.1   0b1111111111111111    20190524T192350568089
 7      20     1.7212      0.2       0.7     1.6157      0.3    0.8       1.065   25.1   0b1111111111111111    20190524T192350568228
 8      20     1.7349      0.3       0.8     0.3389      0.4    0.8       5.119   25.1   0b1111111111111111    20190524T192350568367
 9      20     1.7355      0.0       0.0     1.6291      0.3    0.8       1.065   25.1   0b1111111111111111    20190524T192350568518
10      20     1.7490      0.0       0.0     0.3428      0.4    0.8       5.102   25.1   0b1111111111111111    20190524T192350568655
11      20     1.7327      0.3       0.7     1.6258      0.0    0.0       1.066   25.1   0b1111111111111111    20190524T192350568790
12      20     1.7315      0.3       0.7     0.3412      0.4    0.8       5.074   25.1   0b1111111111111111    20190524T192350568927
13      20     1.7464      0.4       0.8     1.6400      0.0    0.0       1.065   25.1   0b1111111111111111    20190524T192350569062
14      20     1.7295      0.0       0.0     0.3379      0.4    0.8       5.118   25.1   0b1111111111111111    20190524T192350569198
15      20     1.7303      0.0       0.0     1.6237      0.4    0.8       1.066   25.1   0b1111111111111111    20190524T192350569350
 0      10     1.6800      0.0       0.0     0.3307      0.2    0.8       5.079   25.2   0b1111111111111111    20190524T192354012980
 1      10     1.6613      0.0       0.0     1.5633      0.0    0.0       1.063   25.2   0b1111111111111111    20190524T192354013372
 2      10     1.6785      0.0       0.0     0.3277      0.3    0.8       5.123   25.2   0b1111111111111111    20190524T192354013719
 3      10     1.6815      0.0       0.0     1.5767      0.0    0.0       1.066   25.2   0b1111111111111111    20190524T192354014012
 4      10     1.7041      0.2       0.8     0.3342      0.0    0.0       5.099   25.2   0b1111111111111111    20190524T192354014298
 5      10     1.6785      0.0       0.0     1.5720      0.4    0.8       1.068   25.2   0b1111111111111111    20190524T192354014604
 6      10     1.6875      0.0       0.0     0.3304      0.4    0.8       5.107   25.2   0b1111111111111111    20190524T192354014887
 7      10     1.6695      0.0       0.0     1.5675      0.0    0.0       1.065   25.2   0b1111111111111111    20190524T192354015197
 8      10     1.6831      0.2       0.7     0.3284      0.2    0.8       5.125   25.2   0b1111111111111111    20190524T192354015519
 9      10     1.6837      0.0       0.0     1.5801      0.2    0.8       1.066   25.2   0b1111111111111111    20190524T192354015802
10      10     1.6965      0.0       0.0     0.3325      0.0    0.0       5.102   25.2   0b1111111111111111    20190524T192354016083
11      10     1.6808      0.0       0.0     1.5769      0.4    0.8       1.066   25.2   0b1111111111111111    20190524T192354016361
12      10     1.6793      0.2       0.8     0.3308      0.0    0.0       5.076   25.2   0b1111111111111111    20190524T192354016664
13      10     1.6935      0.0       0.0     1.5907      0.2    0.8       1.065   25.2   0b1111111111111111    20190524T192354016943
14      10     1.6778      0.0       0.0     0.3275      0.0    0.0       5.123   25.2   0b1111111111111111    20190524T192354017222
15      10     1.6785      0.0       0.0     1.5750      0.0    0.0       1.066   25.2   0b1111111111111111    20190524T192354017529
 0       0     1.6290      0.0       0.0     0.3207      0.3    0.8       5.079   25.2   0b1111111111111111    20190524T192357455694
 1       0     1.6118      0.0       0.0     1.5162      0.4    0.8       1.063   25.2   0b1111111111111111    20190524T192357456117
 2       0     1.6282      0.0       0.0     0.3182      0.3    0.8       5.118   25.2   0b1111111111111111    20190524T192357456457
 3       0     1.6305      0.0       0.0     1.5291      0.3    0.8       1.066   25.2   0b1111111111111111    20190524T192357456752
 4       0     1.6515      0.0       0.0     0.3241      0.3    0.8       5.096   25.2   0b1111111111111111    20190524T192357457037
 5       0     1.6267      0.0       0.0     1.5239      0.4    0.8       1.067   25.2   0b1111111111111111    20190524T192357457319
 6       0     1.6357      0.0       0.0     0.3200      0.0    0.0       5.112   25.2   0b1111111111111111    20190524T192357457631
 7       0     1.6182      0.4       0.8     1.5191      0.3    0.8       1.065   25.2   0b1111111111111111    20190524T192357457914
 8       0     1.6320      0.0       0.0     0.3183      0.0    0.0       5.127   25.2   0b1111111111111111    20190524T192357458250
 9       0     1.6320      0.0       0.0     1.5317      0.0    0.0       1.066   25.2   0b1111111111111111    20190524T192357458561
10       0     1.6447      0.0       0.0     0.3223      0.4    0.8       5.104   25.2   0b1111111111111111    20190524T192357458845
11       0     1.6290      0.0       0.0     1.5282      0.2    0.8       1.066   25.2   0b1111111111111111    20190524T192357459126
12       0     1.6275      0.0       0.0     0.3204      0.4    0.8       5.079   25.2   0b1111111111111111    20190524T192357459429
13       0     1.6410      0.0       0.0     1.5408      0.0    0.0       1.065   25.2   0b1111111111111111    20190524T192357459712
14       0     1.6260      0.0       0.0     0.3175      0.0    0.0       5.121   25.2   0b1111111111111111    20190524T192357459990
15       0     1.6264      0.4       0.8     1.5259      0.3    0.8       1.066   25.2   0b1111111111111111    20190524T192357460270
